10 10 2574 438 20
13 81 45.677528 9.862953 23.934421
80 78 9.140964 37.575930 36.581629
22 73 30.564612 25.187138 10.906967
85 16 29.518709 18.081067 34.216333
50 19 3.923808 0.508288 1.404659
8 50 17.659019 9.032644 10.087583
73 85 24.767474 49.077335 8.549995
71 58 42.578525 7.163853 14.926902
79 14 7.404872 12.733692 41.317165
79 82 38.885396 17.775112 0.903660
0 2 0.230785 12.041595
1 9 13.311245 4.123106
1 6 2.584607 9.899495
2 8 34.501731 82.036577
2 7 15.584650 51.244512
3 8 21.832887 6.324555
4 9 3.038448 69.354164
5 8 30.866745 79.605276
6 9 11.066401 6.708204
7 9 49.812705 25.298221
