9 11 4500 1880 20
34 60 43.849730 22.272520 45.023411
68 1 1.742327 47.072084 4.720245
84 62 19.556981 16.523602 16.961893
43 75 24.638565 36.259345 2.986520
39 61 6.325131 47.108886 24.514328
35 58 29.241628 9.027260 9.755776
36 66 28.735565 47.961728 45.364520
66 28 22.642589 49.490996 48.726533
48 43 7.693690 27.838495 37.719281
0 5 41.304249 2.236068
0 4 4.537629 5.099020
1 4 9.346571 66.640828
1 2 19.837543 63.063460
2 8 9.044960 40.706265
2 4 23.303892 45.011110
3 8 20.464752 32.388269
3 5 35.852097 18.788294
4 7 2.259766 42.638011
5 7 5.911323 43.139309
5 6 1.895015 8.062258
