10 10 4357 309 20
13 81 36.821194 0.884158 14.010490
80 78 33.780985 1.631900 7.000227
22 73 9.866546 23.660576 7.781838
85 16 31.525403 8.408508 9.763259
50 19 22.193676 20.195371 18.218960
8 50 36.907434 10.606351 40.196437
73 85 20.264417 37.455986 10.189911
71 58 22.677687 46.593697 46.602474
79 14 2.944997 33.726876 33.950813
79 82 8.970170 1.112637 15.102458
0 2 40.286432 12.041595
1 9 27.467456 4.123106
1 6 46.834521 9.899495
2 8 1.012182 82.036577
2 7 37.154176 51.244512
3 8 33.867404 6.324555
4 9 2.842141 69.354164
5 8 10.819516 79.605276
6 9 20.596238 6.708204
7 9 10.857495 25.298221
