9 11 342 542 20
34 60 29.190764 30.030521 37.941455
68 1 15.294539 49.436246 20.650739
84 62 35.663853 37.326479 2.704837
43 75 19.088357 29.735676 3.146100
39 61 41.163710 8.129158 8.392168
35 58 45.748448 3.171935 36.839882
36 66 11.918625 8.528115 6.559269
66 28 25.516866 36.724537 9.341428
48 43 38.453177 17.536803 31.530238
0 5 44.399910 2.236068
0 4 5.955311 5.099020
1 4 25.168935 66.640828
1 2 49.326087 63.063460
2 8 9.351634 40.706265
2 4 21.103016 45.011110
3 8 16.035193 32.388269
3 5 4.602171 18.788294
4 7 16.372131 42.638011
5 7 12.229754 43.139309
5 6 15.559860 8.062258
