10 10 4000 893 20
13 81 16.423547 40.117768 23.347553
80 78 1.004068 23.537268 33.465310
22 73 10.126879 43.395909 39.403870
85 16 7.251732 28.094065 6.945981
50 19 24.795034 38.401501 25.896054
8 50 10.780956 6.015885 6.046537
73 85 7.737789 3.307709 22.136537
71 58 2.542659 1.415106 31.067595
79 14 22.936674 45.072453 22.319495
79 82 23.094417 30.249282 18.513061
0 2 20.761380 12.041595
1 9 39.797376 4.123106
1 6 34.611679 9.899495
2 8 33.201118 82.036577
2 7 5.044200 51.244512
3 8 35.203264 6.324555
4 9 5.955503 69.354164
5 8 45.213816 79.605276
6 9 7.206498 6.708204
7 9 49.987636 25.298221
