10 10 3648 744 20
13 81 18.445921 22.831676 35.723014
80 78 12.109839 21.098232 4.844400
22 73 8.949420 22.615784 36.566729
85 16 29.999879 8.433950 1.403367
50 19 7.976932 12.501230 26.647816
8 50 34.540955 17.662898 27.304060
73 85 44.639440 47.699047 0.664251
71 58 31.056672 34.949507 12.285856
79 14 4.473706 3.413380 38.545446
79 82 7.238800 28.715172 10.941087
0 2 2.103884 12.041595
1 9 33.784972 4.123106
1 6 38.792572 9.899495
2 8 5.154200 82.036577
2 7 29.063584 51.244512
3 8 20.763361 6.324555
4 9 29.098135 69.354164
5 8 26.690621 79.605276
6 9 23.091982 6.708204
7 9 42.133122 25.298221
