10 10 4190 1466 20
13 81 2.267747 35.071436 31.062818
80 78 19.117607 20.501288 0.349277
22 73 32.311417 5.897120 1.316640
85 16 11.583488 33.825004 8.709293
50 19 34.600146 29.362349 11.793391
8 50 5.767596 26.192813 1.433878
73 85 15.842503 37.344213 47.220031
71 58 30.106334 41.696284 48.123520
79 14 33.693463 20.290961 13.260464
79 82 18.961360 33.748146 43.889643
0 2 3.810551 12.041595
1 9 36.175563 4.123106
1 6 9.918570 9.899495
2 8 7.107214 82.036577
2 7 45.635620 51.244512
3 8 20.682344 6.324555
4 9 43.782372 69.354164
5 8 36.386339 79.605276
6 9 3.350880 6.708204
7 9 18.972826 25.298221
