10 10 2702 588 20
13 81 7.988419 14.819826 27.948678
80 78 31.805386 37.477279 28.203050
22 73 36.406678 21.458441 33.942922
85 16 39.435969 14.725789 0.401627
50 19 1.616281 33.153718 13.135294
8 50 16.472562 15.758911 40.624508
73 85 45.979344 15.093103 12.310515
71 58 44.876157 40.312779 44.689401
79 14 43.565025 48.490696 45.589289
79 82 14.235214 35.857982 15.172752
0 2 29.510913 12.041595
1 9 34.191899 4.123106
1 6 14.700464 9.899495
2 8 30.749078 82.036577
2 7 4.913689 51.244512
3 8 12.509479 6.324555
4 9 8.560063 69.354164
5 8 7.897609 79.605276
6 9 43.266185 6.708204
7 9 8.183787 25.298221
