10 10 3162 380 20
13 81 47.932161 43.872029 4.180788
80 78 41.180664 9.259763 34.218583
22 73 44.774233 18.693301 44.125387
85 16 28.954545 15.982900 29.841082
50 19 3.765046 44.985344 41.286716
8 50 26.642609 20.575003 4.278993
73 85 0.217100 18.283950 45.020710
71 58 13.582522 18.116900 17.869269
79 14 20.705818 23.310974 36.032185
79 82 48.983942 4.619885 44.480134
0 2 47.655029 12.041595
1 9 31.510072 4.123106
1 6 3.436814 9.899495
2 8 27.808251 82.036577
2 7 41.154157 51.244512
3 8 4.904299 6.324555
4 9 9.454736 69.354164
5 8 30.427868 79.605276
6 9 37.190578 6.708204
7 9 25.321510 25.298221
