10 10 3243 728 20
13 81 47.854528 35.505691 4.018024
80 78 16.416846 26.729723 39.059597
22 73 4.133917 12.444658 35.128930
85 16 43.505770 38.793701 23.980442
50 19 42.573145 29.000141 26.622795
8 50 21.355042 26.275157 7.879240
73 85 43.988900 40.259059 44.386171
71 58 36.880842 39.046971 17.985679
79 14 23.770663 47.339187 0.798294
79 82 49.609076 46.981332 28.675519
0 2 18.269850 12.041595
1 9 29.053331 4.123106
1 6 30.451213 9.899495
2 8 48.349290 82.036577
2 7 14.773426 51.244512
3 8 45.823805 6.324555
4 9 13.029409 69.354164
5 8 8.853091 79.605276
6 9 3.913869 6.708204
7 9 9.389811 25.298221
