9 11 4523 1378 20
34 60 6.011428 3.000479 26.007634
68 1 23.348021 28.589293 10.124950
84 62 14.064883 44.484365 21.770049
43 75 0.633349 12.731885 38.239260
39 61 33.248747 44.168736 14.692289
35 58 11.134691 33.413174 20.379617
36 66 24.550708 1.591297 29.222640
66 28 39.294196 47.188940 14.840996
48 43 30.332003 29.748066 28.993379
0 5 13.635116 2.236068
0 4 12.548150 5.099020
1 4 4.746068 66.640828
1 2 42.378511 63.063460
2 8 27.241844 40.706265
2 4 9.250568 45.011110
3 8 28.140106 32.388269
3 5 3.320236 18.788294
4 7 11.803345 42.638011
5 7 1.464904 43.139309
5 6 25.490235 8.062258
