9 11 4809 552 20
34 60 6.988709 28.100597 17.228006
68 1 47.095587 24.386186 21.636888
84 62 35.021480 47.890502 17.336068
43 75 34.906022 20.408206 49.413015
39 61 27.796309 40.991544 7.544424
35 58 14.290545 15.083616 6.198624
36 66 38.962724 0.308178 42.100398
66 28 23.264361 41.756808 39.590939
48 43 17.639129 7.751653 6.381101
0 5 5.397288 2.236068
0 4 21.094720 5.099020
1 4 21.574101 66.640828
1 2 0.412310 63.063460
2 8 44.791920 40.706265
2 4 6.483315 45.011110
3 8 20.703478 32.388269
3 5 21.874105 18.788294
4 7 12.192711 42.638011
5 7 19.919856 43.139309
5 6 45.696213 8.062258
