9 11 4714 292 20
34 60 47.820342 17.811531 47.818738
68 1 47.078518 10.669122 0.339116
84 62 7.789344 17.027510 10.593096
43 75 10.251520 43.444700 48.095404
39 61 31.210166 12.356103 20.065109
35 58 48.746776 30.269465 39.605527
36 66 37.800861 27.585490 1.696472
66 28 5.657223 40.761799 33.029215
48 43 45.351591 16.283098 28.090288
0 5 36.882891 2.236068
0 4 19.499975 5.099020
1 4 43.287933 66.640828
1 2 29.478915 63.063460
2 8 20.295911 40.706265
2 4 22.265298 45.011110
3 8 5.506185 32.388269
3 5 28.595789 18.788294
4 7 27.561185 42.638011
5 7 14.336716 43.139309
5 6 13.759168 8.062258
