10 10 447 716 20
13 81 20.217814 15.351905 45.474285
80 78 32.303215 19.547885 40.715144
22 73 13.491545 19.831852 20.596594
85 16 33.664644 13.534335 26.264638
50 19 32.628679 34.591128 25.392100
8 50 47.580363 5.946485 28.897781
73 85 26.740063 35.473817 36.332353
71 58 5.162377 37.262187 29.720198
79 14 26.856786 9.622914 2.104634
79 82 11.092961 26.095354 4.422404
0 2 9.130971 12.041595
1 9 10.521662 4.123106
1 6 23.534379 9.899495
2 8 1.510658 82.036577
2 7 32.898532 51.244512
3 8 11.152500 6.324555
4 9 35.254454 69.354164
5 8 22.800537 79.605276
6 9 1.923580 6.708204
7 9 36.333303 25.298221
