9 11 5689 350 20
34 60 22.785192 41.241712 48.540102
68 1 19.158941 45.467346 42.906944
84 62 8.561643 33.014352 31.447748
43 75 31.826138 0.925867 25.499335
39 61 10.834759 16.619900 14.383803
35 58 44.939212 48.225745 21.608878
36 66 46.731244 24.543784 2.479820
66 28 45.048023 8.164705 48.178729
48 43 4.738422 7.140073 15.844137
0 5 30.759871 2.236068
0 4 45.277809 5.099020
1 4 33.979695 66.640828
1 2 16.837618 63.063460
2 8 33.432375 40.706265
2 4 12.699399 45.011110
3 8 34.261355 32.388269
3 5 39.175832 18.788294
4 7 5.518922 42.638011
5 7 6.378334 43.139309
5 6 17.959195 8.062258
