9 11 5620 2066 20
34 60 29.381478 34.011045 16.229081
68 1 46.851559 21.049625 49.086831
84 62 44.856774 1.060791 19.336610
43 75 39.915565 35.170290 23.224196
39 61 11.834534 14.202334 12.925815
35 58 15.046589 45.417279 6.728699
36 66 6.595975 22.182390 15.277247
66 28 13.060262 29.896237 8.689804
48 43 1.012740 13.264691 26.046302
0 5 12.743624 2.236068
0 4 49.958052 5.099020
1 4 8.776916 66.640828
1 2 18.427194 63.063460
2 8 28.864508 40.706265
2 4 46.324820 45.011110
3 8 20.711634 32.388269
3 5 0.861316 18.788294
4 7 44.468100 42.638011
5 7 9.962940 43.139309
5 6 7.883939 8.062258
