9 11 5172 331 20
34 60 33.940767 28.088510 46.464384
68 1 5.595042 48.520693 34.901508
84 62 8.837281 43.585385 45.183175
43 75 6.998545 39.204257 3.348489
39 61 41.568168 31.915607 28.426444
35 58 0.191252 40.898668 10.126334
36 66 16.708517 31.027558 14.789594
66 28 30.266059 11.941764 5.334361
48 43 20.023792 40.826689 28.722110
0 5 47.183304 2.236068
0 4 21.749342 5.099020
1 4 25.888113 66.640828
1 2 33.678166 63.063460
2 8 37.522536 40.706265
2 4 25.300969 45.011110
3 8 37.732841 32.388269
3 5 18.728927 18.788294
4 7 23.892492 42.638011
5 7 14.991170 43.139309
5 6 37.193494 8.062258
