9 11 6162 3243 20
34 60 26.064771 5.004744 25.010127
68 1 10.496714 21.300214 27.722067
84 62 44.709640 33.717493 28.819089
43 75 33.317851 37.515424 49.518305
39 61 43.543907 14.117672 20.525371
35 58 17.734971 32.303752 41.623205
36 66 1.965721 45.340026 42.321687
66 28 27.194891 29.145155 29.147253
48 43 6.831003 42.589203 26.812146
0 5 1.149245 2.236068
0 4 29.930748 5.099020
1 4 45.054298 66.640828
1 2 19.731273 63.063460
2 8 20.282392 40.706265
2 4 41.061444 45.011110
3 8 8.261565 32.388269
3 5 35.859395 18.788294
4 7 15.517489 42.638011
5 7 40.648505 43.139309
5 6 24.482819 8.062258
