10 10 5344 1321 20
13 81 26.846386 5.242197 42.065201
80 78 27.607552 47.894480 18.050786
22 73 45.694073 33.356677 38.988998
85 16 27.499464 45.728130 25.150868
50 19 24.463478 40.415816 8.900671
8 50 49.679852 19.578976 37.144381
73 85 0.046845 28.186420 2.110620
71 58 36.964365 2.369562 4.910801
79 14 18.690337 20.875214 34.854094
79 82 2.670427 5.674410 44.663736
0 2 41.692679 12.041595
1 9 47.133748 4.123106
1 6 33.051570 9.899495
2 8 39.287957 82.036577
2 7 7.358574 51.244512
3 8 9.483026 6.324555
4 9 14.197632 69.354164
5 8 39.008642 79.605276
6 9 5.601519 6.708204
7 9 35.857324 25.298221
