9 11 7400 370 20
34 60 9.156944 12.351483 24.787246
68 1 37.798724 23.665314 33.389899
84 62 49.639290 17.697300 19.749431
43 75 24.956243 5.754735 26.258173
39 61 28.074943 49.359023 14.706977
35 58 38.180854 45.657134 29.146090
36 66 34.062350 39.441207 0.693707
66 28 38.542908 35.808000 9.064673
48 43 47.570207 5.358870 3.167341
0 5 42.591681 2.236068
0 4 37.868752 5.099020
1 4 8.527373 66.640828
1 2 1.740572 63.063460
2 8 43.811340 40.706265
2 4 20.267106 45.011110
3 8 48.169465 32.388269
3 5 12.148015 18.788294
4 7 42.747703 42.638011
5 7 36.659646 43.139309
5 6 24.406144 8.062258
