9 11 7175 648 20
34 60 10.191646 45.732450 45.713628
68 1 29.243373 3.026019 47.960643
84 62 41.445899 18.571938 23.546783
43 75 0.957571 47.049996 45.719856
39 61 16.604191 27.808383 34.160435
35 58 6.912791 16.754676 7.437437
36 66 41.300528 20.096567 16.038125
66 28 13.283522 15.427790 14.474249
48 43 7.139281 24.892092 3.114760
0 5 33.186641 2.236068
0 4 36.673686 5.099020
1 4 41.839307 66.640828
1 2 5.320638 63.063460
2 8 17.174527 40.706265
2 4 31.721408 45.011110
3 8 34.814021 32.388269
3 5 39.606111 18.788294
4 7 11.641259 42.638011
5 7 2.980358 43.139309
5 6 14.484245 8.062258
