9 11 7225 936 20
34 60 43.650673 15.471602 30.687791
68 1 19.104101 37.950297 48.907720
84 62 31.001414 13.619518 32.173365
43 75 19.802934 37.208534 9.112562
39 61 44.123597 31.245403 0.062776
35 58 1.073569 15.004143 22.338612
36 66 41.853315 18.813445 8.743052
66 28 4.353436 33.388512 11.016870
48 43 43.812631 12.942989 18.312138
0 5 45.579289 2.236068
0 4 49.089715 5.099020
1 4 39.970885 66.640828
1 2 6.069547 63.063460
2 8 27.618187 40.706265
2 4 49.152616 45.011110
3 8 9.513578 32.388269
3 5 21.007810 18.788294
4 7 24.994160 42.638011
5 7 16.991435 43.139309
5 6 12.638791 8.062258
