10 10 5655 1385 20
13 81 17.592355 31.334802 30.579989
80 78 10.019293 20.702852 4.649767
22 73 48.889315 10.108225 48.561159
85 16 29.393256 12.588410 11.076387
50 19 46.652605 11.418094 29.114979
8 50 38.887499 39.901461 46.375613
73 85 3.837367 48.136963 36.016339
71 58 43.661068 24.644599 10.614886
79 14 49.246187 2.658361 6.586625
79 82 30.254891 27.781744 1.260284
0 2 34.267960 12.041595
1 9 33.132634 4.123106
1 6 43.236006 9.899495
2 8 21.840427 82.036577
2 7 10.149386 51.244512
3 8 12.625989 6.324555
4 9 10.506077 69.354164
5 8 14.287690 79.605276
6 9 23.079766 6.708204
7 9 28.924379 25.298221
