9 11 7925 968 20
34 60 25.766178 1.498352 45.574104
68 1 27.477519 36.715057 16.382007
84 62 43.845849 34.930496 42.963735
43 75 13.143144 7.906056 41.694719
39 61 26.310049 0.594537 25.065186
35 58 10.425791 35.745378 44.903163
36 66 29.585068 28.122219 7.729464
66 28 32.053266 35.166100 12.233480
48 43 26.068694 32.299208 12.278077
0 5 18.605504 2.236068
0 4 2.917954 5.099020
1 4 15.258515 66.640828
1 2 8.130995 63.063460
2 8 31.761308 40.706265
2 4 33.285033 45.011110
3 8 2.982383 32.388269
3 5 34.100095 18.788294
4 7 2.120099 42.638011
5 7 9.927202 43.139309
5 6 5.466581 8.062258
