9 11 5586 299 20
34 60 9.047530 47.817191 22.736756
68 1 43.146598 20.526142 28.386032
84 62 2.782145 19.773445 3.065066
43 75 27.804005 31.159058 21.439109
39 61 9.204359 35.688889 4.677379
35 58 7.079917 23.738516 46.785057
36 66 2.562017 45.633699 35.281820
66 28 17.293905 9.401533 15.119657
48 43 9.087562 20.551516 46.710742
0 5 19.142619 2.236068
0 4 0.616575 5.099020
1 4 6.830093 66.640828
1 2 19.665878 63.063460
2 8 14.235705 40.706265
2 4 48.674580 45.011110
3 8 22.301645 32.388269
3 5 39.566785 18.788294
4 7 11.468581 42.638011
5 7 26.349324 43.139309
5 6 0.852668 8.062258
