9 11 578 291 20
34 60 41.962183 35.827887 49.708026
68 1 24.664712 47.452294 40.729790
84 62 23.301966 46.168421 8.933562
43 75 39.953868 43.071418 25.941089
39 61 18.719243 27.090419 8.171520
35 58 35.454249 12.047188 36.665976
36 66 9.022079 12.790409 14.863716
66 28 44.898469 33.298672 49.518689
48 43 28.044410 46.447807 25.950979
0 5 5.130259 2.236068
0 4 2.502125 5.099020
1 4 21.102707 66.640828
1 2 3.699694 63.063460
2 8 11.334776 40.706265
2 4 36.664242 45.011110
3 8 3.063432 32.388269
3 5 42.649553 18.788294
4 7 39.297201 42.638011
5 7 32.211943 43.139309
5 6 3.249013 8.062258
