9 11 9562 468 20
34 60 29.103676 0.660621 14.333463
68 1 42.470616 37.673228 0.057641
84 62 35.623361 20.508290 13.939601
43 75 38.238720 12.107991 42.008630
39 61 32.625144 19.142912 13.882967
35 58 11.849071 3.028402 10.718133
36 66 33.423234 43.604269 16.363744
66 28 43.593293 47.239338 5.074214
48 43 26.245341 1.176767 46.827795
0 5 2.798516 2.236068
0 4 30.853537 5.099020
1 4 43.073171 66.640828
1 2 33.183023 63.063460
2 8 39.775811 40.706265
2 4 24.147129 45.011110
3 8 22.019691 32.388269
3 5 31.051354 18.788294
4 7 15.928368 42.638011
5 7 20.930929 43.139309
5 6 30.922642 8.062258
