9 11 8781 999 20
34 60 0.384745 38.217481 23.906954
68 1 47.217468 26.430189 42.879953
84 62 16.104956 10.687216 9.491934
43 75 4.737395 35.135883 5.929859
39 61 28.766495 3.276377 44.586759
35 58 31.972713 5.368179 0.618383
36 66 35.303627 12.310597 1.463516
66 28 2.209214 22.272071 5.962911
48 43 15.814854 48.766249 14.245251
0 5 11.180920 2.236068
0 4 41.777887 5.099020
1 4 20.569103 66.640828
1 2 8.492988 63.063460
2 8 45.095719 40.706265
2 4 5.828484 45.011110
3 8 43.323980 32.388269
3 5 21.231840 18.788294
4 7 30.435796 42.638011
5 7 0.531622 43.139309
5 6 18.376916 8.062258
