10 10 8656 1056 20
13 81 1.815106 34.428419 30.298710
80 78 37.451451 32.814345 48.852250
22 73 41.929129 46.517918 5.109802
85 16 47.374911 48.141331 46.149522
50 19 4.837152 47.473585 35.113044
8 50 11.248694 49.819911 15.599164
73 85 20.925544 38.070027 19.420905
71 58 35.855502 17.200522 27.388495
79 14 14.038128 19.354246 20.847071
79 82 8.549352 12.662030 20.091821
0 2 18.197153 12.041595
1 9 13.032503 4.123106
1 6 16.336470 9.899495
2 8 18.401580 82.036577
2 7 46.197081 51.244512
3 8 12.097219 6.324555
4 9 49.606478 69.354164
5 8 39.684697 79.605276
6 9 8.281349 6.708204
7 9 43.175624 25.298221
