9 11 10355 613 20
34 60 8.231823 4.068330 9.469508
68 1 38.457952 22.889254 30.558375
84 62 14.719815 11.533451 0.720099
43 75 37.760869 48.525301 45.756218
39 61 45.204611 34.773527 26.701981
35 58 6.043700 35.374087 28.823977
36 66 19.718792 5.297506 16.982839
66 28 10.491518 24.563282 49.861950
48 43 41.970582 37.094992 46.928477
0 5 6.231718 2.236068
0 4 14.177070 5.099020
1 4 46.916439 66.640828
1 2 22.723893 63.063460
2 8 16.486680 40.706265
2 4 40.028651 45.011110
3 8 44.076145 32.388269
3 5 28.943676 18.788294
4 7 37.113485 42.638011
5 7 30.239403 43.139309
5 6 40.607015 8.062258
