9 11 9791 2294 20
34 60 35.085425 19.023691 20.277399
68 1 47.969033 47.578073 26.659374
84 62 16.084982 20.904441 16.701059
43 75 39.326221 26.249689 47.111891
39 61 13.247400 26.741447 15.527951
35 58 18.456893 44.133876 17.473517
36 66 17.201351 17.739964 14.186475
66 28 20.228142 10.219957 28.742312
48 43 22.138638 18.453422 42.591647
0 5 19.780444 2.236068
0 4 18.676105 5.099020
1 4 6.822029 66.640828
1 2 13.654152 63.063460
2 8 31.520158 40.706265
2 4 24.517890 45.011110
3 8 47.281921 32.388269
3 5 41.771889 18.788294
4 7 32.129595 42.638011
5 7 14.801861 43.139309
5 6 47.837722 8.062258
