10 10 9333 3637 20
13 81 40.677783 12.690786 41.977231
80 78 39.667607 46.910163 15.561531
22 73 24.898040 21.692874 2.549666
85 16 2.232721 3.799429 0.345902
50 19 0.180819 38.688033 10.971003
8 50 22.903566 14.019439 41.333303
73 85 42.909980 41.644652 35.908828
71 58 3.931389 36.666691 0.038274
79 14 20.156163 21.075550 12.593369
79 82 2.172595 48.672887 31.694559
0 2 23.457956 12.041595
1 9 23.249627 4.123106
1 6 49.188210 9.899495
2 8 16.529676 82.036577
2 7 3.794755 51.244512
3 8 18.097039 6.324555
4 9 28.872218 69.354164
5 8 2.287646 79.605276
6 9 48.458685 6.708204
7 9 21.463464 25.298221
