10 10 868 554 20
13 81 1.589875 12.846105 27.615586
80 78 47.415706 23.289268 28.690907
22 73 10.585210 14.998972 32.648666
85 16 12.189023 21.883599 10.421779
50 19 27.344693 0.080075 27.920839
8 50 45.272533 21.350016 39.596015
73 85 38.898192 23.875518 9.727366
71 58 37.383973 47.466316 2.887061
79 14 28.744291 43.415949 39.579255
79 82 29.827229 26.729321 8.644858
0 2 29.873465 12.041595
1 9 2.745592 4.123106
1 6 8.543747 9.899495
2 8 39.660490 82.036577
2 7 39.601891 51.244512
3 8 30.727295 6.324555
4 9 12.455904 69.354164
5 8 3.081183 79.605276
6 9 49.018641 6.708204
7 9 11.838390 25.298221
