10 10 10422 1233 20
13 81 30.398255 16.351150 4.994103
80 78 7.584993 42.549940 9.253196
22 73 37.257530 47.823268 2.651938
85 16 20.336675 46.645658 19.717790
50 19 8.708370 35.250004 18.303555
8 50 5.634429 38.249129 43.064618
73 85 17.134937 17.797900 14.735056
71 58 48.804780 49.625561 34.108303
79 14 13.773763 22.743390 11.132677
79 82 4.345740 37.688092 18.074400
0 2 19.646565 12.041595
1 9 3.088713 4.123106
1 6 15.726955 9.899495
2 8 44.315830 82.036577
2 7 35.374483 51.244512
3 8 37.941402 6.324555
4 9 32.879038 69.354164
5 8 2.476921 79.605276
6 9 4.852762 6.708204
7 9 40.334888 25.298221
