9 11 9812 717 20
34 60 11.237849 44.572582 27.486017
68 1 21.973278 39.555806 9.428171
84 62 22.685773 6.496201 34.328919
43 75 29.862070 46.138707 34.023461
39 61 8.906711 37.293873 6.590124
35 58 28.124793 30.406911 43.196394
36 66 39.988137 11.236067 4.883714
66 28 5.747897 18.980758 14.353502
48 43 31.300192 31.152796 26.284994
0 5 48.436808 2.236068
0 4 6.101483 5.099020
1 4 45.577278 66.640828
1 2 34.494163 63.063460
2 8 44.481421 40.706265
2 4 28.776477 45.011110
3 8 42.059288 32.388269
3 5 43.513203 18.788294
4 7 20.403471 42.638011
5 7 31.952003 43.139309
5 6 21.427208 8.062258
