10 10 9208 611 20
13 81 43.263058 34.607702 39.243992
80 78 15.446209 41.251083 1.084991
22 73 13.154503 25.649349 6.722687
85 16 20.124733 8.143642 3.532612
50 19 43.662707 32.134423 39.010877
8 50 29.541983 6.711188 45.218640
73 85 41.008575 7.706031 6.956064
71 58 48.918989 38.672055 37.738797
79 14 21.274786 25.393514 7.923765
79 82 41.130383 11.793816 6.719857
0 2 42.808177 12.041595
1 9 21.778311 4.123106
1 6 13.941336 9.899495
2 8 12.936061 82.036577
2 7 8.645068 51.244512
3 8 29.176743 6.324555
4 9 40.949344 69.354164
5 8 29.266410 79.605276
6 9 46.949666 6.708204
7 9 5.720110 25.298221
