10 10 9520 904 20
13 81 48.997273 49.442779 28.108043
80 78 26.393090 29.500080 40.830408
22 73 12.556758 18.485979 49.522128
85 16 12.618281 20.069935 44.067829
50 19 49.689613 43.840759 23.944355
8 50 5.247299 31.044706 27.404760
73 85 18.534786 12.474097 11.207557
71 58 12.488242 36.155359 43.206689
79 14 37.889021 44.720164 43.406561
79 82 9.823343 13.706321 36.587719
0 2 21.817817 12.041595
1 9 39.500776 4.123106
1 6 15.482567 9.899495
2 8 30.662646 82.036577
2 7 25.320244 51.244512
3 8 4.783890 6.324555
4 9 47.911653 69.354164
5 8 47.714339 79.605276
6 9 43.613784 6.708204
7 9 39.696752 25.298221
