10 10 973 513 20
13 81 2.479813 47.930067 47.566891
80 78 15.075255 15.289189 32.336506
22 73 10.852147 11.251663 24.185878
85 16 30.095730 29.111848 19.125202
50 19 48.107713 1.096424 22.553091
8 50 1.002015 30.588223 14.359855
73 85 15.180734 2.324657 44.771334
71 58 27.961188 18.359361 31.653280
79 14 42.376943 26.280097 22.912414
79 82 8.357440 46.102495 11.399736
0 2 30.177215 12.041595
1 9 43.809846 4.123106
1 6 23.518785 9.899495
2 8 19.925093 82.036577
2 7 44.895558 51.244512
3 8 18.132912 6.324555
4 9 49.602689 69.354164
5 8 32.817709 79.605276
6 9 23.016966 6.708204
7 9 4.960643 25.298221
