10 10 10444 1874 20
13 81 6.471385 45.267090 42.299294
80 78 45.434758 30.365939 1.221654
22 73 31.724706 25.758051 3.162614
85 16 12.822422 23.183572 45.100229
50 19 15.693011 0.245861 43.304178
8 50 18.876653 13.128140 44.686086
73 85 18.847662 32.111215 45.311354
71 58 34.313062 11.569381 31.820280
79 14 47.756122 13.749521 11.888956
79 82 16.504032 23.544010 6.358926
0 2 0.564343 12.041595
1 9 44.136738 4.123106
1 6 36.875854 9.899495
2 8 4.773077 82.036577
2 7 9.268942 51.244512
3 8 16.826343 6.324555
4 9 25.700045 69.354164
5 8 43.663616 79.605276
6 9 40.682447 6.708204
7 9 43.727007 25.298221
