9 11 11725 812 20
34 60 24.809045 33.829569 34.665114
68 1 27.873712 45.133133 1.526169
84 62 26.864224 17.068822 40.484965
43 75 34.794407 38.081563 47.867739
39 61 22.706756 16.639529 18.478765
35 58 10.439374 40.356384 17.753225
36 66 9.137906 39.497044 48.074727
66 28 4.577998 18.152095 31.555286
48 43 13.157865 24.529800 10.848287
0 5 28.426249 2.236068
0 4 23.709307 5.099020
1 4 25.859657 66.640828
1 2 20.851261 63.063460
2 8 4.489411 40.706265
2 4 48.030268 45.011110
3 8 41.283228 32.388269
3 5 47.489166 18.788294
4 7 37.475914 42.638011
5 7 25.856118 43.139309
5 6 12.769307 8.062258
