9 11 11575 461 20
34 60 0.268154 8.277869 2.769975
68 1 19.232553 28.150653 16.682116
84 62 27.842987 20.335272 30.110808
43 75 8.384083 28.261756 9.827865
39 61 11.914104 48.004797 46.863881
35 58 16.673315 43.904708 40.217153
36 66 45.979855 21.572270 34.587057
66 28 37.330750 25.952649 47.031199
48 43 48.052679 2.787751 41.813174
0 5 21.106595 2.236068
0 4 3.741351 5.099020
1 4 3.365034 66.640828
1 2 16.533132 63.063460
2 8 10.028514 40.706265
2 4 36.537973 45.011110
3 8 42.677856 32.388269
3 5 49.287867 18.788294
4 7 33.001240 42.638011
5 7 14.661502 43.139309
5 6 41.188475 8.062258
