9 11 12058 532 20
34 60 0.609024 40.284860 22.631840
68 1 42.815503 5.447773 12.615232
84 62 47.359749 40.836916 17.553943
43 75 38.302950 32.696934 30.239612
39 61 38.961273 13.447836 24.351284
35 58 33.121326 26.437886 49.221084
36 66 9.374534 40.498826 13.397296
66 28 10.770324 7.145810 28.818771
48 43 1.137970 41.045584 21.367653
0 5 46.905357 2.236068
0 4 28.562216 5.099020
1 4 10.014971 66.640828
1 2 22.519765 63.063460
2 8 41.780894 40.706265
2 4 36.744759 45.011110
3 8 25.047540 32.388269
3 5 1.004356 18.788294
4 7 20.701796 42.638011
5 7 24.479644 43.139309
5 6 34.321932 8.062258
