9 11 12392 340 20
34 60 15.990105 24.292484 2.996618
68 1 34.252517 44.473693 0.513116
84 62 13.795054 35.423811 41.248042
43 75 30.770784 10.917598 1.637834
39 61 25.716321 5.097294 38.363253
35 58 45.711320 40.320888 6.024471
36 66 43.922720 30.209178 31.777084
66 28 1.372351 14.058162 9.978663
48 43 7.893831 33.033445 33.866794
0 5 37.919219 2.236068
0 4 49.669725 5.099020
1 4 25.035059 66.640828
1 2 5.419620 63.063460
2 8 47.352465 40.706265
2 4 14.107287 45.011110
3 8 42.980071 32.388269
3 5 2.867789 18.788294
4 7 15.226342 42.638011
5 7 19.771993 43.139309
5 6 4.918905 8.062258
