10 10 11825 696 20
13 81 8.925319 21.759183 41.438597
80 78 35.711362 4.955586 28.758953
22 73 13.195434 10.101717 42.390233
85 16 41.661215 12.538324 3.364492
50 19 14.609687 21.228249 8.793033
8 50 46.683517 25.586589 37.963672
73 85 47.856094 28.970346 10.402436
71 58 2.915688 36.433487 21.342742
79 14 11.823620 46.713708 27.412950
79 82 24.057886 39.624601 20.070726
0 2 43.091717 12.041595
1 9 42.038755 4.123106
1 6 49.044841 9.899495
2 8 47.747754 82.036577
2 7 9.365874 51.244512
3 8 45.651263 6.324555
4 9 9.522667 69.354164
5 8 34.419457 79.605276
6 9 23.499380 6.708204
7 9 21.577731 25.298221
