9 11 11150 300 20
34 60 47.342990 34.146764 19.461108
68 1 4.500783 14.302355 38.252787
84 62 46.818091 35.945063 21.134874
43 75 24.847055 15.284438 3.045502
39 61 16.176371 45.865350 0.828468
35 58 3.075915 22.052379 27.384917
36 66 9.655995 15.600099 47.680361
66 28 42.541755 16.716840 24.362821
48 43 24.552750 42.305933 28.709154
0 5 7.846897 2.236068
0 4 14.263485 5.099020
1 4 34.576213 66.640828
1 2 12.381440 63.063460
2 8 14.537437 40.706265
2 4 18.030225 45.011110
3 8 24.907811 32.388269
3 5 26.089554 18.788294
4 7 6.349372 42.638011
5 7 37.003553 43.139309
5 6 48.983299 8.062258
