9 11 12156 375 20
34 60 14.348829 36.923585 45.617119
68 1 36.964447 31.587550 20.172054
84 62 3.158716 17.638637 22.600785
43 75 2.313605 44.487634 15.943079
39 61 21.385332 36.705672 39.589114
35 58 17.568338 45.720344 4.413806
36 66 39.163613 38.673601 45.884597
66 28 37.788175 6.211907 27.948708
48 43 7.241475 13.270235 40.166159
0 5 17.193087 2.236068
0 4 38.857333 5.099020
1 4 46.428440 66.640828
1 2 31.581572 63.063460
2 8 18.068486 40.706265
2 4 36.962345 45.011110
3 8 48.701407 32.388269
3 5 28.991046 18.788294
4 7 35.265663 42.638011
5 7 32.958006 43.139309
5 6 40.836295 8.062258
