9 11 11175 1329 20
34 60 3.630940 17.878340 8.961388
68 1 7.757348 19.913009 12.315525
84 62 34.986513 32.990998 9.235019
43 75 7.970955 30.595146 7.308255
39 61 8.714801 28.273621 47.085483
35 58 45.869178 4.358868 29.804543
36 66 31.503049 33.131928 25.925777
66 28 29.413340 1.639043 1.677621
48 43 43.263991 6.683855 35.478824
0 5 30.814311 2.236068
0 4 5.933457 5.099020
1 4 42.807774 66.640828
1 2 16.880971 63.063460
2 8 36.080496 40.706265
2 4 48.049256 45.011110
3 8 30.751410 32.388269
3 5 11.840596 18.788294
4 7 48.684506 42.638011
5 7 15.207555 43.139309
5 6 19.664083 8.062258
