9 11 12686 477 20
34 60 4.483742 32.250162 20.378548
68 1 2.788139 38.918631 31.372568
84 62 38.512393 20.583790 10.229619
43 75 16.268809 27.820274 36.175971
39 61 47.253875 15.781399 45.187583
35 58 0.284272 30.565285 13.175166
36 66 48.764981 43.470193 9.846388
66 28 19.187897 17.460674 21.959278
48 43 21.166279 48.724853 22.621376
0 5 46.236613 2.236068
0 4 29.425380 5.099020
1 4 41.425370 66.640828
1 2 5.531112 63.063460
2 8 49.593579 40.706265
2 4 17.453729 45.011110
3 8 44.871404 32.388269
3 5 25.914589 18.788294
4 7 32.501396 42.638011
5 7 19.017789 43.139309
5 6 1.361247 8.062258
