9 11 12333 820 20
34 60 34.736231 8.249150 7.049991
68 1 46.785717 47.134794 9.876441
84 62 34.252293 34.787613 19.014206
43 75 32.375439 15.466701 20.627828
39 61 22.361172 11.801184 17.495656
35 58 31.413099 5.285572 9.392453
36 66 9.875904 9.407737 30.642081
66 28 10.519806 27.685566 13.986830
48 43 31.948271 2.652022 1.915915
0 5 35.709937 2.236068
0 4 22.578877 5.099020
1 4 12.555162 66.640828
1 2 5.902317 63.063460
2 8 18.128474 40.706265
2 4 15.214132 45.011110
3 8 27.265376 32.388269
3 5 48.489120 18.788294
4 7 2.132794 42.638011
5 7 42.703325 43.139309
5 6 20.806008 8.062258
