9 11 12568 704 20
34 60 4.916301 31.999660 41.809438
68 1 32.004390 8.980794 32.502510
84 62 43.675571 10.912398 39.976378
43 75 22.324768 14.431821 34.414083
39 61 3.485831 41.129734 33.483473
35 58 18.903461 47.173374 49.934413
36 66 18.890555 7.596928 22.544984
66 28 4.935833 3.188111 30.997996
48 43 36.051185 7.925761 33.539878
0 5 15.330267 2.236068
0 4 18.617842 5.099020
1 4 8.834742 66.640828
1 2 9.343311 63.063460
2 8 37.063712 40.706265
2 4 27.624483 45.011110
3 8 10.312614 32.388269
3 5 2.915630 18.788294
4 7 1.131150 42.638011
5 7 24.747948 43.139309
5 6 39.155901 8.062258
