10 10 11975 691 20
13 81 18.965675 41.559523 39.838399
80 78 0.414568 29.428528 39.237087
22 73 9.965325 14.917328 17.130126
85 16 22.510032 11.952958 20.384018
50 19 1.314664 2.094915 9.817635
8 50 11.609404 8.142525 5.833375
73 85 46.892484 17.719087 39.195168
71 58 46.107243 40.713859 12.666439
79 14 7.943291 25.175012 30.205628
79 82 40.663354 18.075933 21.195736
0 2 4.987987 12.041595
1 9 47.116705 4.123106
1 6 30.490000 9.899495
2 8 13.213801 82.036577
2 7 23.351231 51.244512
3 8 44.530337 6.324555
4 9 24.333379 69.354164
5 8 49.517105 79.605276
6 9 6.070635 6.708204
7 9 44.808831 25.298221
