10 10 11775 428 20
13 81 16.407542 32.787253 22.440515
80 78 16.399422 0.952099 0.862374
22 73 34.361803 4.933382 37.399319
85 16 1.537729 21.554171 6.850099
50 19 6.528081 32.886364 6.411790
8 50 15.189433 10.039716 0.684513
73 85 3.002456 21.295359 11.214659
71 58 11.674092 44.715223 35.666799
79 14 48.535620 28.502537 26.448925
79 82 26.081247 7.911658 24.913729
0 2 39.458497 12.041595
1 9 2.776932 4.123106
1 6 28.929073 9.899495
2 8 48.066609 82.036577
2 7 13.821690 51.244512
3 8 4.172182 6.324555
4 9 33.448268 69.354164
5 8 42.619086 79.605276
6 9 7.546114 6.708204
7 9 8.024872 25.298221
