10 10 10888 297 20
13 81 32.804196 22.390975 37.834263
80 78 31.069362 20.203317 26.819275
22 73 27.144928 43.811424 33.482893
85 16 40.872275 21.721449 17.297084
50 19 13.875383 10.890620 9.280744
8 50 21.867759 48.807468 9.959232
73 85 34.912844 3.280158 39.084956
71 58 24.117437 36.684528 27.871740
79 14 12.758455 28.603124 8.777187
79 82 4.903732 3.330731 22.467490
0 2 21.128134 12.041595
1 9 9.371709 4.123106
1 6 41.926116 9.899495
2 8 30.818734 82.036577
2 7 14.809830 51.244512
3 8 30.512528 6.324555
4 9 40.122584 69.354164
5 8 33.911240 79.605276
6 9 28.416929 6.708204
7 9 3.187674 25.298221
