9 11 10666 1097 20
34 60 1.716676 8.718234 23.721614
68 1 21.530340 15.566650 22.144995
84 62 6.318378 44.761207 22.269224
43 75 26.126012 21.082983 35.592979
39 61 40.031306 12.355694 13.342446
35 58 30.769412 27.575541 46.328420
36 66 10.061531 35.055602 24.279650
66 28 36.077215 20.163107 19.071016
48 43 11.804918 43.981027 14.914710
0 5 25.438557 2.236068
0 4 15.759846 5.099020
1 4 4.125835 66.640828
1 2 15.941649 63.063460
2 8 9.759099 40.706265
2 4 23.386552 45.011110
3 8 28.488950 32.388269
3 5 32.403413 18.788294
4 7 15.030556 42.638011
5 7 15.375445 43.139309
5 6 28.553276 8.062258
