9 11 14621 354 20
34 60 42.867686 48.971937 6.878426
68 1 22.408158 35.683132 20.693252
84 62 46.374909 0.646639 15.512516
43 75 17.659675 0.623398 12.268355
39 61 12.886242 13.835586 14.743192
35 58 2.812904 39.767485 43.972216
36 66 14.430724 8.678449 9.809322
66 28 15.823584 23.996771 49.165436
48 43 1.645668 34.992413 18.848604
0 5 31.758864 2.236068
0 4 15.454639 5.099020
1 4 49.505267 66.640828
1 2 11.931467 63.063460
2 8 4.771427 40.706265
2 4 39.721522 45.011110
3 8 41.390779 32.388269
3 5 45.456425 18.788294
4 7 12.674587 42.638011
5 7 6.407022 43.139309
5 6 15.214300 8.062258
