10 10 14135 1163 20
13 81 21.958068 30.498426 3.679208
80 78 34.913825 17.369504 2.894645
22 73 25.689364 4.948372 24.643187
85 16 31.223900 5.786660 40.822684
50 19 2.171671 3.202081 34.634808
8 50 13.806858 18.681076 16.681554
73 85 13.258056 32.091260 13.583003
71 58 34.949690 5.649926 5.521689
79 14 10.716896 30.704942 40.157998
79 82 30.927282 39.382880 25.264139
0 2 2.066584 12.041595
1 9 7.718687 4.123106
1 6 41.070984 9.899495
2 8 18.998073 82.036577
2 7 13.087922 51.244512
3 8 30.393737 6.324555
4 9 41.433795 69.354164
5 8 6.260807 79.605276
6 9 38.462193 6.708204
7 9 22.595791 25.298221
