10 10 12764 317 20
13 81 47.655560 23.128876 17.812646
80 78 9.536581 26.429166 27.781031
22 73 49.029090 28.852412 15.240169
85 16 43.564713 42.324967 25.427851
50 19 7.469743 21.085674 25.779985
8 50 38.496126 17.673396 30.705573
73 85 39.839684 41.065091 3.809561
71 58 43.903824 31.353881 17.453063
79 14 48.499420 30.010950 13.410759
79 82 17.389482 2.553837 19.830829
0 2 25.263164 12.041595
1 9 27.008295 4.123106
1 6 11.970968 9.899495
2 8 12.325409 82.036577
2 7 42.529500 51.244512
3 8 0.447706 6.324555
4 9 31.133436 69.354164
5 8 2.643168 79.605276
6 9 39.730163 6.708204
7 9 43.688817 25.298221
