9 11 14459 1206 20
34 60 42.888648 0.061836 40.967544
68 1 42.901230 35.867263 19.669476
84 62 25.929576 9.513311 18.489959
43 75 17.079500 3.413955 33.724394
39 61 9.459101 14.454446 7.813745
35 58 44.205507 6.965514 43.615575
36 66 40.107634 21.250712 10.369769
66 28 18.840442 48.685138 24.912615
48 43 18.632110 21.539692 42.546146
0 5 26.570756 2.236068
0 4 9.655539 5.099020
1 4 44.459651 66.640828
1 2 29.245689 63.063460
2 8 17.939898 40.706265
2 4 1.599576 45.011110
3 8 31.173512 32.388269
3 5 19.960494 18.788294
4 7 33.302069 42.638011
5 7 8.722865 43.139309
5 6 33.354097 8.062258
