9 11 12980 286 20
34 60 36.438008 17.326209 0.173061
68 1 48.961850 25.237644 35.863822
84 62 8.699042 39.692100 8.339888
43 75 7.526376 21.055454 42.211469
39 61 42.020196 44.040875 40.511931
35 58 19.863191 26.479622 6.813558
36 66 32.428395 20.478377 29.975271
66 28 27.598324 1.264657 22.771086
48 43 15.752920 39.437325 28.580548
0 5 0.525506 2.236068
0 4 18.490937 5.099020
1 4 34.646848 66.640828
1 2 23.721463 63.063460
2 8 18.364231 40.706265
2 4 13.644958 45.011110
3 8 47.623957 32.388269
3 5 48.497989 18.788294
4 7 7.934421 42.638011
5 7 20.746821 43.139309
5 6 37.585598 8.062258
