10 10 13872 2536 20
13 81 24.348592 3.456128 26.206636
80 78 19.602248 36.548119 34.897856
22 73 16.115799 22.160968 17.931404
85 16 13.099580 22.432297 12.175331
50 19 23.364303 1.265466 15.363910
8 50 25.674749 12.249057 33.893398
73 85 24.386288 11.718721 47.557316
71 58 26.075001 45.831659 6.772045
79 14 14.198339 6.370340 35.916897
79 82 2.001573 14.443299 46.708810
0 2 12.340571 12.041595
1 9 44.413542 4.123106
1 6 20.935858 9.899495
2 8 40.985493 82.036577
2 7 39.908356 51.244512
3 8 33.657985 6.324555
4 9 31.511206 69.354164
5 8 16.075829 79.605276
6 9 18.666199 6.708204
7 9 47.231792 25.298221
