10 10 1414 859 20
13 81 30.302871 22.939766 32.310659
80 78 34.600508 5.383077 5.011169
22 73 4.765110 8.492865 12.036567
85 16 11.168490 6.745071 12.042527
50 19 13.210493 13.209041 5.544962
8 50 42.460958 36.512885 4.698467
73 85 42.693166 38.445128 11.096304
71 58 29.352229 18.118451 46.643754
79 14 37.172725 18.623193 35.863926
79 82 44.586000 18.749036 41.073596
0 2 11.133982 12.041595
1 9 25.949435 4.123106
1 6 0.021251 9.899495
2 8 22.773687 82.036577
2 7 17.429409 51.244512
3 8 11.149439 6.324555
4 9 19.203214 69.354164
5 8 25.654087 79.605276
6 9 13.771497 6.708204
7 9 46.695996 25.298221
