10 10 12843 316 20
13 81 1.025730 42.983241 13.170869
80 78 29.139291 23.692980 38.829017
22 73 25.481836 46.545325 10.839579
85 16 6.390716 33.593337 28.971971
50 19 34.777501 35.379467 9.032306
8 50 36.521905 27.863358 14.820123
73 85 25.391895 16.324271 22.601853
71 58 8.293615 45.791229 30.837205
79 14 44.707722 7.740082 47.489065
79 82 30.673902 47.359039 22.211860
0 2 16.555978 12.041595
1 9 42.970905 4.123106
1 6 8.134547 9.899495
2 8 41.063294 82.036577
2 7 6.095820 51.244512
3 8 44.573011 6.324555
4 9 46.300394 69.354164
5 8 16.809212 79.605276
6 9 0.216838 6.708204
7 9 8.151256 25.298221
