9 11 13893 742 20
34 60 27.378945 44.451329 48.783076
68 1 14.761081 1.150482 15.335316
84 62 11.394121 36.517786 36.861283
43 75 34.518236 44.401665 23.982382
39 61 9.072599 35.873431 35.830153
35 58 4.342682 32.370090 4.270864
36 66 16.993728 6.846379 45.293983
66 28 47.623649 13.966469 3.693592
48 43 34.500613 28.266383 31.540815
0 5 49.301455 2.236068
0 4 49.150599 5.099020
1 4 37.434363 66.640828
1 2 16.574661 63.063460
2 8 16.483317 40.706265
2 4 40.720826 45.011110
3 8 6.252930 32.388269
3 5 11.534640 18.788294
4 7 28.735722 42.638011
5 7 21.666289 43.139309
5 6 18.267837 8.062258
