10 10 13468 1110 20
13 81 24.740658 47.226858 34.073381
80 78 43.088494 16.507878 27.525180
22 73 0.483440 35.440694 36.931721
85 16 23.285515 41.436788 49.457382
50 19 4.658845 34.407431 25.313410
8 50 1.206539 46.583985 37.649165
73 85 44.675363 32.765539 48.478928
71 58 19.375818 13.025115 0.243477
79 14 33.889474 38.049535 14.684874
79 82 17.041556 5.659708 2.589847
0 2 14.167084 12.041595
1 9 2.417426 4.123106
1 6 33.006160 9.899495
2 8 22.930181 82.036577
2 7 10.401994 51.244512
3 8 10.891361 6.324555
4 9 11.781734 69.354164
5 8 19.809600 79.605276
6 9 33.757064 6.708204
7 9 18.236137 25.298221
