10 10 13978 1390 20
13 81 46.551484 41.890063 49.036674
80 78 10.219055 42.733149 2.252642
22 73 41.808447 33.288334 35.307648
85 16 41.518594 49.767197 21.294328
50 19 22.964611 48.981747 41.167375
8 50 47.792063 24.619134 33.022976
73 85 9.620545 39.626490 14.241117
71 58 5.760751 34.320922 35.310037
79 14 2.697543 1.740876 44.755327
79 82 10.723049 2.533949 34.735394
0 2 30.843239 12.041595
1 9 4.491866 4.123106
1 6 23.264145 9.899495
2 8 18.603317 82.036577
2 7 3.279100 51.244512
3 8 32.159473 6.324555
4 9 23.409177 69.354164
5 8 47.663531 79.605276
6 9 26.609116 6.708204
7 9 2.093257 25.298221
