9 11 14783 1060 20
34 60 12.510306 4.377870 3.270998
68 1 27.239854 24.317482 45.936506
84 62 27.500685 5.682285 13.409247
43 75 40.164459 3.708344 6.873411
39 61 24.808444 49.565780 14.723166
35 58 21.603073 15.921599 29.405915
36 66 33.281264 2.319904 38.359689
66 28 37.740152 18.355915 37.234773
48 43 43.114150 35.532957 27.169084
0 5 23.710291 2.236068
0 4 40.241152 5.099020
1 4 22.966152 66.640828
1 2 33.292058 63.063460
2 8 42.233330 40.706265
2 4 26.482773 45.011110
3 8 4.955544 32.388269
3 5 27.473023 18.788294
4 7 28.971694 42.638011
5 7 1.748956 43.139309
5 6 11.234041 8.062258
