10 10 14297 1334 20
13 81 30.502479 0.964506 32.902654
80 78 41.195007 20.107626 6.230470
22 73 17.811196 6.251859 3.531945
85 16 48.023008 4.228948 39.111158
50 19 36.866128 45.359452 42.487136
8 50 22.377610 19.305490 39.640539
73 85 26.250002 39.033619 10.221239
71 58 17.591769 3.221962 18.494695
79 14 24.472713 33.199727 15.628792
79 82 33.673107 25.944335 35.560885
0 2 46.587275 12.041595
1 9 48.140385 4.123106
1 6 28.568697 9.899495
2 8 35.846542 82.036577
2 7 49.365547 51.244512
3 8 6.608826 6.324555
4 9 18.447617 69.354164
5 8 17.846979 79.605276
6 9 13.409721 6.708204
7 9 16.436688 25.298221
