9 11 14567 802 20
34 60 27.607438 5.803409 35.258840
68 1 26.566249 33.714917 45.391014
84 62 20.304586 15.612888 31.601764
43 75 5.349227 40.635574 6.788283
39 61 10.157438 20.162847 35.371862
35 58 9.115518 1.429888 43.177836
36 66 34.852466 7.525885 41.235480
66 28 9.376716 38.195253 6.197342
48 43 34.911166 36.283741 46.457279
0 5 4.385420 2.236068
0 4 15.809779 5.099020
1 4 11.244322 66.640828
1 2 16.142990 63.063460
2 8 35.278247 40.706265
2 4 16.626667 45.011110
3 8 38.983910 32.388269
3 5 31.295125 18.788294
4 7 31.020792 42.638011
5 7 14.253227 43.139309
5 6 14.456365 8.062258
