9 11 14675 1683 20
34 60 42.544941 49.421899 0.101886
68 1 21.247496 8.799378 10.849423
84 62 49.661133 5.870449 9.896909
43 75 22.024942 36.675963 38.563106
39 61 5.730821 20.966583 27.692073
35 58 44.449487 37.819992 37.046089
36 66 22.864903 43.169227 49.059667
66 28 0.997462 32.621564 8.238607
48 43 37.750276 49.233474 41.864165
0 5 35.313449 2.236068
0 4 12.089642 5.099020
1 4 39.278735 66.640828
1 2 3.803366 63.063460
2 8 13.412188 40.706265
2 4 41.360532 45.011110
3 8 17.590232 32.388269
3 5 15.505087 18.788294
4 7 1.241556 42.638011
5 7 9.632729 43.139309
5 6 7.561420 8.062258
