10 10 12941 502 20
13 81 1.274322 37.603584 19.709265
80 78 20.849398 38.091947 48.333723
22 73 5.958200 32.463914 9.221965
85 16 12.315836 10.887943 16.988073
50 19 5.159502 28.907544 39.125270
8 50 1.880798 3.730252 43.952682
73 85 43.236070 13.721901 28.439418
71 58 31.994394 26.416161 16.783811
79 14 16.995085 46.104740 35.138316
79 82 33.868220 33.768418 8.069726
0 2 20.465625 12.041595
1 9 0.090064 4.123106
1 6 42.134037 9.899495
2 8 35.394262 82.036577
2 7 20.566230 51.244512
3 8 22.146207 6.324555
4 9 9.905622 69.354164
5 8 6.851858 79.605276
6 9 35.978349 6.708204
7 9 16.304400 25.298221
