10 10 1585 1318 20
13 81 21.936160 4.752083 32.790840
80 78 15.843296 12.373350 33.020282
22 73 38.194557 1.251437 6.536437
85 16 20.475319 14.025629 25.931291
50 19 38.409614 44.218353 3.777943
8 50 35.433983 0.297816 48.472627
73 85 2.557455 13.635708 17.659712
71 58 24.548567 48.981517 24.142675
79 14 46.832497 17.150171 17.324558
79 82 16.833427 27.931363 22.210621
0 2 36.669320 12.041595
1 9 43.144499 4.123106
1 6 5.221585 9.899495
2 8 4.735054 82.036577
2 7 33.135482 51.244512
3 8 9.165341 6.324555
4 9 33.115171 69.354164
5 8 32.290421 79.605276
6 9 46.514410 6.708204
7 9 42.302215 25.298221
