10 10 16770 1177 20
13 81 19.835976 21.017041 24.215295
80 78 16.673704 5.600867 43.559538
22 73 10.816213 40.140128 49.450010
85 16 23.026994 41.338773 44.666291
50 19 41.973923 38.552541 48.195823
8 50 46.781736 34.735994 45.782046
73 85 16.779582 7.766860 38.792801
71 58 12.702659 27.169376 48.138674
79 14 48.630650 2.534025 40.338857
79 82 2.988675 23.579531 8.867665
0 2 42.325009 12.041595
1 9 23.618531 4.123106
1 6 16.351521 9.899495
2 8 38.043760 82.036577
2 7 40.869306 51.244512
3 8 45.123952 6.324555
4 9 34.413628 69.354164
5 8 3.082450 79.605276
6 9 40.845796 6.708204
7 9 29.696357 25.298221
