9 11 15710 1158 20
34 60 41.512954 29.517959 40.313435
68 1 31.639323 17.201962 22.305555
84 62 6.904849 34.847337 30.500242
43 75 3.037050 2.963132 12.724264
39 61 27.272487 19.565793 12.546570
35 58 34.438158 19.084056 47.846323
36 66 7.881180 48.718304 35.883196
66 28 43.980452 46.323321 16.435413
48 43 7.109759 10.394583 42.110067
0 5 3.115191 2.236068
0 4 38.824042 5.099020
1 4 13.267938 66.640828
1 2 42.208256 63.063460
2 8 46.467962 40.706265
2 4 30.381257 45.011110
3 8 39.998067 32.388269
3 5 5.840726 18.788294
4 7 5.544086 42.638011
5 7 23.644489 43.139309
5 6 24.741988 8.062258
