10 10 1634 1427 20
13 81 28.118494 45.945507 18.419145
80 78 41.077706 38.839146 12.152947
22 73 17.033951 39.725603 22.790774
85 16 4.210534 23.535471 18.128478
50 19 48.371031 46.838444 38.751367
8 50 8.585536 5.402271 3.803041
73 85 46.668044 33.038778 4.243295
71 58 0.800072 48.618069 12.944416
79 14 12.627447 40.750277 2.613588
79 82 6.925928 26.560414 3.645251
0 2 44.223604 12.041595
1 9 20.525935 4.123106
1 6 31.699292 9.899495
2 8 22.435241 82.036577
2 7 30.277894 51.244512
3 8 40.220058 6.324555
4 9 17.571340 69.354164
5 8 10.432139 79.605276
6 9 46.750139 6.708204
7 9 39.504728 25.298221
