10 10 15894 1380 20
13 81 5.984886 33.868146 11.704000
80 78 14.576218 12.367559 2.301831
22 73 18.640733 43.215506 4.743660
85 16 34.715497 20.184473 39.286678
50 19 35.598960 45.535497 31.985103
8 50 48.856618 20.740902 45.256431
73 85 27.461613 12.827588 30.266605
71 58 3.373850 18.148179 8.045609
79 14 12.929084 49.294616 17.003648
79 82 5.516491 15.139210 28.550769
0 2 47.342633 12.041595
1 9 11.241830 4.123106
1 6 5.996308 9.899495
2 8 33.296291 82.036577
2 7 8.546377 51.244512
3 8 12.601906 6.324555
4 9 6.775825 69.354164
5 8 34.215656 79.605276
6 9 37.936220 6.708204
7 9 34.817300 25.298221
