9 11 16416 270 20
34 60 27.159702 2.907111 29.186586
68 1 19.302932 27.483455 16.208269
84 62 0.619188 41.387637 9.379637
43 75 12.335304 11.865900 2.188922
39 61 37.680271 25.457875 16.753508
35 58 18.386119 6.870609 9.048854
36 66 10.376395 47.566106 38.128468
66 28 26.826622 0.297449 34.151858
48 43 25.269652 7.364531 29.134469
0 5 39.014230 2.236068
0 4 35.774729 5.099020
1 4 18.929823 66.640828
1 2 2.006429 63.063460
2 8 31.442869 40.706265
2 4 48.821071 45.011110
3 8 40.869322 32.388269
3 5 32.463459 18.788294
4 7 36.640357 42.638011
5 7 43.822930 43.139309
5 6 15.873257 8.062258
