10 10 16041 260 20
13 81 19.365494 35.561541 21.587653
80 78 6.940196 43.716307 1.577911
22 73 8.559897 23.633071 39.506526
85 16 0.407761 39.704233 0.957902
50 19 46.983386 41.608236 34.407366
8 50 8.318427 20.716354 31.851570
73 85 30.139384 42.527109 1.052217
71 58 40.277912 35.833958 33.145561
79 14 21.721960 43.704888 22.541316
79 82 44.232456 24.231960 22.199878
0 2 5.375093 12.041595
1 9 16.571157 4.123106
1 6 10.468651 9.899495
2 8 16.588193 82.036577
2 7 49.159584 51.244512
3 8 28.256614 6.324555
4 9 4.066895 69.354164
5 8 7.929702 79.605276
6 9 8.461415 6.708204
7 9 8.643480 25.298221
