9 11 15789 519 20
34 60 11.944819 39.321830 39.352175
68 1 33.818382 3.535224 24.826687
84 62 48.545395 12.059689 23.126998
43 75 2.689367 19.484715 6.369629
39 61 44.966063 3.789240 37.479590
35 58 25.202647 26.085594 37.540026
36 66 39.863137 44.252570 34.361050
66 28 1.494894 18.498885 1.189213
48 43 48.800726 38.758066 9.925918
0 5 35.639073 2.236068
0 4 42.492212 5.099020
1 4 18.506605 66.640828
1 2 24.749193 63.063460
2 8 8.160297 40.706265
2 4 18.100596 45.011110
3 8 0.196845 32.388269
3 5 7.013755 18.788294
4 7 12.119999 42.638011
5 7 7.242823 43.139309
5 6 46.473832 8.062258
