10 10 17513 1043 20
13 81 23.897131 43.322411 15.937776
80 78 0.476649 18.287573 39.560733
22 73 33.537586 9.759524 34.501647
85 16 5.865444 18.273816 22.605274
50 19 1.837437 2.964392 15.299869
8 50 43.148409 20.932238 24.193727
73 85 45.839688 12.479007 6.422383
71 58 43.742471 5.844625 42.313863
79 14 9.193448 10.500581 0.478188
79 82 22.448787 1.141125 24.041444
0 2 17.424607 12.041595
1 9 36.615813 4.123106
1 6 0.504336 9.899495
2 8 28.371234 82.036577
2 7 33.088315 51.244512
3 8 15.541576 6.324555
4 9 15.072446 69.354164
5 8 2.269921 79.605276
6 9 16.919523 6.708204
7 9 31.591115 25.298221
