9 11 17135 1079 20
34 60 46.340359 41.629571 3.775050
68 1 6.672730 9.609171 41.593684
84 62 37.861504 27.751504 9.436863
43 75 14.329060 17.502964 10.219044
39 61 20.609811 40.950800 9.153663
35 58 43.972576 22.924032 10.342006
36 66 14.197613 44.305305 46.866961
66 28 6.047856 28.310030 38.942663
48 43 14.719929 49.012091 12.898275
0 5 15.752483 2.236068
0 4 39.440254 5.099020
1 4 48.106389 66.640828
1 2 26.034720 63.063460
2 8 5.409257 40.706265
2 4 44.045390 45.011110
3 8 29.290951 32.388269
3 5 12.802087 18.788294
4 7 10.435848 42.638011
5 7 3.464656 43.139309
5 6 6.867768 8.062258
