9 11 16687 899 20
34 60 43.811170 26.381664 1.265021
68 1 32.926059 20.664626 22.098470
84 62 14.816701 23.502015 24.832209
43 75 5.171886 11.358832 34.003541
39 61 3.739329 40.537962 28.597360
35 58 10.123319 30.343655 9.675729
36 66 41.277279 32.031451 19.918010
66 28 49.413948 13.585688 43.158186
48 43 48.831354 4.654244 5.179015
0 5 31.153462 2.236068
0 4 33.334287 5.099020
1 4 2.414384 66.640828
1 2 9.969392 63.063460
2 8 14.959513 40.706265
2 4 47.842021 45.011110
3 8 8.566177 32.388269
3 5 28.530196 18.788294
4 7 38.496267 42.638011
5 7 18.540283 43.139309
5 6 31.274923 8.062258
