10 10 15236 1779 20
13 81 5.765956 14.704807 28.098595
80 78 17.838307 43.841932 32.327112
22 73 15.463753 28.850038 29.064058
85 16 48.736942 12.085784 10.884793
50 19 32.747540 40.870228 35.716439
8 50 13.442170 12.522902 13.807821
73 85 32.088005 38.190698 25.912351
71 58 25.894658 36.683858 18.573448
79 14 9.157378 13.536481 24.414183
79 82 26.856883 13.051768 18.380579
0 2 45.401059 12.041595
1 9 7.406001 4.123106
1 6 28.632288 9.899495
2 8 22.975919 82.036577
2 7 15.691963 51.244512
3 8 2.318604 6.324555
4 9 9.919653 69.354164
5 8 1.238715 79.605276
6 9 24.501146 6.708204
7 9 47.612254 25.298221
