10 10 15210 970 20
13 81 39.053538 47.429954 46.889475
80 78 35.007538 27.019047 15.189745
22 73 16.092983 15.656189 0.302363
85 16 9.847654 30.404323 12.575363
50 19 6.251648 9.375332 34.653567
8 50 26.326102 9.816608 45.800681
73 85 35.186456 25.900224 15.977265
71 58 6.743026 0.211802 0.890139
79 14 8.096758 28.376079 36.683061
79 82 42.828101 8.231033 41.919366
0 2 17.199158 12.041595
1 9 43.997162 4.123106
1 6 18.184051 9.899495
2 8 34.399733 82.036577
2 7 36.665830 51.244512
3 8 21.075497 6.324555
4 9 36.585133 69.354164
5 8 42.769149 79.605276
6 9 48.104091 6.708204
7 9 0.135341 25.298221
