9 11 16833 273 20
34 60 5.509273 45.937731 1.240991
68 1 5.338041 6.968858 29.519871
84 62 7.044333 19.306047 7.963341
43 75 26.261230 33.209018 19.595577
39 61 19.368921 19.407067 34.156790
35 58 37.305196 46.015772 0.470051
36 66 47.628318 12.641098 22.326066
66 28 34.862429 6.168490 0.474257
48 43 39.470393 18.180848 49.619113
0 5 15.716637 2.236068
0 4 11.183615 5.099020
1 4 5.459238 66.640828
1 2 23.428281 63.063460
2 8 35.465782 40.706265
2 4 3.296133 45.011110
3 8 25.713159 32.388269
3 5 5.740799 18.788294
4 7 0.788255 42.638011
5 7 38.936323 43.139309
5 6 28.581994 8.062258
