9 11 17810 950 20
34 60 44.587004 12.811271 45.452737
68 1 8.568224 42.310886 40.256884
84 62 12.652220 35.936018 3.487832
43 75 19.141633 1.938810 37.484314
39 61 0.874354 43.415953 45.697568
35 58 4.217612 40.628048 26.790187
36 66 6.658927 31.175741 28.537175
66 28 6.936210 12.159293 9.199226
48 43 24.668022 46.454530 5.302856
0 5 32.068963 2.236068
0 4 43.278483 5.099020
1 4 32.509816 66.640828
1 2 11.488180 63.063460
2 8 22.571657 40.706265
2 4 35.861841 45.011110
3 8 40.365569 32.388269
3 5 42.274680 18.788294
4 7 26.476907 42.638011
5 7 9.332669 43.139309
5 6 43.574523 8.062258
