10 10 2063 3142 20
13 81 30.650056 39.181752 28.226362
80 78 26.416807 18.357441 35.920318
22 73 41.947967 16.579845 45.730438
85 16 17.114870 25.583571 42.547603
50 19 36.048920 30.514575 21.167601
8 50 42.962970 28.278009 23.909795
73 85 47.315792 17.475817 11.902024
71 58 47.648898 34.902076 38.919855
79 14 24.537508 37.486293 17.553184
79 82 3.344137 12.362070 25.747267
0 2 27.073263 12.041595
1 9 34.401258 4.123106
1 6 25.388764 9.899495
2 8 39.340051 82.036577
2 7 29.179963 51.244512
3 8 44.106221 6.324555
4 9 7.933439 69.354164
5 8 35.405439 79.605276
6 9 10.027691 6.708204
7 9 13.989280 25.298221
