9 11 19666 1282 20
34 60 15.283983 10.268571 6.284078
68 1 12.815819 7.700401 40.774378
84 62 17.308306 2.800434 13.141883
43 75 3.249189 17.527484 13.785950
39 61 41.297199 5.423260 30.869797
35 58 13.647448 20.627651 49.199450
36 66 39.962017 25.384207 32.781712
66 28 46.460254 8.815874 15.231424
48 43 44.320809 49.139082 44.014727
0 5 28.741849 2.236068
0 4 37.808609 5.099020
1 4 4.435174 66.640828
1 2 38.074685 63.063460
2 8 27.592447 40.706265
2 4 3.701810 45.011110
3 8 26.641678 32.388269
3 5 41.775085 18.788294
4 7 39.487668 42.638011
5 7 38.246629 43.139309
5 6 47.250062 8.062258
