10 10 20000 691 20
13 81 43.473834 20.343805 23.146085
80 78 23.573263 30.385219 6.748627
22 73 13.052641 15.687329 30.616184
85 16 39.444247 7.423079 26.452114
50 19 43.374495 30.488476 8.997805
8 50 26.848701 19.366975 42.583057
73 85 23.202084 12.508689 17.408449
71 58 47.013572 40.102823 3.793532
79 14 31.762077 38.622318 15.248472
79 82 34.969725 29.193032 46.499184
0 2 33.687548 12.041595
1 9 22.839686 4.123106
1 6 46.629201 9.899495
2 8 17.289802 82.036577
2 7 22.333292 51.244512
3 8 26.264069 6.324555
4 9 23.998792 69.354164
5 8 0.648923 79.605276
6 9 39.383689 6.708204
7 9 14.040843 25.298221
