10 10 18500 1043 20
13 81 44.940962 0.090893 38.934049
80 78 27.315563 48.623384 12.319131
22 73 18.504271 27.951677 0.570653
85 16 48.974314 3.760191 37.824971
50 19 0.840277 16.163547 48.414114
8 50 35.092183 42.482905 9.901894
73 85 32.407914 4.217959 8.698202
71 58 35.533310 40.655974 5.785777
79 14 3.009823 31.339049 9.110528
79 82 12.528576 45.804831 46.039220
0 2 2.702039 12.041595
1 9 29.864271 4.123106
1 6 32.876545 9.899495
2 8 8.628033 82.036577
2 7 44.410773 51.244512
3 8 30.913699 6.324555
4 9 0.247692 69.354164
5 8 20.100748 79.605276
6 9 16.274775 6.708204
7 9 7.687067 25.298221
