10 10 17945 785 20
13 81 32.455137 5.389887 3.247382
80 78 30.583738 45.501005 41.563664
22 73 17.986598 17.556596 36.334083
85 16 19.794823 24.872594 37.022083
50 19 14.003105 12.075899 0.342104
8 50 44.296972 14.592700 19.024704
73 85 33.465739 5.174437 3.998432
71 58 28.962485 39.716566 24.953735
79 14 41.476830 36.481845 13.824220
79 82 38.463982 12.144070 7.525660
0 2 39.066708 12.041595
1 9 15.203424 4.123106
1 6 45.823731 9.899495
2 8 2.408827 82.036577
2 7 48.025263 51.244512
3 8 1.902803 6.324555
4 9 18.659319 69.354164
5 8 15.613047 79.605276
6 9 36.631447 6.708204
7 9 36.610946 25.298221
