9 11 18000 871 20
34 60 14.387411 32.262971 13.128613
68 1 21.514108 42.850043 15.854888
84 62 19.242401 3.526110 15.149361
43 75 1.851316 28.365124 41.149176
39 61 22.601696 46.746943 16.731761
35 58 25.220273 31.856315 40.718734
36 66 7.688811 3.501310 5.920655
66 28 33.283150 9.875405 47.593118
48 43 23.597352 6.165328 14.251369
0 5 27.668290 2.236068
0 4 33.504577 5.099020
1 4 2.693979 66.640828
1 2 2.500494 63.063460
2 8 3.435247 40.706265
2 4 22.523053 45.011110
3 8 21.905969 32.388269
3 5 33.737290 18.788294
4 7 27.189098 42.638011
5 7 14.439747 43.139309
5 6 39.474957 8.062258
