9 11 19380 868 20
34 60 6.509544 23.055297 46.811599
68 1 1.341322 8.463082 5.968537
84 62 38.206799 28.164962 49.468350
43 75 20.552497 20.958359 37.224827
39 61 14.784573 43.084874 31.044952
35 58 35.518639 44.235838 38.892955
36 66 24.986714 1.122824 17.699831
66 28 42.856996 44.685208 47.974870
48 43 33.176345 11.152206 14.888269
0 5 16.809714 2.236068
0 4 35.699358 5.099020
1 4 18.626967 66.640828
1 2 27.356328 63.063460
2 8 24.213408 40.706265
2 4 28.902038 45.011110
3 8 24.228025 32.388269
3 5 49.822730 18.788294
4 7 7.823364 42.638011
5 7 6.036902 43.139309
5 6 22.257733 8.062258
