10 10 19404 635 20
13 81 5.216120 49.079703 24.045756
80 78 22.661739 36.784944 11.307651
22 73 41.566680 4.437381 32.141267
85 16 33.102433 36.585498 6.832185
50 19 49.040760 22.624036 20.345523
8 50 6.338487 10.988082 12.541457
73 85 29.291552 47.773655 29.058547
71 58 3.950353 12.575683 8.428135
79 14 9.125147 47.081602 17.474800
79 82 13.583313 25.329423 36.887231
0 2 31.339071 12.041595
1 9 8.422856 4.123106
1 6 5.426507 9.899495
2 8 20.373513 82.036577
2 7 12.419335 51.244512
3 8 39.824688 6.324555
4 9 21.229149 69.354164
5 8 6.494107 79.605276
6 9 40.690818 6.708204
7 9 9.811895 25.298221
