9 11 1853 741 20
34 60 14.034133 19.040144 39.094608
68 1 38.911383 14.630692 1.020200
84 62 10.749968 7.692651 48.773831
43 75 39.193176 35.006829 30.885980
39 61 17.487034 42.396853 39.755878
35 58 35.438115 46.015966 39.342242
36 66 41.465132 0.890368 28.003026
66 28 29.350703 26.297453 0.161568
48 43 35.998471 15.089600 42.075240
0 5 8.077587 2.236068
0 4 0.622047 5.099020
1 4 42.005701 66.640828
1 2 19.619237 63.063460
2 8 37.865697 40.706265
2 4 46.420678 45.011110
3 8 23.136837 32.388269
3 5 29.917854 18.788294
4 7 18.207280 42.638011
5 7 4.599437 43.139309
5 6 35.538468 8.062258
