9 11 22000 701 20
34 60 14.682801 6.840752 47.203234
68 1 39.917045 5.507109 2.156123
84 62 10.764110 23.190721 6.631745
43 75 19.918393 36.387222 2.716370
39 61 44.718804 37.084013 32.369509
35 58 34.310567 28.074253 45.682392
36 66 22.515810 41.509661 42.234691
66 28 6.375799 29.929650 3.253312
48 43 40.512486 41.407378 47.597142
0 5 15.430558 2.236068
0 4 14.055762 5.099020
1 4 3.767115 66.640828
1 2 28.633392 63.063460
2 8 17.852405 40.706265
2 4 49.604847 45.011110
3 8 5.907602 32.388269
3 5 25.933958 18.788294
4 7 18.484187 42.638011
5 7 36.631153 43.139309
5 6 3.885709 8.062258
