9 11 21275 2879 20
34 60 34.631645 25.106056 37.969550
68 1 34.407785 32.862331 2.346356
84 62 41.306610 13.434007 5.262053
43 75 14.622686 10.785924 9.521151
39 61 1.372250 34.981513 44.409373
35 58 10.674554 7.290860 14.673647
36 66 46.843759 30.612187 32.074769
66 28 28.534933 36.630123 15.589963
48 43 13.338353 37.646846 29.450424
0 5 4.794272 2.236068
0 4 31.992018 5.099020
1 4 26.401268 66.640828
1 2 44.796819 63.063460
2 8 44.633113 40.706265
2 4 32.443975 45.011110
3 8 38.014727 32.388269
3 5 39.597586 18.788294
4 7 16.234805 42.638011
5 7 33.872437 43.139309
5 6 48.402873 8.062258
