10 10 20782 438 20
13 81 12.259119 49.238534 5.804872
80 78 21.429883 35.816517 8.370772
22 73 22.730215 31.996707 31.465962
85 16 34.753410 19.766414 13.714898
50 19 14.286206 20.623511 10.011920
8 50 32.912933 26.074556 42.691681
73 85 27.435597 13.026458 35.292629
71 58 36.473602 12.477787 35.855073
79 14 14.728146 28.937120 37.907467
79 82 36.945237 7.324966 15.428085
0 2 31.028961 12.041595
1 9 34.407383 4.123106
1 6 12.486212 9.899495
2 8 7.135437 82.036577
2 7 40.484334 51.244512
3 8 35.749633 6.324555
4 9 31.316143 69.354164
5 8 18.376396 79.605276
6 9 27.446843 6.708204
7 9 27.324237 25.298221
