10 10 20413 709 20
13 81 28.852902 36.473413 36.111590
80 78 37.643656 28.970333 33.655129
22 73 22.542896 9.871552 28.517371
85 16 24.242513 6.489480 12.786442
50 19 11.529291 14.389818 49.911978
8 50 44.792467 10.115567 48.315362
73 85 20.256898 1.814693 2.516677
71 58 48.118978 13.695709 45.483879
79 14 21.508682 6.778762 35.618965
79 82 24.689096 3.724163 23.924952
0 2 13.058525 12.041595
1 9 38.408791 4.123106
1 6 21.318870 9.899495
2 8 36.334688 82.036577
2 7 46.705456 51.244512
3 8 15.693541 6.324555
4 9 9.165743 69.354164
5 8 10.619227 79.605276
6 9 12.768980 6.708204
7 9 12.870618 25.298221
