9 11 2106 1688 20
34 60 19.472044 2.079240 33.981555
68 1 28.433807 34.510876 48.968421
84 62 8.059614 45.889610 17.749810
43 75 2.194754 28.202774 49.980810
39 61 24.109482 47.598548 25.845249
35 58 9.357917 35.687395 32.390071
36 66 21.957342 15.270337 45.418315
66 28 8.691581 48.983229 36.593197
48 43 25.398621 8.999846 46.410678
0 5 48.366709 2.236068
0 4 26.371750 5.099020
1 4 40.573936 66.640828
1 2 27.163014 63.063460
2 8 46.331393 40.706265
2 4 18.164621 45.011110
3 8 30.497045 32.388269
3 5 40.723173 18.788294
4 7 17.367115 42.638011
5 7 41.803679 43.139309
5 6 35.455220 8.062258
