10 10 21517 629 20
13 81 23.998365 13.634828 32.144391
80 78 34.371894 12.576007 37.374772
22 73 9.204535 19.917159 47.258648
85 16 20.008523 19.240295 38.564274
50 19 4.602576 2.422644 9.905808
8 50 38.095655 49.225111 30.177652
73 85 34.708498 12.853794 8.365038
71 58 10.010026 36.104754 14.847291
79 14 46.707528 21.598113 33.759934
79 82 5.134685 10.179036 22.808145
0 2 32.544370 12.041595
1 9 39.322452 4.123106
1 6 42.934169 9.899495
2 8 11.544606 82.036577
2 7 27.737218 51.244512
3 8 47.987077 6.324555
4 9 45.146088 69.354164
5 8 16.182480 79.605276
6 9 46.068169 6.708204
7 9 8.618885 25.298221
