10 10 20543 1254 20
13 81 48.126310 42.275701 6.445462
80 78 15.876413 9.651015 31.255509
22 73 33.607824 47.606871 9.865933
85 16 7.854306 21.495396 9.326537
50 19 14.952180 29.834449 49.568023
8 50 10.475042 22.816127 40.143374
73 85 28.314026 35.749805 46.799833
71 58 6.145097 11.915851 35.511723
79 14 0.047857 21.388657 41.350064
79 82 44.452947 20.917015 35.150150
0 2 26.295804 12.041595
1 9 16.309270 4.123106
1 6 2.936789 9.899495
2 8 49.700774 82.036577
2 7 35.128928 51.244512
3 8 11.105034 6.324555
4 9 30.068910 69.354164
5 8 34.551729 79.605276
6 9 30.488307 6.708204
7 9 2.445057 25.298221
