10 10 20869 683 20
13 81 9.769609 3.133016 43.797761
80 78 1.703725 43.969384 36.160428
22 73 24.572555 23.360199 9.586166
85 16 26.822100 49.251812 0.634079
50 19 15.170780 49.407747 5.774605
8 50 24.731124 18.904353 38.296462
73 85 2.870083 15.442331 3.161300
71 58 4.684784 11.082974 24.690661
79 14 6.606796 18.861338 17.125766
79 82 45.962820 13.219696 10.686903
0 2 14.160508 12.041595
1 9 25.303204 4.123106
1 6 43.086495 9.899495
2 8 9.508850 82.036577
2 7 11.415504 51.244512
3 8 5.525544 6.324555
4 9 1.466803 69.354164
5 8 5.409701 79.605276
6 9 0.536612 6.708204
7 9 44.200525 25.298221
