10 10 25125 1016 20
13 81 40.967765 33.303633 34.499937
80 78 17.164407 6.505171 45.700266
22 73 6.560769 43.610869 49.200200
85 16 24.993521 24.985157 43.754180
50 19 21.608400 26.799768 0.331847
8 50 33.603165 27.252058 1.747275
73 85 44.157996 14.695732 8.979668
71 58 42.488639 31.569470 32.361774
79 14 27.019581 8.771413 24.033160
79 82 46.684653 11.651709 22.477130
0 2 6.088548 12.041595
1 9 35.534763 4.123106
1 6 4.323191 9.899495
2 8 33.955571 82.036577
2 7 0.282916 51.244512
3 8 48.468832 6.324555
4 9 37.817934 69.354164
5 8 13.796519 79.605276
6 9 25.559113 6.708204
7 9 15.341553 25.298221
