9 11 24000 792 20
34 60 9.114479 9.079791 31.448595
68 1 19.758855 0.750745 0.823593
84 62 12.324680 35.091745 46.209895
43 75 10.643188 49.582682 44.336134
39 61 17.224099 3.395210 0.571108
35 58 32.149603 16.149862 12.804826
36 66 42.554927 44.871788 0.620179
66 28 9.923698 4.617808 47.715839
48 43 32.102931 18.355299 32.131405
0 5 42.673158 2.236068
0 4 0.657588 5.099020
1 4 33.810255 66.640828
1 2 35.642985 63.063460
2 8 22.654139 40.706265
2 4 36.807328 45.011110
3 8 13.278232 32.388269
3 5 33.043950 18.788294
4 7 0.092263 42.638011
5 7 39.567669 43.139309
5 6 15.596591 8.062258
