10 10 23725 267 20
13 81 24.714785 47.229738 29.412676
80 78 36.813871 35.203355 37.084586
22 73 15.651622 18.232356 36.242960
85 16 3.225202 7.892457 39.154360
50 19 5.733988 30.496415 26.291533
8 50 33.114413 4.725058 49.556616
73 85 7.653129 35.353311 35.946212
71 58 23.342263 40.148742 45.329381
79 14 36.006848 45.465816 32.621660
79 82 39.632912 23.345642 44.984009
0 2 32.272889 12.041595
1 9 22.309598 4.123106
1 6 45.346659 9.899495
2 8 41.796445 82.036577
2 7 14.419659 51.244512
3 8 34.987304 6.324555
4 9 36.420689 69.354164
5 8 36.272718 79.605276
6 9 39.255363 6.708204
7 9 26.173976 25.298221
