10 10 22800 1274 20
13 81 30.539548 35.988966 12.655608
80 78 13.124902 24.144034 25.106465
22 73 29.872648 36.977083 18.371625
85 16 4.786840 40.171703 44.800219
50 19 21.059389 16.985683 19.470248
8 50 23.114613 7.810199 20.726701
73 85 44.919390 0.447673 42.191224
71 58 45.935314 4.503388 32.982143
79 14 15.776811 3.347343 10.241527
79 82 6.528786 7.416213 44.200999
0 2 27.637987 12.041595
1 9 39.840078 4.123106
1 6 17.982055 9.899495
2 8 34.130355 82.036577
2 7 31.576205 51.244512
3 8 26.579217 6.324555
4 9 21.963030 69.354164
5 8 16.710532 79.605276
6 9 31.661432 6.708204
7 9 15.050943 25.298221
