10 10 24697 930 20
13 81 3.263355 38.582191 10.526747
80 78 3.770689 29.880406 48.080342
22 73 1.791533 27.034426 9.314498
85 16 18.839993 32.224176 47.363778
50 19 11.038412 37.080938 40.328084
8 50 23.315215 38.149569 36.283273
73 85 47.010681 49.419246 25.535794
71 58 19.083964 39.681480 27.245628
79 14 10.708903 4.180506 27.988730
79 82 28.746251 10.183604 2.781216
0 2 33.992988 12.041595
1 9 17.307420 4.123106
1 6 44.116128 9.899495
2 8 29.887469 82.036577
2 7 4.487207 51.244512
3 8 33.438805 6.324555
4 9 37.109151 69.354164
5 8 43.672498 79.605276
6 9 9.530961 6.708204
7 9 29.433377 25.298221
