9 11 24930 1364 20
34 60 43.743461 10.009027 9.762960
68 1 21.511641 42.236270 24.802371
84 62 0.325159 16.020854 7.433684
43 75 24.129329 7.156962 22.702084
39 61 46.688803 27.574779 23.098682
35 58 31.601495 10.640604 16.828008
36 66 32.363010 34.007843 6.155873
66 28 40.565054 40.097992 29.923363
48 43 22.244104 23.683125 21.761225
0 5 14.774508 2.236068
0 4 37.299256 5.099020
1 4 11.336434 66.640828
1 2 21.815020 63.063460
2 8 8.703889 40.706265
2 4 36.707575 45.011110
3 8 25.331581 32.388269
3 5 23.808604 18.788294
4 7 20.359145 42.638011
5 7 28.983195 43.139309
5 6 25.566784 8.062258
