9 11 24209 377 20
34 60 12.912729 37.230612 34.189469
68 1 3.967111 42.150038 4.658073
84 62 44.283831 6.366893 16.718342
43 75 8.385242 0.398556 16.728733
39 61 8.636681 16.963212 33.816169
35 58 16.111178 48.857701 6.485284
36 66 43.165939 13.009167 45.302831
66 28 27.272749 40.399573 43.479114
48 43 10.704549 16.852183 11.731394
0 5 35.555994 2.236068
0 4 49.087278 5.099020
1 4 15.199148 66.640828
1 2 48.734393 63.063460
2 8 5.309185 40.706265
2 4 41.924391 45.011110
3 8 4.929169 32.388269
3 5 15.394675 18.788294
4 7 2.651153 42.638011
5 7 42.853135 43.139309
5 6 1.711108 8.062258
