10 10 2404 959 20
13 81 43.189257 42.542086 10.219528
80 78 35.160090 26.506978 26.623791
22 73 6.194398 44.306393 6.822135
85 16 19.200103 15.147730 35.694691
50 19 9.873923 30.389372 38.204411
8 50 20.778386 7.194860 37.544615
73 85 16.835972 44.000824 8.058676
71 58 25.245498 12.322615 12.922207
79 14 47.480245 1.263392 9.812319
79 82 9.964478 21.860865 27.346777
0 2 39.681268 12.041595
1 9 37.962938 4.123106
1 6 1.049000 9.899495
2 8 24.019388 82.036577
2 7 36.641720 51.244512
3 8 9.754637 6.324555
4 9 0.208449 69.354164
5 8 33.133939 79.605276
6 9 10.538205 6.708204
7 9 15.850200 25.298221
