10 10 24232 2129 20
13 81 9.946273 21.415172 39.021261
80 78 13.019911 33.389247 21.945664
22 73 44.369309 35.953278 41.034988
85 16 2.317009 48.099323 35.002765
50 19 3.976667 16.285193 13.953107
8 50 25.072813 44.249044 1.730813
73 85 25.026345 18.485950 21.121474
71 58 0.294652 12.690024 31.435457
79 14 34.940740 49.082658 46.080971
79 82 44.444116 46.231645 18.519851
0 2 21.016538 12.041595
1 9 20.352171 4.123106
1 6 8.782746 9.899495
2 8 41.451146 82.036577
2 7 4.274347 51.244512
3 8 24.879070 6.324555
4 9 15.082489 69.354164
5 8 46.305742 79.605276
6 9 24.739921 6.708204
7 9 46.339205 25.298221
