100 570
33 42 72.444512
99 19 97.046961
12 84 79.714372
68 84 67.741853
72 31 59.757404
49 76 70.335659
64 36 55.126427
80 33 81.556922
60 77 69.762753
93 65 80.655392
59 99 60.187914
89 51 95.041437
53 61 57.386839
79 31 77.887376
32 3 78.581009
69 98 72.719503
84 73 86.824988
99 45 98.180438
58 37 67.044677
48 47 72.715284
5 93 66.032375
94 22 82.116135
65 59 90.414608
3 55 92.943700
55 75 69.761500
34 60 88.908568
75 7 76.045599
59 6 73.453401
11 85 85.102678
89 56 89.227478
99 14 86.422740
19 78 53.677110
5 69 94.509340
43 90 81.600066
19 16 65.139511
6 34 79.686510
33 75 92.674153
7 30 69.848538
20 19 57.945999
56 75 52.482344
31 62 87.960326
30 4 65.591540
85 2 78.730266
13 42 79.121110
74 28 86.104818
81 22 74.679152
17 64 57.944724
75 74 65.191696
44 66 55.390147
58 77 71.533388
79 70 97.067231
95 26 70.604599
30 17 92.097721
1 76 50.966994
66 60 66.272838
72 35 68.013768
33 30 89.625365
8 61 97.446929
71 12 84.894913
47 68 90.607147
30 66 85.335033
67 16 65.774865
71 9 57.857819
17 10 74.723042
52 91 97.686510
20 57 92.579676
55 47 88.267304
82 24 93.098265
52 7 92.789270
48 38 62.807946
43 7 72.281590
31 37 68.133582
39 25 81.022503
23 51 58.683550
93 45 89.990081
17 23 71.312176
23 16 72.310709
58 11 70.885441
12 9 99.554484
41 55 59.867057
58 71 75.411315
56 47 70.375759
5 21 59.460888
10 48 64.997725
74 7 89.169207
63 40 65.484860
29 3 92.909513
64 21 54.936486
49 53 56.131799
36 90 66.708559
63 68 75.661456
17 47 89.305332
90 78 50.029866
69 4 69.344502
55 51 98.369743
73 33 78.360817
56 49 61.536251
46 31 71.877504
83 44 63.857533
4 57 96.472064
0 96 57.553622 24.041631
0 90 86.050084 39.698866
0 82 92.062862 35.000000
0 71 50.555978 5.385165
0 70 68.009266 36.400549
0 69 93.920170 15.524175
0 61 54.023380 42.801869
0 59 51.238388 29.529646
0 49 64.158970 43.011626
0 37 70.921557 28.635642
0 22 91.422550 36.235342
1 84 94.727794 27.730849
1 77 95.428398 41.773197
1 74 85.862285 26.683328
1 72 58.916240 60.299254
1 56 87.481788 66.910388
1 51 81.384401 8.062258
1 42 71.257517 22.022716
1 21 70.880481 5.830952
1 11 88.017881 33.526109
2 96 72.427935 56.222771
2 73 72.783200 34.785054
2 66 53.756859 56.727418
2 65 91.700771 28.160256
2 58 72.986062 93.085982
2 20 54.172177 11.401754
3 96 77.411416 37.000000
3 94 54.555713 35.468296
3 90 92.632799 16.763055
3 89 73.904564 32.557641
3 73 88.364658 55.803226
3 66 75.789790 39.217343
3 59 77.810216 26.400758
3 50 96.001860 17.804494
3 25 53.290921 41.617304
3 16 72.004778 19.416488
3 6 83.949072 48.166378
4 88 78.898483 31.827661
4 87 58.359831 12.806248
4 85 53.663766 12.727922
4 77 60.033178 24.413111
4 66 85.309765 23.345235
4 65 91.722501 58.137767
4 62 74.355849 22.022716
4 50 92.260473 39.623226
4 26 52.748553 24.186773
4 22 83.384600 28.861739
4 7 77.600147 8.246211
4 6 56.538743 9.433981
5 93 58.219799 74.726167
5 79 65.247116 22.472205
5 39 75.544014 7.071068
5 35 98.439839 60.108236
5 31 74.912917 30.066593
5 24 89.062830 6.082763
5 16 50.638966 35.128336
5 12 80.840219 15.524175
5 8 76.282275 11.045361
5 7 77.357536 53.009433
6 98 59.905969 20.615528
6 85 81.662410 4.123106
6 73 50.211358 43.657760
6 72 80.791846 27.313001
6 69 74.735388 16.124515
6 61 57.448578 20.223748
6 58 89.146445 25.000000
6 56 73.508185 31.575307
6 55 94.655439 8.062258
6 54 69.096711 24.083189
6 50 74.599005 37.161808
6 45 75.025595 22.022716
6 42 62.096775 39.962482
6 36 70.594581 49.819675
6 22 50.749300 23.021729
6 7 80.999436 16.278821
7 95 85.632542 7.000000
7 93 86.488789 31.016125
7 77 94.048622 31.112698
7 74 68.165462 17.691806
7 55 78.999869 8.246211
7 54 54.698441 30.413813
7 44 90.966186 7.810250
7 37 94.894594 73.061618
7 27 61.381079 34.205263
7 25 75.288310 53.338541
7 24 64.599768 48.877398
7 10 68.006415 69.260378
8 98 92.044573 40.224371
8 90 94.730188 9.486833
8 88 52.603565 26.400758
8 80 53.210142 6.324555
8 60 74.540513 31.953091
8 59 67.163426 15.811388
8 55 64.758051 43.680659
8 39 74.924092 4.472136
8 36 70.108360 27.073973
9 85 54.214357 39.051248
9 79 91.449999 52.952809
9 60 79.584046 63.007936
9 55 55.544228 36.619667
9 28 56.970387 84.403791
9 12 91.644989 40.199502
9 11 52.696435 14.560220
9 10 94.823143 48.083261
10 83 65.180372 70.724819
10 80 76.810869 28.017851
10 65 69.647139 57.314920
10 64 51.899472 10.630146
10 59 84.288744 33.241540
10 49 84.138049 22.022716
10 28 80.533710 50.000000
10 22 62.900543 40.447497
10 16 96.479222 36.069378
11 92 62.854603 27.018512
11 81 67.377699 33.241540
11 61 77.507136 41.340053
11 53 76.232506 91.482239
11 50 95.261353 21.470911
11 49 96.930991 40.459857
11 48 82.504522 47.434165
11 29 98.237948 5.000000
11 26 99.544486 46.173586
11 24 96.183245 41.617304
11 19 64.367297 41.194660
11 17 99.024643 11.661904
12 80 64.565498 11.180340
12 59 91.027790 9.219544
12 32 92.413616 48.662100
12 28 65.269891 48.373546
12 22 83.448933 12.165525
13 96 51.670299 29.206164
13 95 60.528484 6.324555
13 90 57.788872 40.311289
13 87 55.661805 18.027756
13 74 78.118216 19.798990
13 70 50.661712 43.266615
13 67 62.279818 7.615773
13 62 80.530707 23.409400
13 59 51.055359 48.918299
13 55 62.309194 8.062258
13 51 98.134727 16.763055
13 48 95.789360 49.497475
13 45 89.646956 9.219544
13 26 50.776215 24.331050
14 82 95.769471 32.449961
14 70 83.506359 11.704700
14 68 55.031870 20.396078
14 65 64.337758 55.317267
14 63 93.417842 16.552945
14 61 70.186926 37.336309
14 44 75.517812 48.877398
14 18 76.492747 42.801869
15 86 97.038589 103.077641
15 79 74.290429 51.312766
15 50 64.586971 29.732137
15 49 84.880057 23.706539
15 48 65.247035 40.607881
15 40 88.407674 52.345009
15 36 73.614357 42.720019
16 90 96.045986 21.587033
16 80 58.692556 26.076810
16 74 66.171105 29.410882
16 60 57.777708 54.451814
16 59 90.861459 37.336309
16 54 94.536619 22.203603
16 50 97.204494 5.830952
16 40 61.900622 54.129474
16 39 67.818064 28.071338
16 29 74.582266 17.720045
17 96 65.037196 43.185646
17 92 61.706761 34.205263
17 85 73.467494 36.345564
17 74 80.251735 6.000000
17 45 87.486648 29.206164
17 30 86.212354 31.000000
18 97 65.905696 13.416408
18 96 80.991163 12.165525
18 94 52.092044 14.317821
18 92 52.979465 52.009614
18 81 58.001342 10.198039
18 79 76.782317 24.758837
18 77 75.669472 26.000000
18 59 53.528782 32.893768
18 56 55.505929 25.961510
18 55 95.903770 14.142136
18 41 96.363284 43.278170
18 40 61.830011 36.796739
18 36 52.572665 45.486262
18 28 94.351997 67.178866
18 20 79.641649 77.103826
19 98 70.497755 35.128336
19 97 76.317227 16.124515
19 95 52.114492 28.653098
19 94 69.244532 8.062258
19 88 82.188086 6.082763
19 40 98.677067 22.671568
19 37 50.188757 44.384682
19 36 55.169354 31.764760
19 35 75.915036 43.965896
19 27 82.155744 42.449971
19 24 68.748448 28.861739
19 22 64.692078 20.808652
20 73 99.272389 45.694639
20 58 63.254605 104.484449
20 53 92.262114 17.464249
20 40 76.105887 40.459857
20 32 62.219646 24.000000
20 25 66.945799 43.931765
20 22 54.753812 68.963759
21 98 97.007252 24.596748
21 95 52.208311 23.706539
21 74 90.653281 23.021729
21 61 57.998195 27.658633
21 58 67.885934 25.079872
21 45 54.205108 13.000000
21 44 59.264848 20.880613
21 42 60.847709 21.931712
21 38 90.934664 74.060786
21 30 58.432567 9.433981
21 29 97.422835 34.365681
22 91 54.533075 49.477268
22 90 63.748614 9.219544
22 80 63.191603 13.892444
22 79 62.829892 24.331050
22 74 51.998476 31.304952
22 73 53.823102 42.755117
22 70 89.423873 56.462377
23 99 67.958937 2.236068
23 96 73.076434 53.338541
23 94 86.092169 52.153619
23 89 82.883378 48.104054
23 78 82.324797 46.872167
23 75 50.211020 34.928498
23 71 72.437414 33.286634
23 70 94.646593 62.481997
23 56 98.485934 39.051248
23 38 81.367173 39.812058
23 34 97.703616 42.154478
23 31 58.675490 28.017851
23 25 98.038630 31.400637
24 82 85.345305 73.593478
24 65 96.567271 39.357337
24 58 99.611044 65.000000
24 56 72.546038 50.089919
24 48 62.548610 14.212670
24 47 84.751235 20.024984
24 39 55.596036 1.000000
24 36 97.953231 22.000000
24 33 76.012763 19.209373
24 31 76.204657 36.124784
25 85 89.672629 35.227830
25 81 85.902335 25.553865
25 66 85.520587 24.698178
25 60 69.876730 7.211103
25 49 90.742004 29.410882
25 33 75.484005 31.320920
25 32 91.133604 30.364453
25 28 98.070398 33.970576
26 96 70.838728 46.097722
26 93 82.614422 6.708204
26 88 54.926950 52.839379
26 86 72.368509 46.173586
26 85 96.855285 35.114100
26 75 61.545535 60.166436
26 68 91.981330 23.000000
26 56 55.416629 47.885280
26 42 78.328318 11.180340
26 38 73.273765 56.293872
26 29 81.014112 50.960769
26 27 63.179557 16.031220
27 93 69.369430 10.198039
27 84 95.871188 15.033296
27 77 68.183475 5.099020
27 75 69.196900 45.310043
27 72 66.469343 27.586228
27 68 57.532726 7.071068
28 99 92.106384 28.861739
28 97 95.700953 64.350602
28 81 76.241944 58.898217
28 53 74.523257 13.453624
28 46 64.997480 21.840330
28 34 77.844997 69.462220
28 31 86.826532 10.630146
29 99 59.047899 85.005882
29 98 99.808985 13.416408
29 97 58.085264 49.739320
29 96 99.801781 33.734256
29 95 82.327605 28.017851
29 94 53.376039 34.365681
29 84 54.905207 51.244512
29 77 63.231007 54.644304
29 72 75.868321 58.830264
29 65 98.540713 69.007246
29 39 93.509352 38.078866
29 38 77.655230 78.294317
30 98 95.473974 34.000000
30 94 54.715797 57.489129
30 77 78.433904 41.109610
30 70 85.462532 56.435804
30 61 85.910932 32.062439
31 96 73.963338 47.010637
31 77 54.318630 77.524190
31 65 68.479574 21.023796
31 60 69.946717 16.278821
31 58 91.766149 84.023806
31 36 96.911168 14.317821
31 35 67.888369 45.880279
32 89 55.346711 37.443290
32 74 62.079248 91.214034
32 73 91.896406 25.455844
32 65 51.186029 19.209373
32 57 92.429862 8.544004
33 79 68.865592 35.057096
33 65 78.726426 40.224371
33 48 50.227472 24.020824
33 39 60.524914 19.849433
34 75 76.382203 7.280110
34 72 88.609765 21.931712
34 67 60.236961 63.505905
34 63 51.581990 6.324555
34 49 76.660190 72.401657
34 46 98.661161 48.041649
34 40 65.574752 47.539457
34 38 66.633297 3.162278
34 35 64.774419 22.203603
35 83 91.522389 14.560220
35 79 97.344642 40.816663
35 75 95.458100 15.556349
35 73 52.170832 24.041631
35 60 88.338995 40.000000
35 57 81.381671 27.073973
35 55 63.528328 66.007575
35 51 73.613145 89.358827
36 90 61.620617 30.805844
36 64 64.892522 24.839485
36 59 76.904730 15.652476
36 57 67.411341 28.653098
36 48 88.124019 14.212670
36 39 86.619229 23.000000
37 88 74.461493 47.885280
37 79 80.363980 42.201896
37 73 54.384449 26.400758
37 70 98.755083 42.720019
37 68 71.257808 50.537115
37 67 58.265778 75.239617
37 63 80.186197 22.360680
37 56 77.331188 26.000000
37 54 64.569600 66.189123
38 90 68.210690 65.192024
38 83 71.527402 30.675723
38 82 70.512183 15.132746
38 78 54.128591 12.806248
38 75 95.238442 5.000000
38 72 64.120998 19.924859
38 68 60.692504 34.176015
38 63 65.943892 9.486833
38 49 55.524070 69.339743
38 41 91.846437 18.027756
39 97 64.169115 45.122057
39 90 80.592818 9.899495
39 89 82.543860 25.000000
39 81 74.559757 28.000000
39 80 66.915791 4.472136
39 56 65.563193 50.537115
39 55 96.837920 43.081318
39 48 75.850034 15.000000
39 47 82.372681 19.026298
40 73 60.101132 13.601471
40 65 65.300284 12.083046
40 60 73.478422 4.123106
40 58 67.711902 64.031242
40 57 63.770375 23.021729
41 91 98.493679 44.922155
41 88 61.156771 52.554733
41 86 98.131895 1.414214
41 83 96.763172 48.332184
41 78 55.163380 18.681542
41 61 94.706759 38.897301
41 55 80.321866 52.201533
42 84 75.105447 12.083046
42 80 85.699012 74.094534
42 64 63.283360 94.921020
42 58 85.802823 17.204651
43 91 68.008658 6.403124
43 87 55.619057 55.154329
43 82 81.800680 22.472205
43 75 68.662851 19.416488
43 66 79.851174 42.296572
43 65 62.297941 16.552945
44 95 57.838111 5.099020
44 80 71.960481 45.880279
44 79 61.534856 42.638011
44 77 67.763561 23.345235
44 76 88.483420 52.392748
44 68 99.393886 30.413813
44 67 90.082622 8.944272
44 61 81.646376 13.892444
44 58 68.981922 16.278821
44 55 70.467256 7.280110
45 92 80.143917 56.718604
45 84 61.433124 16.552945
45 77 71.713642 25.495098
45 70 50.556388 40.853396
45 67 64.260874 2.236068
45 51 95.539396 14.560220
46 79 63.710357 25.632011
46 59 64.208178 30.265492
46 53 86.209998 20.000000
47 61 68.269020 58.549125
47 56 88.305413 60.827625
47 55 77.835871 39.115214
47 54 71.938702 16.643317
47 50 53.577746 5.656854
48 91 92.014207 33.015148
48 77 64.225439 56.753854
48 72 65.371315 41.303753
48 57 65.458030 36.345564
48 55 50.829441 41.773197
49 89 87.805760 25.553865
49 80 58.981706 6.000000
49 70 79.931720 71.589105
49 64 54.958693 15.231546
50 92 66.134155 13.601471
50 73 98.053239 59.135438
50 54 85.068009 16.401219
50 51 98.175605 46.818800
51 88 62.639464 53.338541
51 75 66.709148 78.057671
51 59 99.293864 63.780875
51 55 96.034072 24.698178
52 85 75.101720 40.224371
52 78 66.977401 19.697716
52 76 95.017012 7.071068
52 72 56.135524 12.041595
52 66 75.350613 39.051248
52 58 65.380978 41.303753
52 57 79.812293 49.193496
53 98 98.163209 88.022724
53 85 73.970828 71.693793
53 65 91.504155 26.870058
53 57 89.548002 16.552945
54 96 77.314047 14.866069
54 80 80.744439 13.601471
54 69 73.340705 28.425341
54 59 85.946438 20.615528
54 58 86.914183 48.259714
54 57 66.181829 58.008620
55 98 99.808169 14.212670
55 93 81.978966 31.144823
55 74 85.185432 23.259407
55 69 79.866771 24.186773
56 85 52.704653 31.622777
56 84 89.898356 47.010637
56 80 77.833794 48.020829
56 75 61.313179 17.464249
56 66 88.783762 27.802878
57 69 83.170746 46.141088
57 65 87.059711 12.649111
57 64 85.883931 53.254108
58 97 99.670184 31.400637
58 83 55.045509 70.830784
58 62 86.027231 3.000000
59 97 70.353082 37.013511
59 95 76.724062 43.600459
59 88 61.533367 15.132746
59 74 54.154947 51.429563
59 69 94.892486 30.016662
59 67 70.571326 56.222771
59 66 59.816995 22.472205
59 62 56.665161 63.694584
60 95 87.097404 54.203321
60 91 50.044341 23.021729
60 90 72.617893 33.060551
60 89 89.680878 24.738634
60 82 79.499591 51.478151
60 80 95.849375 28.442925
60 76 74.554785 50.487622
61 87 63.042059 5.830952
61 77 83.795697 10.295630
61 69 84.089526 29.068884
62 82 62.527446 67.082039
63 78 87.577394 5.099020
63 71 57.795905 30.413813
64 81 56.286680 44.181444
65 83 83.918821 13.453624
65 79 61.784217 21.095023
65 78 52.248728 48.662100
65 73 59.184243 6.708204
66 90 97.028212 22.472205
66 87 70.533273 27.513633
66 85 87.982268 10.630146
66 81 66.599439 1.000000
66 67 76.173386 35.468296
67 97 85.250789 36.674242
67 95 83.873308 12.727922
67 86 89.518734 57.008771
67 80 96.961942 52.773099
67 72 72.760681 43.011626
68 87 71.824458 18.439089
68 86 83.190183 23.345235
68 85 96.809513 34.785054
68 75 72.640893 38.483763
69 97 97.199646 7.280110
69 96 86.696642 13.601471
69 95 91.111888 25.495098
69 94 83.331662 14.764823
69 83 71.906233 39.293765
69 76 66.691943 33.301652
69 73 63.853545 28.178006
69 72 98.460348 15.811388
70 93 69.190502 26.172505
70 85 93.391948 38.587563
70 84 88.345650 31.000000
70 82 54.429126 40.496913
70 77 64.942270 15.524175
71 97 94.620078 16.155494
71 94 50.435527 27.784888
71 87 61.349418 36.674242
71 86 78.561988 34.058773
72 85 81.419157 28.301943
72 81 80.086565 27.802878
73 93 98.691281 65.764732
73 92 65.304787 72.235725
73 83 98.605132 13.341664
73 81 91.782559 33.241540
74 98 94.133155 10.049876
74 96 55.353916 37.215588
74 94 70.973198 38.470768
74 84 89.022936 42.485292
75 92 86.324259 91.400219
75 91 69.673986 24.000000
75 82 63.526420 12.165525
76 94 63.479799 47.423623
76 83 57.386632 34.539832
76 82 92.299464 18.681542
76 77 51.290759 35.355339
77 80 72.397592 60.000000
78 83 99.638445 39.051248
79 97 90.834816 24.515301
79 96 79.350640 16.155494
79 91 75.423632 25.298221
79 88 69.517918 8.246211
79 85 71.516735 26.627054
80 96 71.339001 22.090722
80 95 57.656200 40.853396
80 87 88.265765 50.358713
81 97 81.351776 18.867962
81 96 86.394303 2.000000
81 94 82.123520 4.123106
82 85 94.369559 61.032778
83 96 77.543343 46.010868
83 91 52.702380 7.071068
84 95 97.360418 26.019224
85 98 80.009317 20.396078
85 97 74.769666 19.235384
85 95 98.514522 12.206556
85 92 67.087355 46.615448
86 99 78.100539 59.506302
86 94 89.692583 54.589376
87 93 55.176802 17.720045
88 96 52.932373 8.062258
90 98 65.392545 31.240999
90 97 86.994712 40.718546
90 96 98.064660 20.248457
91 94 87.407020 38.209946
92 98 89.423631 34.713110
92 95 85.160167 48.104054
93 98 76.411778 42.379240
94 96 96.069089 2.236068
94 95 70.721758 25.455844
