9 11 52 471 20
34 60 36.650727 8.564399 1.073786
68 1 35.269349 33.409498 38.786044
84 62 31.523258 2.699168 12.945616
43 75 36.599494 42.379923 37.372369
39 61 15.409065 29.307373 11.947506
35 58 24.962622 39.525114 47.926650
36 66 22.190634 35.025906 35.663032
66 28 12.636306 3.562870 1.016185
48 43 11.903428 47.260493 28.604210
0 5 23.851472 2.236068
0 4 1.438349 5.099020
1 4 37.433688 66.640828
1 2 17.168715 63.063460
2 8 6.330230 40.706265
2 4 19.393539 45.011110
3 8 32.253310 32.388269
3 5 10.338966 18.788294
4 7 46.580697 42.638011
5 7 20.346285 43.139309
5 6 7.692014 8.062258
