10 10 44326 253 20
13 81 48.560498 5.627722 46.755745
80 78 20.390844 47.413181 48.608544
22 73 2.692325 33.858811 24.395090
85 16 9.842850 24.081340 27.967254
50 19 27.795055 49.737492 22.846358
8 50 37.791233 16.031735 46.993843
73 85 25.429716 24.396779 15.637305
71 58 10.927418 33.947758 40.223569
79 14 11.216727 4.799965 22.896237
79 82 36.655719 39.959618 5.068698
0 2 25.467528 12.041595
1 9 5.511775 4.123106
1 6 41.518781 9.899495
2 8 3.138573 82.036577
2 7 48.360019 51.244512
3 8 13.483502 6.324555
4 9 15.030703 69.354164
5 8 14.058853 79.605276
6 9 16.049373 6.708204
7 9 46.701615 25.298221
