10 10 40711 389 20
13 81 10.454180 8.535157 46.091823
80 78 26.588054 5.075224 1.824984
22 73 27.390748 1.008260 2.224137
85 16 12.334653 11.662783 48.781191
50 19 9.849676 14.865171 15.141969
8 50 1.863731 23.386947 25.822784
73 85 7.938884 13.774469 18.722535
71 58 36.719883 11.290024 16.251612
79 14 21.679548 43.353827 4.094001
79 82 17.535993 20.077115 21.537530
0 2 31.475144 12.041595
1 9 21.483187 4.123106
1 6 25.023724 9.899495
2 8 30.440048 82.036577
2 7 42.691096 51.244512
3 8 4.314529 6.324555
4 9 35.621586 69.354164
5 8 6.492549 79.605276
6 9 30.444575 6.708204
7 9 0.750788 25.298221
