10 10 31047 1093 20
13 81 37.423869 49.117841 23.553716
80 78 38.906088 30.796807 35.685379
22 73 37.002146 29.085446 11.896524
85 16 0.889904 12.385929 43.239663
50 19 19.579373 20.032060 43.856951
8 50 6.042336 33.666418 42.229673
73 85 10.757407 9.735626 29.504321
71 58 38.723861 40.438343 10.324549
79 14 13.130401 21.001414 48.046494
79 82 10.700045 15.389940 35.891127
0 2 6.913407 12.041595
1 9 19.165006 4.123106
1 6 15.849774 9.899495
2 8 16.537706 82.036577
2 7 9.745606 51.244512
3 8 43.472360 6.324555
4 9 5.322005 69.354164
5 8 49.966505 79.605276
6 9 18.384757 6.708204
7 9 39.802673 25.298221
