9 11 49312 791 20
34 60 19.592537 14.179667 49.735357
68 1 45.179914 21.163442 19.410788
84 62 44.798388 27.702277 12.695036
43 75 41.646857 22.387278 35.763897
39 61 42.900162 9.029776 19.388514
35 58 5.415195 10.908198 48.472788
36 66 22.365925 10.205976 47.690190
66 28 0.869508 38.399566 38.364563
48 43 28.643190 13.660745 16.106768
0 5 29.997044 2.236068
0 4 11.299306 5.099020
1 4 29.477366 66.640828
1 2 39.199730 63.063460
2 8 3.842989 40.706265
2 4 12.951446 45.011110
3 8 37.323552 32.388269
3 5 15.851642 18.788294
4 7 41.480315 42.638011
5 7 24.298935 43.139309
5 6 20.051549 8.062258
