10 10 31857 1188 20
13 81 36.678850 41.102094 33.727350
80 78 46.451743 8.874446 12.350233
22 73 36.298640 23.739802 4.917481
85 16 46.017158 29.514384 7.468593
50 19 42.518616 18.993869 40.449242
8 50 13.168103 12.847035 26.352850
73 85 49.307186 36.452967 44.925781
71 58 39.392658 16.108556 35.788795
79 14 36.771367 42.095592 0.219727
79 82 7.195313 15.825666 10.725927
0 2 37.205144 12.041595
1 9 29.536384 4.123106
1 6 14.408825 9.899495
2 8 47.289785 82.036577
2 7 48.661148 51.244512
3 8 8.187008 6.324555
4 9 26.835560 69.354164
5 8 39.964379 79.605276
6 9 9.051927 6.708204
7 9 48.131843 25.298221
