9 11 26711 810 20
34 60 44.324668 22.314192 35.533282
68 1 45.009430 25.846737 25.939375
84 62 17.527045 30.208359 43.964271
43 75 14.358070 25.708683 21.944095
39 61 41.301385 46.592668 16.789692
35 58 11.939034 28.953334 45.542047
36 66 25.891188 2.351988 34.416910
66 28 26.084603 7.580089 1.517280
48 43 36.351896 44.014422 39.030067
0 5 9.305335 2.236068
0 4 0.560916 5.099020
1 4 44.274922 66.640828
1 2 38.840082 63.063460
2 8 0.844194 40.706265
2 4 21.560043 45.011110
3 8 37.432632 32.388269
3 5 17.121249 18.788294
4 7 41.279342 42.638011
5 7 44.926857 43.139309
5 6 19.011835 8.062258
