9 11 41931 416 20
34 60 13.082124 35.682348 20.103967
68 1 30.997340 43.980102 13.542947
84 62 11.750692 49.196050 10.194210
43 75 4.636802 12.491359 43.955393
39 61 8.798578 44.051868 7.037150
35 58 19.109939 34.685285 23.765965
36 66 11.184869 14.582648 7.288809
66 28 14.854512 15.399386 32.608419
48 43 17.757837 21.733730 2.109103
0 5 27.301028 2.236068
0 4 15.906498 5.099020
1 4 28.839254 66.640828
1 2 14.176484 63.063460
2 8 2.254704 40.706265
2 4 47.509826 45.011110
3 8 22.827248 32.388269
3 5 20.238819 18.788294
4 7 13.450933 42.638011
5 7 0.364284 43.139309
5 6 13.048589 8.062258
