9 11 50731 1224 20
34 60 27.785013 38.945184 4.994255
68 1 38.090923 25.666601 41.567891
84 62 18.958169 41.367446 25.989532
43 75 10.629727 30.937988 30.652688
39 61 28.663152 48.053778 10.197289
35 58 42.563301 10.977325 7.078843
36 66 33.945164 9.087286 46.315245
66 28 21.198907 10.910452 30.574172
48 43 3.733346 5.660288 11.711269
0 5 33.548495 2.236068
0 4 35.199164 5.099020
1 4 19.098098 66.640828
1 2 42.852642 63.063460
2 8 26.144700 40.706265
2 4 14.805270 45.011110
3 8 29.637351 32.388269
3 5 28.606425 18.788294
4 7 18.816019 42.638011
5 7 13.879828 43.139309
5 6 40.573433 8.062258
