9 11 50658 1621 20
34 60 30.721915 25.967355 17.879850
68 1 40.245648 11.974235 28.143065
84 62 12.238505 37.995392 22.500920
43 75 48.100171 19.858718 49.835975
39 61 47.371256 31.108242 14.799791
35 58 3.608145 28.858727 10.126127
36 66 39.307471 41.784864 1.885696
66 28 10.907828 40.988100 10.043934
48 43 35.837380 19.077126 36.082155
0 5 41.372053 2.236068
0 4 37.828222 5.099020
1 4 7.510804 66.640828
1 2 44.827760 63.063460
2 8 43.570182 40.706265
2 4 17.018658 45.011110
3 8 8.389811 32.388269
3 5 8.293529 18.788294
4 7 0.181700 42.638011
5 7 14.199413 43.139309
5 6 19.137116 8.062258
