9 11 37000 565 20
34 60 20.389165 7.759332 30.570272
68 1 5.603734 39.479547 12.715287
84 62 23.933440 49.005649 27.427719
43 75 11.948270 32.234401 26.092275
39 61 3.101311 30.535862 5.692009
35 58 17.335643 14.948141 3.182219
36 66 30.821269 41.335744 46.206848
66 28 47.356309 41.994905 39.660272
48 43 2.113922 8.907431 16.697134
0 5 42.779167 2.236068
0 4 9.804166 5.099020
1 4 41.579011 66.640828
1 2 0.379071 63.063460
2 8 22.904891 40.706265
2 4 20.224593 45.011110
3 8 37.595352 32.388269
3 5 6.526881 18.788294
4 7 5.370328 42.638011
5 7 34.749806 43.139309
5 6 34.095364 8.062258
