9 11 42558 261 20
34 60 2.469205 28.067892 40.472734
68 1 27.162688 16.642013 16.881536
84 62 26.345300 29.360681 44.704256
43 75 14.805242 38.780732 49.883951
39 61 18.936051 27.963957 24.373596
35 58 22.069140 37.115753 34.397946
36 66 38.879797 5.918798 26.704198
66 28 33.042176 7.715791 16.232760
48 43 3.402849 2.417975 0.698398
0 5 39.501720 2.236068
0 4 32.244087 5.099020
1 4 41.608293 66.640828
1 2 44.043452 63.063460
2 8 3.836730 40.706265
2 4 42.126595 45.011110
3 8 9.899101 32.388269
3 5 26.136580 18.788294
4 7 4.455096 42.638011
5 7 49.816510 43.139309
5 6 27.781801 8.062258
