10 10 36176 2029 20
13 81 42.641514 20.879875 45.373247
80 78 44.275376 26.997185 22.986653
22 73 14.383800 27.475477 0.761507
85 16 18.136467 32.531757 8.962701
50 19 14.224188 27.577840 4.863750
8 50 30.855694 38.414666 35.357970
73 85 22.411358 12.228395 17.471246
71 58 28.999656 3.246437 37.196316
79 14 9.955578 47.793105 4.986451
79 82 27.364397 1.506464 39.348758
0 2 37.807232 12.041595
1 9 16.161042 4.123106
1 6 19.476889 9.899495
2 8 47.913292 82.036577
2 7 25.116832 51.244512
3 8 1.950951 6.324555
4 9 42.647162 69.354164
5 8 25.251753 79.605276
6 9 17.737404 6.708204
7 9 31.836292 25.298221
