9 11 26444 467 20
34 60 11.216134 13.288021 46.638090
68 1 13.508759 49.211743 14.770243
84 62 3.291720 17.178516 4.438156
43 75 26.011049 48.156890 31.098698
39 61 14.740152 33.820649 5.583088
35 58 25.737034 7.852482 46.264401
36 66 32.223833 0.220946 48.047196
66 28 46.222876 40.178082 12.559096
48 43 20.872855 38.231473 17.684609
0 5 26.321532 2.236068
0 4 33.472548 5.099020
1 4 1.493860 66.640828
1 2 34.706568 63.063460
2 8 46.530007 40.706265
2 4 30.454104 45.011110
3 8 17.881058 32.388269
3 5 30.351067 18.788294
4 7 0.285310 42.638011
5 7 26.065062 43.139309
5 6 10.437923 8.062258
