10 10 34729 565 20
13 81 49.109698 44.245511 5.842972
80 78 17.678728 46.028029 11.509689
22 73 30.040962 27.211185 35.977810
85 16 11.108438 24.540207 29.589559
50 19 42.993567 37.547524 37.754778
8 50 32.287921 11.309368 40.387283
73 85 16.487974 6.460197 38.663212
71 58 35.788802 30.591418 34.663781
79 14 33.046229 43.286581 15.083074
79 82 26.380485 20.818900 10.884940
0 2 4.496247 12.041595
1 9 38.763837 4.123106
1 6 26.418895 9.899495
2 8 45.594157 82.036577
2 7 10.575117 51.244512
3 8 19.234615 6.324555
4 9 11.971855 69.354164
5 8 21.983228 79.605276
6 9 1.324124 6.708204
7 9 5.819203 25.298221
