9 11 31523 1186 20
34 60 47.149758 9.887478 15.876051
68 1 49.322531 29.403954 19.669413
84 62 4.722107 44.004695 8.910030
43 75 6.577277 36.646196 0.698864
39 61 33.723426 25.144161 37.601780
35 58 26.730584 31.961274 35.832256
36 66 44.709968 36.174788 28.123208
66 28 37.925972 33.285398 42.413695
48 43 5.922035 9.809442 3.901750
0 5 13.581374 2.236068
0 4 4.209817 5.099020
1 4 41.568807 66.640828
1 2 37.343579 63.063460
2 8 34.531524 40.706265
2 4 4.396085 45.011110
3 8 28.425532 32.388269
3 5 45.217408 18.788294
4 7 0.062052 42.638011
5 7 10.028848 43.139309
5 6 30.019580 8.062258
