9 11 47404 2306 20
34 60 13.431055 43.720138 40.908513
68 1 41.443712 30.317633 8.755900
84 62 20.628570 19.678830 0.910768
43 75 32.484061 5.537249 1.837785
39 61 4.977417 35.663786 39.811397
35 58 33.584498 32.381544 44.311702
36 66 33.510066 30.322668 22.563892
66 28 41.378683 15.897228 31.840038
48 43 8.081010 15.730262 38.240085
0 5 1.853962 2.236068
0 4 45.976297 5.099020
1 4 33.232936 66.640828
1 2 49.156978 63.063460
2 8 7.810737 40.706265
2 4 15.444448 45.011110
3 8 46.665029 32.388269
3 5 29.953343 18.788294
4 7 33.668157 42.638011
5 7 21.770427 43.139309
5 6 15.244053 8.062258
