10 10 28272 801 20
13 81 35.642258 29.104291 22.181064
80 78 23.522913 9.210853 1.056445
22 73 32.442680 18.742290 34.131289
85 16 18.731419 10.686412 24.011184
50 19 18.429410 36.621090 11.546087
8 50 36.654707 32.529126 4.021037
73 85 38.960980 37.819125 22.323786
71 58 0.402333 43.048245 18.298481
79 14 3.073572 17.051978 17.727336
79 82 10.038182 45.181578 46.788104
0 2 2.736238 12.041595
1 9 31.967428 4.123106
1 6 8.720973 9.899495
2 8 45.333459 82.036577
2 7 43.450720 51.244512
3 8 45.832731 6.324555
4 9 38.215359 69.354164
5 8 35.677490 79.605276
6 9 16.961196 6.708204
7 9 24.368171 25.298221
