9 11 44632 567 20
34 60 30.455616 38.000905 16.287099
68 1 27.589809 4.864835 33.784099
84 62 11.363002 22.340720 23.532835
43 75 13.052121 47.726738 43.793206
39 61 10.886352 49.802561 18.134608
35 58 27.416218 18.471540 9.585330
36 66 49.523186 0.900296 21.707312
66 28 0.251911 35.647301 32.588215
48 43 7.837460 46.537736 22.927322
0 5 25.535447 2.236068
0 4 42.820930 5.099020
1 4 46.271488 66.640828
1 2 1.185411 63.063460
2 8 35.045906 40.706265
2 4 10.081252 45.011110
3 8 18.647585 32.388269
3 5 11.601074 18.788294
4 7 19.485230 42.638011
5 7 10.528679 43.139309
5 6 14.253196 8.062258
