9 11 48071 703 20
34 60 14.582439 34.754354 47.111303
68 1 7.371589 40.602454 26.017334
84 62 11.817098 23.901818 5.755247
43 75 10.727691 18.666241 31.904925
39 61 44.415678 47.097163 16.582420
35 58 2.038299 38.553517 38.195666
36 66 15.976174 33.632324 19.108303
66 28 5.702507 49.761015 37.417749
48 43 10.368469 13.741487 43.996540
0 5 35.550164 2.236068
0 4 4.017820 5.099020
1 4 11.778869 66.640828
1 2 13.108321 63.063460
2 8 8.040164 40.706265
2 4 49.001019 45.011110
3 8 11.224831 32.388269
3 5 33.083836 18.788294
4 7 42.302031 42.638011
5 7 2.740552 43.139309
5 6 21.666329 8.062258
