9 11 30483 270 20
34 60 38.063231 6.473504 7.716031
68 1 42.639743 6.092818 17.013631
84 62 12.163700 29.521528 24.803257
43 75 46.104105 32.471381 30.164589
39 61 18.509251 47.163078 18.897755
35 58 16.731613 18.211499 19.018960
36 66 31.919111 34.046360 18.239079
66 28 16.361532 9.391979 14.687614
48 43 27.157808 4.641541 38.251626
0 5 1.970769 2.236068
0 4 48.530278 5.099020
1 4 0.037703 66.640828
1 2 36.998417 63.063460
2 8 26.308709 40.706265
2 4 32.752855 45.011110
3 8 40.884979 32.388269
3 5 10.673236 18.788294
4 7 5.391572 42.638011
5 7 6.583783 43.139309
5 6 46.551963 8.062258
