10 10 31285 314 20
13 81 49.690194 39.080481 2.210688
80 78 27.569228 38.113034 34.502778
22 73 17.432761 25.578415 31.876998
85 16 5.496194 6.813642 16.577592
50 19 14.531023 15.051334 28.026877
8 50 18.163893 10.977332 12.950582
73 85 39.793939 10.229745 34.097420
71 58 32.056027 27.512113 43.690844
79 14 36.724804 21.674754 19.376872
79 82 38.038495 16.120575 9.206238
0 2 47.651542 12.041595
1 9 2.591606 4.123106
1 6 45.386111 9.899495
2 8 27.012055 82.036577
2 7 14.754550 51.244512
3 8 16.553821 6.324555
4 9 47.418253 69.354164
5 8 36.085359 79.605276
6 9 41.493807 6.708204
7 9 29.074337 25.298221
