9 11 40692 417 20
34 60 26.255732 13.993218 10.324606
68 1 31.360982 20.622800 4.218268
84 62 12.364997 10.074521 15.303928
43 75 20.421304 43.186602 17.955156
39 61 24.206365 37.081660 18.301503
35 58 11.475594 38.461452 22.798784
36 66 27.393554 48.482125 3.385678
66 28 45.629589 19.723797 2.912844
48 43 47.451352 18.057596 36.098628
0 5 40.282284 2.236068
0 4 5.708967 5.099020
1 4 11.845367 66.640828
1 2 46.387489 63.063460
2 8 13.581756 40.706265
2 4 2.858990 45.011110
3 8 41.945913 32.388269
3 5 45.686877 18.788294
4 7 26.109206 42.638011
5 7 17.898273 43.139309
5 6 35.074497 8.062258
