9 11 27888 1343 20
34 60 15.408093 48.143513 45.201635
68 1 34.617908 36.794014 16.952038
84 62 23.719269 12.452956 3.295196
43 75 9.634784 15.963542 13.070913
39 61 7.946364 13.042049 7.468420
35 58 19.335953 41.105388 32.779426
36 66 25.617424 45.078292 12.011024
66 28 7.953685 44.925036 0.746728
48 43 47.821865 9.843119 23.411551
0 5 31.485288 2.236068
0 4 35.588180 5.099020
1 4 21.549209 66.640828
1 2 42.281811 63.063460
2 8 24.902701 40.706265
2 4 42.690855 45.011110
3 8 17.033394 32.388269
3 5 32.075035 18.788294
4 7 10.809294 42.638011
5 7 1.868456 43.139309
5 6 19.846129 8.062258
