10 10 27866 298 20
13 81 8.836210 36.394362 49.713195
80 78 7.479257 29.628300 39.004465
22 73 4.323622 42.169039 20.313930
85 16 36.392198 36.524825 36.775203
50 19 40.028275 25.273897 33.377770
8 50 27.403317 16.568508 12.159019
73 85 16.023500 1.972757 49.030926
71 58 13.398143 41.505969 37.820792
79 14 8.820445 29.544367 22.260443
79 82 36.989946 26.554543 7.102686
0 2 12.044685 12.041595
1 9 8.023537 4.123106
1 6 41.319397 9.899495
2 8 4.571011 82.036577
2 7 10.339482 51.244512
3 8 19.951645 6.324555
4 9 32.268842 69.354164
5 8 46.444221 79.605276
6 9 22.534862 6.708204
7 9 25.168494 25.298221
