9 11 25958 417 20
34 60 37.311037 7.891633 3.089451
68 1 41.540881 41.833462 3.495555
84 62 8.905095 36.094167 41.971831
43 75 1.877101 1.279284 42.239045
39 61 26.885319 28.628360 16.298572
35 58 25.055036 17.997831 18.337600
36 66 3.061142 40.735163 1.668404
66 28 30.114640 38.536618 38.039266
48 43 41.522624 8.417058 4.505088
0 5 6.526951 2.236068
0 4 25.046987 5.099020
1 4 40.002025 66.640828
1 2 19.488211 63.063460
2 8 27.952431 40.706265
2 4 40.868929 45.011110
3 8 3.475356 32.388269
3 5 24.341000 18.788294
4 7 33.443379 42.638011
5 7 44.885081 43.139309
5 6 14.676723 8.062258
