10 10 35216 651 20
13 81 2.604487 20.886535 0.850209
80 78 31.698404 14.602615 49.431406
22 73 33.111045 48.786190 48.388957
85 16 6.150890 22.770404 19.411473
50 19 10.543058 7.737249 12.914725
8 50 19.277681 28.563942 35.564386
73 85 15.028836 44.960363 44.055104
71 58 38.413239 28.799271 28.663442
79 14 22.169246 8.950980 14.578563
79 82 16.085676 16.528100 24.158449
0 2 25.994168 12.041595
1 9 43.103276 4.123106
1 6 49.609540 9.899495
2 8 25.295545 82.036577
2 7 12.323854 51.244512
3 8 31.804849 6.324555
4 9 11.032076 69.354164
5 8 38.492946 79.605276
6 9 42.275681 6.708204
7 9 8.493910 25.298221
