9 11 25520 1389 20
34 60 25.378351 29.411981 46.001248
68 1 6.457270 4.147203 4.034505
84 62 11.901561 47.194145 33.674479
43 75 12.825131 4.821231 33.041284
39 61 26.703793 16.360636 17.645279
35 58 40.311256 15.859129 1.945529
36 66 40.409974 9.014975 46.973331
66 28 21.474614 15.890034 43.305843
48 43 40.352190 16.494918 38.982120
0 5 16.380493 2.236068
0 4 30.259102 5.099020
1 4 10.387880 66.640828
1 2 26.269263 63.063460
2 8 23.213222 40.706265
2 4 29.104554 45.011110
3 8 22.500373 32.388269
3 5 10.212016 18.788294
4 7 28.086452 42.638011
5 7 23.981866 43.139309
5 6 24.150428 8.062258
