10 10 45170 410 20
13 81 41.285897 18.725983 33.099251
80 78 6.476219 12.965573 28.167829
22 73 37.267100 43.123821 41.786709
85 16 37.150216 17.929048 4.710319
50 19 48.564908 37.723702 5.234100
8 50 26.622955 38.440733 28.651970
73 85 20.671695 48.188314 30.671770
71 58 26.906299 29.517593 33.153723
79 14 14.718718 29.715776 5.354693
79 82 20.427554 26.202399 13.892052
0 2 44.702406 12.041595
1 9 48.572424 4.123106
1 6 22.774141 9.899495
2 8 28.080751 82.036577
2 7 49.847465 51.244512
3 8 40.400976 6.324555
4 9 39.234352 69.354164
5 8 22.764294 79.605276
6 9 41.232857 6.708204
7 9 16.553819 25.298221
