10 10 31642 649 20
13 81 36.667899 31.288352 6.641831
80 78 18.556146 38.708571 27.183985
22 73 24.343450 16.538752 24.163234
85 16 41.374279 23.119715 48.367489
50 19 20.017331 33.003952 40.346702
8 50 27.520725 41.403666 9.459755
73 85 14.579831 7.513432 6.238961
71 58 20.435426 47.255756 28.575513
79 14 36.970599 3.834050 11.833524
79 82 18.869471 12.555662 35.303069
0 2 41.110410 12.041595
1 9 42.942081 4.123106
1 6 30.797906 9.899495
2 8 21.855371 82.036577
2 7 24.649715 51.244512
3 8 29.611778 6.324555
4 9 48.290904 69.354164
5 8 33.491773 79.605276
6 9 41.824613 6.708204
7 9 23.060698 25.298221
