10 10 33177 1607 20
13 81 48.782264 31.651715 10.308931
80 78 3.333978 26.007784 16.806408
22 73 24.931837 14.780336 40.781202
85 16 31.179242 32.390405 32.163410
50 19 10.482772 25.636151 23.332520
8 50 35.187237 23.018616 45.357879
73 85 3.589626 22.109067 23.859887
71 58 11.351432 28.415542 8.601616
79 14 6.980642 17.882760 16.747487
79 82 42.991270 41.631569 16.379447
0 2 37.218906 12.041595
1 9 30.080413 4.123106
1 6 38.126768 9.899495
2 8 45.693796 82.036577
2 7 12.742303 51.244512
3 8 5.178677 6.324555
4 9 24.252872 69.354164
5 8 33.715795 79.605276
6 9 28.761850 6.708204
7 9 17.952350 25.298221
