9 11 3513 373 20
34 60 36.218219 35.079125 26.300184
68 1 13.182462 36.939973 12.560687
84 62 23.133296 41.925081 33.259901
43 75 45.595947 23.753094 28.650783
39 61 7.339268 4.635051 40.073437
35 58 26.056450 5.596454 34.610140
36 66 39.179787 28.587443 35.750313
66 28 0.339001 27.826665 36.186932
48 43 18.457719 27.834945 16.937738
0 5 35.868198 2.236068
0 4 19.209849 5.099020
1 4 20.091946 66.640828
1 2 41.454080 63.063460
2 8 5.696239 40.706265
2 4 12.326618 45.011110
3 8 18.924409 32.388269
3 5 5.275431 18.788294
4 7 11.196458 42.638011
5 7 36.784139 43.139309
5 6 44.181932 8.062258
