10 10 4976 338 20
13 81 42.705461 4.822762 17.036266
80 78 41.032460 45.117433 47.333311
22 73 5.076915 35.677429 40.398797
85 16 37.651840 29.120329 25.234185
50 19 30.620963 32.711292 0.735141
8 50 4.611659 40.100429 22.547548
73 85 39.727205 35.469076 48.926109
71 58 20.430909 37.158868 43.118071
79 14 47.051056 39.593275 7.829012
79 82 4.951906 9.787820 32.687226
0 2 24.955920 12.041595
1 9 48.423635 4.123106
1 6 42.430377 9.899495
2 8 7.425992 82.036577
2 7 29.959746 51.244512
3 8 47.147165 6.324555
4 9 12.314025 69.354164
5 8 34.865312 79.605276
6 9 0.373980 6.708204
7 9 36.173458 25.298221
