9 11 27488 1652 20
34 60 17.262085 45.558125 40.279892
68 1 22.898921 49.747327 35.160526
84 62 8.717298 25.495998 31.351676
43 75 1.291075 20.448607 40.603923
39 61 44.872537 16.739616 28.808997
35 58 4.198529 39.626805 28.858548
36 66 18.738787 49.405637 24.853393
66 28 31.316698 49.310712 25.083622
48 43 21.964456 30.200345 41.089300
0 5 5.340886 2.236068
0 4 40.997066 5.099020
1 4 9.493241 66.640828
1 2 37.004855 63.063460
2 8 11.423673 40.706265
2 4 44.406244 45.011110
3 8 13.095085 32.388269
3 5 4.591081 18.788294
4 7 24.473086 42.638011
5 7 46.525477 43.139309
5 6 25.380916 8.062258
