10 10 42294 1210 20
13 81 17.476832 3.985604 28.885523
80 78 5.830624 42.492546 5.890089
22 73 45.439950 24.554303 27.916675
85 16 14.623076 22.453762 42.190267
50 19 22.768385 48.479629 29.914732
8 50 25.849827 35.027323 40.370833
73 85 14.072191 38.136200 49.758641
71 58 17.213532 12.885213 36.506915
79 14 20.100304 40.705702 37.576317
79 82 24.924410 2.586356 28.026055
0 2 10.194908 12.041595
1 9 3.246851 4.123106
1 6 10.174421 9.899495
2 8 17.747813 82.036577
2 7 46.383710 51.244512
3 8 18.411519 6.324555
4 9 23.003862 69.354164
5 8 12.779495 79.605276
6 9 41.555820 6.708204
7 9 17.875087 25.298221
