10 10 36294 3989 20
13 81 46.731153 37.317215 4.557651
80 78 10.862012 12.676566 41.301857
22 73 22.936390 49.402505 2.178395
85 16 12.005641 6.041205 33.508228
50 19 19.664519 34.810798 10.810015
8 50 0.620516 34.152572 24.680779
73 85 46.646440 22.967192 30.635405
71 58 42.235666 15.870491 47.297553
79 14 12.373122 17.240426 37.239709
79 82 7.384061 8.342311 16.641594
0 2 2.721262 12.041595
1 9 36.576982 4.123106
1 6 14.499681 9.899495
2 8 18.353682 82.036577
2 7 11.371583 51.244512
3 8 46.015279 6.324555
4 9 36.561237 69.354164
5 8 46.979043 79.605276
6 9 36.933987 6.708204
7 9 27.516538 25.298221
