9 11 25979 2349 20
34 60 45.852162 27.558126 48.382277
68 1 22.484397 6.973442 3.481636
84 62 44.213332 33.693898 21.389846
43 75 42.472754 45.109822 29.983995
39 61 14.089048 48.774174 29.190667
35 58 39.370603 25.692800 16.991104
36 66 17.030984 44.070994 0.483316
66 28 9.978355 32.972542 12.663959
48 43 38.745058 0.068983 25.302316
0 5 23.732101 2.236068
0 4 42.304055 5.099020
1 4 29.308146 66.640828
1 2 42.696937 63.063460
2 8 34.447011 40.706265
2 4 44.208504 45.011110
3 8 2.943395 32.388269
3 5 15.737643 18.788294
4 7 18.098649 42.638011
5 7 25.442884 43.139309
5 6 23.569304 8.062258
