10 10 34479 2710 20
13 81 35.592873 20.217690 24.903309
80 78 48.697689 48.054936 40.634308
22 73 44.242719 11.223992 46.811907
85 16 19.500176 5.321774 33.812541
50 19 11.495883 9.075706 46.483032
8 50 24.286406 19.128728 13.780281
73 85 16.156554 7.368926 5.322687
71 58 34.416502 29.570281 1.767490
79 14 49.102949 19.886661 36.899026
79 82 24.629685 39.735814 48.651661
0 2 28.471621 12.041595
1 9 29.835049 4.123106
1 6 41.685418 9.899495
2 8 7.397946 82.036577
2 7 33.362202 51.244512
3 8 17.434271 6.324555
4 9 33.328025 69.354164
5 8 23.978284 79.605276
6 9 46.597936 6.708204
7 9 16.345051 25.298221
