9 11 47976 946 20
34 60 11.430487 7.504826 38.438327
68 1 49.111367 3.930408 39.049921
84 62 25.760997 0.373016 10.804476
43 75 29.002371 35.104328 20.375323
39 61 36.890847 24.695452 13.763286
35 58 36.423745 34.495015 31.015252
36 66 6.653808 1.327647 35.816320
66 28 19.175603 44.038386 49.284206
48 43 3.899640 45.732964 16.776539
0 5 19.256840 2.236068
0 4 22.732274 5.099020
1 4 8.850918 66.640828
1 2 35.541219 63.063460
2 8 27.691696 40.706265
2 4 37.948916 45.011110
3 8 14.913951 32.388269
3 5 47.908457 18.788294
4 7 5.475338 42.638011
5 7 11.872419 43.139309
5 6 43.753309 8.062258
