10 10 46184 3882 20
13 81 21.596666 30.420473 23.706690
80 78 16.749850 31.476621 27.884725
22 73 16.435294 17.524945 21.297661
85 16 28.163818 1.965729 30.118693
50 19 3.976781 29.816713 21.719387
8 50 3.894178 22.719686 20.787669
73 85 18.566247 21.761337 6.319522
71 58 1.395815 46.192565 33.035934
79 14 21.329042 39.295459 42.764352
79 82 7.462859 34.018389 26.317262
0 2 19.716817 12.041595
1 9 47.551030 4.123106
1 6 22.765175 9.899495
2 8 40.656457 82.036577
2 7 7.279952 51.244512
3 8 41.712709 6.324555
4 9 17.239378 69.354164
5 8 14.689217 79.605276
6 9 16.674220 6.708204
7 9 20.049768 25.298221
