9 11 48309 1116 20
34 60 22.332962 0.502931 38.103310
68 1 5.564889 27.143778 42.736042
84 62 2.154840 31.240936 30.660148
43 75 22.203625 44.822562 23.126145
39 61 31.279353 33.990099 28.295800
35 58 11.021760 9.702971 33.748439
36 66 46.308762 31.007775 21.798847
66 28 8.307454 5.914536 37.152032
48 43 7.475141 8.054199 8.745575
0 5 38.390301 2.236068
0 4 41.359000 5.099020
1 4 6.587284 66.640828
1 2 20.160033 63.063460
2 8 15.109663 40.706265
2 4 22.017159 45.011110
3 8 6.575525 32.388269
3 5 15.078471 18.788294
4 7 0.262741 42.638011
5 7 13.783017 43.139309
5 6 21.362317 8.062258
