9 11 40865 796 20
34 60 31.143319 44.353199 36.843104
68 1 40.411732 39.500636 25.467515
84 62 5.596706 36.050383 49.332269
43 75 21.330996 32.986851 16.977111
39 61 31.194212 22.222726 44.290961
35 58 21.955256 1.919744 38.510798
36 66 0.486749 24.439421 49.582559
66 28 36.313286 36.272431 42.134278
48 43 12.327792 18.453787 47.711731
0 5 29.151312 2.236068
0 4 28.387326 5.099020
1 4 45.565567 66.640828
1 2 32.729272 63.063460
2 8 46.662517 40.706265
2 4 6.196640 45.011110
3 8 47.961777 32.388269
3 5 32.086818 18.788294
4 7 28.968777 42.638011
5 7 1.556146 43.139309
5 6 41.850934 8.062258
