10 10 36058 1563 20
13 81 27.652498 20.963259 19.191694
80 78 28.147283 6.329572 45.949720
22 73 34.800531 36.902423 11.231218
85 16 3.500274 44.714025 4.188835
50 19 14.793597 15.993289 33.723082
8 50 45.613928 20.263827 31.981700
73 85 10.746798 44.790168 24.497630
71 58 49.879580 34.947706 28.465828
79 14 14.328863 6.760020 6.197036
79 82 38.346455 3.521124 7.709799
0 2 23.322862 12.041595
1 9 34.111651 4.123106
1 6 14.908367 9.899495
2 8 43.186742 82.036577
2 7 20.581666 51.244512
3 8 35.457999 6.324555
4 9 41.505516 69.354164
5 8 38.656868 79.605276
6 9 5.633751 6.708204
7 9 40.826350 25.298221
