9 11 4214 650 20
34 60 43.893927 38.121143 48.599765
68 1 46.189650 27.037583 32.007186
84 62 30.851788 39.729069 5.488090
43 75 47.206787 30.816415 39.153139
39 61 23.855562 19.005535 39.264468
35 58 45.182005 10.456640 34.960136
36 66 34.692412 18.748167 22.399738
66 28 44.242910 19.277223 21.432796
48 43 4.056473 45.985323 15.098173
0 5 8.567201 2.236068
0 4 31.712260 5.099020
1 4 30.853827 66.640828
1 2 42.143354 63.063460
2 8 19.667827 40.706265
2 4 35.189448 45.011110
3 8 37.727597 32.388269
3 5 38.188977 18.788294
4 7 29.436324 42.638011
5 7 23.399225 43.139309
5 6 36.577626 8.062258
