10 10 34562 559 20
13 81 37.194727 29.501204 2.581815
80 78 48.540938 46.746277 9.603283
22 73 4.954622 21.077988 3.513074
85 16 7.701328 27.412748 36.732029
50 19 11.371039 16.410954 9.377142
8 50 46.658844 34.980708 28.794301
73 85 19.460399 22.750018 46.763014
71 58 11.766030 13.605923 13.670139
79 14 34.636176 20.700287 12.585460
79 82 43.392193 15.647390 16.125373
0 2 37.113877 12.041595
1 9 40.461985 4.123106
1 6 39.575219 9.899495
2 8 40.640701 82.036577
2 7 11.826743 51.244512
3 8 33.794312 6.324555
4 9 29.691623 69.354164
5 8 43.574134 79.605276
6 9 15.517707 6.708204
7 9 48.228158 25.298221
