10 10 34104 581 20
13 81 34.414101 4.014822 15.203791
80 78 15.353303 3.629170 10.691933
22 73 41.702955 29.420934 34.710989
85 16 23.727217 2.689566 25.230314
50 19 3.829254 49.395122 49.855821
8 50 44.532116 9.672408 12.484407
73 85 46.476788 27.761898 28.094077
71 58 31.861339 30.550768 20.323980
79 14 32.002014 37.066856 17.074204
79 82 36.288930 28.039930 4.123730
0 2 29.845051 12.041595
1 9 44.307287 4.123106
1 6 17.859954 9.899495
2 8 11.467403 82.036577
2 7 47.605699 51.244512
3 8 25.790586 6.324555
4 9 34.999805 69.354164
5 8 25.957773 79.605276
6 9 40.145705 6.708204
7 9 33.826370 25.298221
