9 11 49062 1067 20
34 60 17.650059 24.155560 11.753360
68 1 18.353419 26.728922 45.095377
84 62 46.687338 18.428327 14.088109
43 75 28.562944 26.402753 5.924689
39 61 49.544462 28.805289 20.021107
35 58 44.799035 14.140671 13.941106
36 66 36.008430 21.804043 4.121537
66 28 42.729536 48.734203 19.903311
48 43 14.169236 6.436494 34.638955
0 5 1.218723 2.236068
0 4 25.806011 5.099020
1 4 15.750394 66.640828
1 2 10.488972 63.063460
2 8 43.167674 40.706265
2 4 35.528395 45.011110
3 8 23.958923 32.388269
3 5 44.053409 18.788294
4 7 25.546050 42.638011
5 7 44.678889 43.139309
5 6 3.012738 8.062258
