9 11 31404 821 20
34 60 28.199626 35.487749 43.108774
68 1 45.413807 36.005355 43.024937
84 62 6.323852 4.652599 12.621236
43 75 28.259608 35.186695 40.959531
39 61 36.060991 7.588643 10.519544
35 58 10.785304 21.329248 16.973027
36 66 5.421797 23.148343 22.595473
66 28 17.293801 22.272814 42.850747
48 43 27.295172 2.905183 34.982557
0 5 45.068939 2.236068
0 4 11.272756 5.099020
1 4 7.464421 66.640828
1 2 15.789247 63.063460
2 8 14.968279 40.706265
2 4 45.032059 45.011110
3 8 32.027491 32.388269
3 5 22.485511 18.788294
4 7 13.541824 42.638011
5 7 41.150248 43.139309
5 6 13.442328 8.062258
