10 10 2872 1367 20
13 81 41.284693 31.510916 40.520212
80 78 20.441821 4.970362 40.362015
22 73 38.943066 10.963587 13.192816
85 16 21.024093 40.723403 35.383158
50 19 2.917325 47.116769 29.772313
8 50 24.741665 1.449015 18.044556
73 85 27.660145 9.776544 40.624183
71 58 24.071892 14.949200 15.823173
79 14 48.974060 2.958178 39.469043
79 82 22.489527 7.037280 32.806577
0 2 16.231405 12.041595
1 9 23.026135 4.123106
1 6 4.820805 9.899495
2 8 46.703022 82.036577
2 7 11.574059 51.244512
3 8 28.878976 6.324555
4 9 6.287897 69.354164
5 8 48.316902 79.605276
6 9 46.425670 6.708204
7 9 47.244856 25.298221
