9 11 37864 337 20
34 60 42.918142 26.603645 2.601392
68 1 16.094991 40.428174 0.861564
84 62 33.703325 13.199074 32.210248
43 75 46.628103 27.902113 8.522184
39 61 15.405893 8.155616 27.356747
35 58 32.609963 39.319226 9.452529
36 66 19.369711 24.898930 34.952872
66 28 5.769512 35.294636 10.005331
48 43 31.208129 10.665337 5.810835
0 5 30.614401 2.236068
0 4 34.633627 5.099020
1 4 32.273660 66.640828
1 2 10.929754 63.063460
2 8 30.266087 40.706265
2 4 37.430011 45.011110
3 8 44.138445 32.388269
3 5 5.217290 18.788294
4 7 9.582440 42.638011
5 7 41.217750 43.139309
5 6 3.756601 8.062258
