10 10 3297 1615 20
13 81 32.222190 49.575079 23.611510
80 78 14.040868 39.809708 13.880340
22 73 13.259551 1.744845 4.172474
85 16 2.902494 7.480200 9.911077
50 19 13.861243 13.021068 46.172805
8 50 44.668730 34.856034 34.315739
73 85 31.106173 42.948379 45.194637
71 58 30.210883 20.896206 31.940741
79 14 33.308575 11.001386 6.128271
79 82 49.021253 12.215238 47.068098
0 2 1.123206 12.041595
1 9 27.117168 4.123106
1 6 16.454607 9.899495
2 8 13.316876 82.036577
2 7 22.721771 51.244512
3 8 37.259444 6.324555
4 9 17.007273 69.354164
5 8 17.285026 79.605276
6 9 38.064880 6.708204
7 9 29.898295 25.298221
