10 10 42529 296 20
13 81 17.639980 1.060516 7.295290
80 78 14.061177 14.632401 30.903000
22 73 12.996811 19.600001 35.717387
85 16 21.083618 10.486997 1.429873
50 19 22.762147 16.851025 32.429159
8 50 49.811950 18.792129 29.025673
73 85 18.499143 22.156792 14.346495
71 58 14.458016 37.583781 5.271894
79 14 1.485573 37.491885 20.923742
79 82 25.311037 5.751467 11.661142
0 2 41.492279 12.041595
1 9 31.269443 4.123106
1 6 24.346282 9.899495
2 8 1.256593 82.036577
2 7 1.216063 51.244512
3 8 1.923870 6.324555
4 9 6.149934 69.354164
5 8 8.383176 79.605276
6 9 9.184742 6.708204
7 9 13.774001 25.298221
