9 11 40423 490 20
34 60 47.859650 30.759071 8.107709
68 1 30.269044 1.942600 40.272988
84 62 37.479408 23.508450 41.880973
43 75 36.183806 26.766307 47.087132
39 61 16.587530 24.814740 4.994368
35 58 23.214260 47.203601 20.430473
36 66 25.276019 29.797188 33.152713
66 28 45.935950 22.462020 4.920632
48 43 37.219578 31.146135 30.843098
0 5 46.321823 2.236068
0 4 11.050211 5.099020
1 4 20.153276 66.640828
1 2 27.533538 63.063460
2 8 6.114360 40.706265
2 4 31.210377 45.011110
3 8 0.786288 32.388269
3 5 29.644063 18.788294
4 7 29.009393 42.638011
5 7 20.670377 43.139309
5 6 49.947504 8.062258
