10 10 35324 834 20
13 81 42.084231 4.966495 32.873598
80 78 29.917046 41.886663 34.009668
22 73 48.711954 18.057663 40.988556
85 16 25.086284 44.834494 23.513354
50 19 9.413252 45.630039 0.399606
8 50 48.660977 14.971581 42.540186
73 85 29.777495 7.018498 6.648539
71 58 1.259737 48.531375 21.864954
79 14 28.556623 26.437815 14.289533
79 82 0.539298 17.884962 27.799738
0 2 41.449942 12.041595
1 9 46.718874 4.123106
1 6 47.534294 9.899495
2 8 49.795997 82.036577
2 7 41.634022 51.244512
3 8 1.646817 6.324555
4 9 31.593373 69.354164
5 8 6.113082 79.605276
6 9 47.611380 6.708204
7 9 30.963815 25.298221
