10 10 32725 331 20
13 81 49.096294 2.950770 19.901590
80 78 36.368288 38.459263 15.920791
22 73 3.905872 5.275302 26.149881
85 16 33.653583 37.750217 22.372028
50 19 21.287335 12.369183 30.564370
8 50 40.173071 12.202659 0.239742
73 85 3.892429 16.790437 26.173569
71 58 46.514172 44.239188 40.329060
79 14 31.062302 23.889604 33.133747
79 82 6.987988 1.736149 46.205564
0 2 15.273564 12.041595
1 9 20.341368 4.123106
1 6 16.106048 9.899495
2 8 44.971199 82.036577
2 7 34.709142 51.244512
3 8 22.923651 6.324555
4 9 3.651050 69.354164
5 8 33.093293 79.605276
6 9 41.135497 6.708204
7 9 8.772223 25.298221
