9 11 45097 1789 20
34 60 6.415656 12.655808 15.899271
68 1 45.236163 22.022533 14.686164
84 62 26.471365 46.868821 46.042670
43 75 27.698482 9.056733 26.084963
39 61 9.854100 40.098113 1.885753
35 58 25.480901 1.717615 32.976022
36 66 27.240537 24.240973 31.518332
66 28 3.945213 16.073508 37.981560
48 43 2.285655 46.129437 21.831908
0 5 24.998426 2.236068
0 4 6.672111 5.099020
1 4 4.464241 66.640828
1 2 29.123332 63.063460
2 8 33.360898 40.706265
2 4 0.547117 45.011110
3 8 22.067269 32.388269
3 5 33.965750 18.788294
4 7 24.813391 42.638011
5 7 44.124043 43.139309
5 6 17.925945 8.062258
