9 11 49531 1922 20
34 60 3.602049 38.874966 16.261980
68 1 26.448250 17.239108 5.797356
84 62 41.986132 35.214087 48.912467
43 75 7.148417 26.952869 30.635801
39 61 36.591416 38.959299 39.666165
35 58 27.879817 34.298856 14.682790
36 66 27.055217 23.207968 48.540114
66 28 27.043574 1.658959 20.858836
48 43 13.602684 9.111794 39.064411
0 5 40.698003 2.236068
0 4 34.309282 5.099020
1 4 5.143865 66.640828
1 2 16.769108 63.063460
2 8 32.848476 40.706265
2 4 31.942362 45.011110
3 8 5.174551 32.388269
3 5 26.282254 18.788294
4 7 21.587829 42.638011
5 7 11.314648 43.139309
5 6 9.862634 8.062258
