9 11 25770 330 20
34 60 11.581421 7.938403 40.160026
68 1 18.081699 21.856963 0.086512
84 62 48.922405 49.222130 45.538613
43 75 22.249298 23.063983 31.045555
39 61 47.526233 45.782441 39.702826
35 58 6.217896 36.891429 41.290314
36 66 6.136274 0.117691 49.613375
66 28 25.975937 25.764263 48.595399
48 43 49.401717 29.321304 22.204564
0 5 20.308971 2.236068
0 4 11.269439 5.099020
1 4 39.671069 66.640828
1 2 11.894442 63.063460
2 8 15.872047 40.706265
2 4 38.225344 45.011110
3 8 46.792227 32.388269
3 5 16.818706 18.788294
4 7 28.320888 42.638011
5 7 20.083308 43.139309
5 6 43.048340 8.062258
