10 10 50634 1301 20
13 81 32.974814 37.911658 31.980686
80 78 37.159185 26.372469 49.172944
22 73 44.412512 6.405033 37.706725
85 16 8.673561 29.918351 28.920095
50 19 44.955914 10.240375 38.275902
8 50 48.021051 6.617467 26.397452
73 85 31.811894 40.270462 38.423728
71 58 38.666056 12.366648 19.256073
79 14 12.081358 29.871753 49.372190
79 82 11.984105 32.213065 41.695997
0 2 0.088119 12.041595
1 9 27.893571 4.123106
1 6 20.418760 9.899495
2 8 19.184530 82.036577
2 7 44.481471 51.244512
3 8 2.398838 6.324555
4 9 40.117329 69.354164
5 8 13.672310 79.605276
6 9 6.237165 6.708204
7 9 33.621427 25.298221
