9 11 48619 712 20
34 60 16.835205 49.643538 2.457780
68 1 33.497097 5.475269 41.279694
84 62 47.135233 2.374817 7.100382
43 75 16.360107 32.804058 16.420253
39 61 36.839982 39.217466 40.168819
35 58 48.832232 42.004749 49.886938
36 66 4.272429 15.549100 34.546077
66 28 23.967571 49.403490 27.532933
48 43 8.072750 41.318413 10.888921
0 5 47.643910 2.236068
0 4 32.739745 5.099020
1 4 4.682606 66.640828
1 2 15.694799 63.063460
2 8 20.644598 40.706265
2 4 15.515832 45.011110
3 8 39.324388 32.388269
3 5 19.288151 18.788294
4 7 27.288296 42.638011
5 7 9.434831 43.139309
5 6 48.842614 8.062258
