10 10 37945 722 20
13 81 47.329437 28.158561 35.225563
80 78 22.814249 35.135699 15.420905
22 73 45.717237 45.399778 4.042380
85 16 28.921355 36.577067 15.061201
50 19 4.171702 18.018940 43.697993
8 50 7.393989 48.923165 45.068049
73 85 27.557571 43.070500 20.066131
71 58 4.253191 1.801342 45.367142
79 14 32.849408 35.217249 41.192718
79 82 1.928524 16.149015 2.604560
0 2 15.171794 12.041595
1 9 27.812352 4.123106
1 6 35.219644 9.899495
2 8 15.345684 82.036577
2 7 6.488732 51.244512
3 8 45.087220 6.324555
4 9 45.118841 69.354164
5 8 47.319734 79.605276
6 9 0.293272 6.708204
7 9 30.177077 25.298221
