9 11 26622 2638 20
34 60 35.105918 1.909118 38.700605
68 1 46.103754 13.846656 7.041814
84 62 18.876064 20.668623 33.619792
43 75 13.371090 47.965149 30.587849
39 61 9.755576 10.058346 27.082222
35 58 7.912282 48.529793 35.172182
36 66 13.327326 30.173722 43.422954
66 28 30.533310 34.563931 30.002404
48 43 4.053972 45.626815 40.107387
0 5 23.647284 2.236068
0 4 46.356342 5.099020
1 4 22.595919 66.640828
1 2 11.040787 63.063460
2 8 9.389985 40.706265
2 4 20.580942 45.011110
3 8 38.096153 32.388269
3 5 15.950804 18.788294
4 7 30.638311 42.638011
5 7 23.721433 43.139309
5 6 41.567864 8.062258
