9 11 44897 2830 20
34 60 25.507507 5.510332 21.974083
68 1 21.190802 2.922485 16.439225
84 62 44.582748 16.010874 6.329849
43 75 23.799931 5.145183 24.260806
39 61 34.544486 25.621068 48.846191
35 58 22.940517 15.247536 41.859478
36 66 24.780587 32.774198 0.230915
66 28 40.735525 14.502234 49.344586
48 43 31.501938 34.878724 0.323810
0 5 6.539403 2.236068
0 4 21.400885 5.099020
1 4 33.497649 66.640828
1 2 41.199553 63.063460
2 8 20.692119 40.706265
2 4 37.682098 45.011110
3 8 2.371347 32.388269
3 5 24.914877 18.788294
4 7 29.272617 42.638011
5 7 33.820538 43.139309
5 6 11.470326 8.062258
