10 10 43241 1053 20
13 81 41.666295 48.123388 17.195982
80 78 42.774062 27.469510 33.402289
22 73 35.771328 16.140401 11.169491
85 16 18.941606 4.500756 15.917688
50 19 31.498116 35.580274 5.494665
8 50 47.366960 48.285132 2.091076
73 85 40.633187 12.827200 44.894076
71 58 29.092799 11.458688 7.946297
79 14 11.837645 11.664969 1.703792
79 82 32.360234 43.846514 30.755010
0 2 1.948823 12.041595
1 9 16.577460 4.123106
1 6 29.736126 9.899495
2 8 40.289757 82.036577
2 7 49.393070 51.244512
3 8 39.449201 6.324555
4 9 35.402260 69.354164
5 8 17.521812 79.605276
6 9 45.980946 6.708204
7 9 19.302959 25.298221
