10 10 27400 1752 20
13 81 12.192876 38.402416 28.744000
80 78 48.406561 0.844854 6.818404
22 73 24.906559 3.801741 21.340313
85 16 23.153314 27.586915 35.228606
50 19 1.156775 38.939332 7.277477
8 50 8.693683 14.624609 19.427744
73 85 36.988926 17.900174 19.010291
71 58 32.475086 3.598914 39.572620
79 14 34.802853 36.342603 17.840588
79 82 26.869318 12.127683 0.764542
0 2 40.420039 12.041595
1 9 39.785636 4.123106
1 6 4.370323 9.899495
2 8 42.779072 82.036577
2 7 46.034906 51.244512
3 8 25.312211 6.324555
4 9 2.613993 69.354164
5 8 1.431456 79.605276
6 9 38.432648 6.708204
7 9 23.501996 25.298221
