10 10 50780 823 20
13 81 45.299495 1.422642 21.836177
80 78 21.014570 48.007306 41.246597
22 73 39.122253 39.675880 14.738537
85 16 15.530128 33.450496 22.021134
50 19 29.392211 13.462963 19.251854
8 50 26.685259 36.114197 21.769986
73 85 18.235221 44.563803 46.455802
71 58 44.895535 33.402341 2.232608
79 14 36.573513 29.505110 25.551658
79 82 30.939203 32.153176 13.445012
0 2 43.500945 12.041595
1 9 17.146930 4.123106
1 6 0.854307 9.899495
2 8 45.716744 82.036577
2 7 25.183973 51.244512
3 8 10.591935 6.324555
4 9 28.994624 69.354164
5 8 13.056795 79.605276
6 9 11.452852 6.708204
7 9 1.031324 25.298221
