10 10 44857 636 20
13 81 13.520399 3.784687 41.913514
80 78 21.954713 2.878725 8.636219
22 73 34.193349 2.860200 14.338000
85 16 47.161652 26.012402 42.697298
50 19 20.033210 21.893000 18.459933
8 50 9.158889 18.806379 37.644465
73 85 33.314636 17.379430 6.684052
71 58 15.840168 20.157013 35.974035
79 14 38.495633 33.499238 40.125430
79 82 24.441656 12.571014 9.428010
0 2 16.940983 12.041595
1 9 22.037571 4.123106
1 6 1.747682 9.899495
2 8 4.426594 82.036577
2 7 47.913401 51.244512
3 8 24.244259 6.324555
4 9 10.934510 69.354164
5 8 26.852959 79.605276
6 9 1.269201 6.708204
7 9 6.183627 25.298221
