9 11 25354 1787 20
34 60 15.102736 19.231191 10.006492
68 1 22.884139 25.917963 0.023020
84 62 7.542447 47.837007 31.094399
43 75 30.367907 11.465859 41.067960
39 61 23.950260 31.364374 25.447406
35 58 6.099565 49.620066 18.517961
36 66 27.954894 9.820011 26.225105
66 28 18.773801 4.028830 43.722880
48 43 20.762484 30.315250 4.406048
0 5 17.879459 2.236068
0 4 27.091042 5.099020
1 4 7.642953 66.640828
1 2 31.170305 63.063460
2 8 16.037687 40.706265
2 4 40.411228 45.011110
3 8 10.643565 32.388269
3 5 12.531165 18.788294
4 7 38.197398 42.638011
5 7 15.949355 43.139309
5 6 3.700125 8.062258
