10 10 44877 4155 20
13 81 19.937518 31.273622 35.911777
80 78 17.847214 43.257873 35.946003
22 73 20.632740 11.039161 16.853738
85 16 49.192179 15.570158 29.555066
50 19 38.365095 49.327632 44.054900
8 50 25.709271 44.399768 40.498443
73 85 10.707179 11.861856 0.416552
71 58 29.238403 45.360051 27.680838
79 14 6.296766 25.860700 24.413611
79 82 44.271118 7.800472 42.221432
0 2 8.764430 12.041595
1 9 23.138715 4.123106
1 6 8.814783 9.899495
2 8 30.761238 82.036577
2 7 30.175480 51.244512
3 8 9.338355 6.324555
4 9 34.484929 69.354164
5 8 45.179500 79.605276
6 9 18.484573 6.708204
7 9 14.558616 25.298221
