9 11 50000 278 20
34 60 34.570340 19.361387 10.791829
68 1 39.684415 23.731550 16.407468
84 62 32.397230 48.926808 44.541463
43 75 35.755858 37.171271 4.434620
39 61 24.757757 22.838517 39.595446
35 58 26.401625 25.442644 40.687852
36 66 12.070357 49.508311 28.123449
66 28 14.299942 10.986342 49.208837
48 43 2.904521 30.042316 12.739681
0 5 41.397643 2.236068
0 4 15.035851 5.099020
1 4 5.828946 66.640828
1 2 36.695880 63.063460
2 8 35.401769 40.706265
2 4 25.037019 45.011110
3 8 33.580166 32.388269
3 5 9.414091 18.788294
4 7 3.910327 42.638011
5 7 44.359914 43.139309
5 6 11.365733 8.062258
