9 11 44918 3130 20
34 60 1.638317 7.313254 46.780100
68 1 45.044978 43.455949 34.936980
84 62 17.008371 35.176934 44.432058
43 75 7.544460 46.291210 26.481992
39 61 2.083375 39.901229 34.901242
35 58 44.870437 8.044771 37.871984
36 66 16.153112 47.571528 47.235373
66 28 43.411040 39.453787 18.237960
48 43 33.244171 21.083995 1.466629
0 5 41.855068 2.236068
0 4 41.347804 5.099020
1 4 2.705302 66.640828
1 2 17.931588 63.063460
2 8 20.907420 40.706265
2 4 48.398528 45.011110
3 8 21.021336 32.388269
3 5 29.333505 18.788294
4 7 1.664547 42.638011
5 7 27.633934 43.139309
5 6 40.499496 8.062258
