10 10 37297 1632 20
13 81 29.771425 30.835738 19.121655
80 78 7.368267 17.663603 37.891805
22 73 23.959503 16.141162 19.143239
85 16 26.088529 39.953676 14.179185
50 19 4.453443 34.082034 12.080252
8 50 9.730367 13.254796 0.871549
73 85 7.650019 30.812559 16.822889
71 58 25.876682 30.062783 35.348366
79 14 15.635987 39.071971 4.674281
79 82 21.510025 20.275370 39.680640
0 2 25.354753 12.041595
1 9 10.609336 4.123106
1 6 13.020711 9.899495
2 8 49.745996 82.036577
2 7 6.415787 51.244512
3 8 37.648590 6.324555
4 9 22.911684 69.354164
5 8 37.265075 79.605276
6 9 37.071248 6.708204
7 9 25.076688 25.298221
