9 11 49937 361 20
34 60 35.787585 32.759240 22.354961
68 1 36.276528 7.764717 34.281980
84 62 26.285928 47.234036 12.844155
43 75 5.899331 21.916948 12.260358
39 61 8.255386 21.566704 0.753798
35 58 12.360753 21.520208 35.059794
36 66 34.413072 4.232054 37.802779
66 28 22.168925 2.795631 48.187971
48 43 38.520578 32.891608 21.282002
0 5 34.577224 2.236068
0 4 0.399618 5.099020
1 4 32.914425 66.640828
1 2 35.121995 63.063460
2 8 48.550463 40.706265
2 4 49.459856 45.011110
3 8 17.963157 32.388269
3 5 47.696155 18.788294
4 7 3.330210 42.638011
5 7 25.271392 43.139309
5 6 20.008561 8.062258
