10 10 26866 1946 20
13 81 23.545184 42.290100 29.811484
80 78 44.308428 44.070744 41.410674
22 73 31.798741 8.103623 14.586588
85 16 5.235418 27.843269 1.060355
50 19 41.434354 22.839244 4.504884
8 50 22.387890 18.815179 25.707738
73 85 15.809040 9.615458 15.011230
71 58 44.235714 41.692489 0.433996
79 14 14.508182 3.933975 25.906071
79 82 10.256134 29.614329 42.070829
0 2 43.020693 12.041595
1 9 48.358532 4.123106
1 6 12.821903 9.899495
2 8 10.574049 82.036577
2 7 0.361983 51.244512
3 8 20.787900 6.324555
4 9 48.950461 69.354164
5 8 6.987583 79.605276
6 9 4.679394 6.708204
7 9 8.679103 25.298221
