10 10 35378 1767 20
13 81 49.230781 29.469869 42.058379
80 78 21.105713 2.975522 20.819210
22 73 18.763508 44.734877 47.980832
85 16 20.038816 9.802110 22.379499
50 19 15.512022 30.582189 45.535016
8 50 46.295791 27.788355 43.883036
73 85 1.544552 32.148727 13.039366
71 58 36.580653 45.125075 45.949000
79 14 28.603994 27.439395 41.940869
79 82 22.582947 39.111720 24.906748
0 2 37.473282 12.041595
1 9 16.398086 4.123106
1 6 8.371266 9.899495
2 8 12.918827 82.036577
2 7 42.115184 51.244512
3 8 17.598232 6.324555
4 9 2.491552 69.354164
5 8 47.243811 79.605276
6 9 1.940133 6.708204
7 9 11.909538 25.298221
