9 11 32400 2413 20
34 60 27.636301 43.635916 25.127964
68 1 21.445571 45.366791 21.138338
84 62 47.094709 44.923030 43.265743
43 75 46.417037 33.780936 41.861668
39 61 6.187381 36.877684 43.847534
35 58 41.522474 36.241210 2.135284
36 66 8.666844 40.623342 39.829196
66 28 13.186519 45.310602 11.010792
48 43 9.223535 21.541234 16.170397
0 5 38.833393 2.236068
0 4 2.641539 5.099020
1 4 31.299764 66.640828
1 2 19.707615 63.063460
2 8 31.496875 40.706265
2 4 15.288466 45.011110
3 8 43.401742 32.388269
3 5 20.989957 18.788294
4 7 47.014015 42.638011
5 7 5.890786 43.139309
5 6 48.877999 8.062258
