10 10 27044 694 20
13 81 35.987274 46.212801 47.451323
80 78 25.232016 13.924378 19.265708
22 73 28.050091 10.355136 15.259529
85 16 14.164198 16.408533 37.742947
50 19 47.692687 5.506343 25.299399
8 50 3.552515 38.156309 47.671300
73 85 49.507664 28.974868 11.534963
71 58 11.810486 24.449432 19.725067
79 14 12.739176 35.474211 12.662638
79 82 46.508636 44.823677 7.262673
0 2 40.821494 12.041595
1 9 16.509135 4.123106
1 6 25.137655 9.899495
2 8 7.732704 82.036577
2 7 19.533838 51.244512
3 8 24.356912 6.324555
4 9 37.824550 69.354164
5 8 4.042853 79.605276
6 9 2.331479 6.708204
7 9 6.496510 25.298221
