9 11 37459 999 20
34 60 41.674883 4.446826 31.974545
68 1 19.630805 31.946019 23.738414
84 62 4.107134 27.629746 36.464150
43 75 39.289905 24.470115 20.652332
39 61 31.416889 37.750746 36.885418
35 58 10.919904 8.118312 14.693527
36 66 32.520830 10.595476 18.960050
66 28 20.273004 25.387933 35.172020
48 43 13.629152 14.949576 20.191582
0 5 17.095897 2.236068
0 4 29.691597 5.099020
1 4 17.938957 66.640828
1 2 22.873125 63.063460
2 8 11.497969 40.706265
2 4 6.172559 45.011110
3 8 21.545527 32.388269
3 5 45.650607 18.788294
4 7 48.191909 42.638011
5 7 25.293131 43.139309
5 6 27.676915 8.062258
