10 10 37243 674 20
13 81 49.774773 6.575399 8.133277
80 78 28.384686 7.890717 17.050583
22 73 24.022276 10.282598 26.860419
85 16 25.376902 35.882612 43.628497
50 19 19.692135 7.763874 0.098919
8 50 9.032428 0.391698 15.538624
73 85 5.859615 8.518036 33.395524
71 58 37.349575 15.370649 17.311352
79 14 43.918211 26.835897 35.254177
79 82 34.500648 15.416712 39.286608
0 2 0.260388 12.041595
1 9 31.834790 4.123106
1 6 31.614262 9.899495
2 8 37.555080 82.036577
2 7 37.736000 51.244512
3 8 18.784918 6.324555
4 9 28.801158 69.354164
5 8 25.628114 79.605276
6 9 42.327727 6.708204
7 9 18.336300 25.298221
