9 11 25562 869 20
34 60 15.010400 32.961800 16.115808
68 1 45.979786 45.116780 20.315797
84 62 42.917108 47.680953 13.437666
43 75 38.105496 11.403705 47.759576
39 61 26.110906 25.423704 31.036387
35 58 19.317296 6.262677 35.613174
36 66 49.537510 6.807806 48.567659
66 28 13.471197 48.021428 14.395200
48 43 19.038125 15.124753 19.660251
0 5 30.542665 2.236068
0 4 37.841906 5.099020
1 4 11.742284 66.640828
1 2 0.355727 63.063460
2 8 26.809373 40.706265
2 4 18.252898 45.011110
3 8 22.370254 32.388269
3 5 34.923290 18.788294
4 7 13.204749 42.638011
5 7 28.355650 43.139309
5 6 15.272862 8.062258
