10 10 32325 299 20
13 81 28.546771 47.295287 24.799593
80 78 0.067888 0.122922 17.775416
22 73 26.329456 44.649464 42.092799
85 16 17.120439 31.421046 40.874673
50 19 37.452011 25.910827 29.995247
8 50 34.693521 17.784101 43.738187
73 85 5.935207 32.763007 42.426631
71 58 10.123582 18.955947 15.750858
79 14 39.068431 27.109485 30.866114
79 82 10.048559 25.099118 23.360117
0 2 30.261747 12.041595
1 9 36.156458 4.123106
1 6 49.937189 9.899495
2 8 42.957162 82.036577
2 7 36.901203 51.244512
3 8 3.998874 6.324555
4 9 37.226817 69.354164
5 8 15.933702 79.605276
6 9 46.494228 6.708204
7 9 1.190663 25.298221
