9 11 50243 489 20
34 60 19.872285 22.887265 35.239362
68 1 28.296371 48.934127 43.182732
84 62 4.749592 21.645937 4.603051
43 75 23.492519 7.716853 41.098125
39 61 37.874893 47.976015 36.643359
35 58 49.386608 3.990095 14.503735
36 66 40.054118 21.094150 19.099897
66 28 21.654789 28.438464 48.858413
48 43 36.961571 44.528822 20.115725
0 5 10.503200 2.236068
0 4 13.740530 5.099020
1 4 1.427020 66.640828
1 2 12.523326 63.063460
2 8 33.996706 40.706265
2 4 7.261815 45.011110
3 8 11.662382 32.388269
3 5 2.091398 18.788294
4 7 6.907047 42.638011
5 7 13.584482 43.139309
5 6 30.690098 8.062258
