10 10 26066 2337 20
13 81 46.134248 48.108405 23.358123
80 78 2.396311 39.726514 2.189422
22 73 18.539832 35.931699 13.779593
85 16 33.827822 43.394896 26.433710
50 19 6.725094 17.448790 11.029052
8 50 18.860525 24.178893 47.988601
73 85 9.138872 37.700791 35.703694
71 58 28.119451 11.911342 7.987285
79 14 27.954456 26.660962 34.174600
79 82 14.018538 48.984884 18.437122
0 2 27.644845 12.041595
1 9 15.653073 4.123106
1 6 18.313190 9.899495
2 8 15.207041 82.036577
2 7 22.003474 51.244512
3 8 36.848428 6.324555
4 9 2.204843 69.354164
5 8 39.219321 79.605276
6 9 43.315995 6.708204
7 9 15.541605 25.298221
