9 11 31238 252 20
34 60 35.529036 49.136951 31.836446
68 1 34.390520 33.688740 16.424256
84 62 45.461535 19.233761 46.133210
43 75 35.334073 7.928178 14.012035
39 61 41.694017 13.336847 36.233518
35 58 10.948843 15.000513 6.703095
36 66 46.626893 25.347790 22.812752
66 28 43.007692 29.909993 23.237319
48 43 10.129990 13.903270 7.968157
0 5 7.046524 2.236068
0 4 13.586587 5.099020
1 4 29.972849 66.640828
1 2 27.710485 63.063460
2 8 14.135346 40.706265
2 4 41.836991 45.011110
3 8 37.180038 32.388269
3 5 42.695984 18.788294
4 7 47.120165 42.638011
5 7 36.230183 43.139309
5 6 19.288552 8.062258
