10 10 25333 2109 20
13 81 42.989605 47.495862 15.936615
80 78 23.397925 20.655028 36.093352
22 73 26.306288 34.405784 36.813969
85 16 32.969501 43.479554 44.583369
50 19 49.881008 25.543233 6.003205
8 50 7.999293 5.630027 37.170262
73 85 43.719669 29.754742 13.042292
71 58 18.368259 27.961424 11.825775
79 14 1.612856 34.004641 39.415420
79 82 15.513474 2.296794 13.214983
0 2 21.392542 12.041595
1 9 36.833239 4.123106
1 6 37.292618 9.899495
2 8 30.832552 82.036577
2 7 28.193329 51.244512
3 8 2.369680 6.324555
4 9 22.569477 69.354164
5 8 29.172498 79.605276
6 9 17.695345 6.708204
7 9 5.108929 25.298221
