10 10 44265 446 20
13 81 3.221176 4.131892 0.297669
80 78 18.580394 33.012671 45.472449
22 73 18.500453 36.376694 9.718612
85 16 17.375515 44.371116 43.401942
50 19 3.124689 40.881318 21.916587
8 50 4.967208 48.126822 49.778149
73 85 8.916895 33.167795 7.617121
71 58 15.384928 13.955197 1.326485
79 14 13.200594 15.072295 43.535623
79 82 4.851287 34.388979 24.293762
0 2 33.771314 12.041595
1 9 10.277243 4.123106
1 6 24.015920 9.899495
2 8 26.606483 82.036577
2 7 35.163937 51.244512
3 8 37.448016 6.324555
4 9 20.200826 69.354164
5 8 17.983977 79.605276
6 9 19.914406 6.708204
7 9 1.282948 25.298221
