10 10 39525 1218 20
13 81 24.633617 1.617419 39.262391
80 78 8.832063 41.373439 25.618503
22 73 40.768284 46.313280 48.838342
85 16 32.086483 16.156325 49.903694
50 19 7.237864 35.177962 18.525393
8 50 9.623478 35.496272 24.550443
73 85 23.164117 0.111955 46.433809
71 58 34.962474 1.251404 17.681038
79 14 37.249909 23.325271 44.185796
79 82 6.678313 40.991232 23.591327
0 2 49.367411 12.041595
1 9 10.844828 4.123106
1 6 17.685872 9.899495
2 8 9.518554 82.036577
2 7 44.597657 51.244512
3 8 19.102002 6.324555
4 9 29.915147 69.354164
5 8 46.142771 79.605276
6 9 15.073622 6.708204
7 9 33.563438 25.298221
