9 11 27066 936 20
34 60 11.402790 36.888678 12.001370
68 1 6.484450 23.917724 22.987270
84 62 41.012638 48.079284 2.036364
43 75 36.535729 6.599538 39.595790
39 61 25.192339 40.074165 18.051201
35 58 33.003022 37.993843 17.179489
36 66 4.008293 6.508917 5.002838
66 28 43.901731 17.887019 25.937417
48 43 5.761633 13.387622 2.682732
0 5 3.607220 2.236068
0 4 29.665727 5.099020
1 4 34.422055 66.640828
1 2 35.141343 63.063460
2 8 15.117838 40.706265
2 4 33.622726 45.011110
3 8 13.230981 32.388269
3 5 43.773033 18.788294
4 7 28.175226 42.638011
5 7 42.062380 43.139309
5 6 27.663021 8.062258
