10 10 43620 253 20
13 81 5.635252 8.920697 21.828091
80 78 20.932493 7.905936 40.535155
22 73 15.088934 1.570793 4.954820
85 16 12.617998 41.481349 24.971583
50 19 8.848452 24.536009 44.863064
8 50 10.666164 38.462182 34.910120
73 85 36.307698 23.980634 47.959216
71 58 38.522256 42.113512 25.971855
79 14 2.333622 3.387378 36.197653
79 82 12.068053 36.355501 42.796524
0 2 28.448550 12.041595
1 9 27.559299 4.123106
1 6 1.699444 9.899495
2 8 42.620712 82.036577
2 7 10.482131 51.244512
3 8 8.147060 6.324555
4 9 42.217947 69.354164
5 8 28.961746 79.605276
6 9 14.180069 6.708204
7 9 14.061018 25.298221
