10 10 35972 985 20
13 81 18.373081 36.803146 37.114057
80 78 28.212019 36.460758 2.377718
22 73 11.170418 15.619423 29.273681
85 16 11.781069 31.334857 36.783546
50 19 1.939865 29.462423 49.271977
8 50 9.282783 0.335989 2.455428
73 85 12.468527 20.718155 10.820597
71 58 28.961053 30.324180 44.339246
79 14 7.631673 49.658086 18.196328
79 82 36.796797 6.432340 42.390865
0 2 6.740553 12.041595
1 9 22.757384 4.123106
1 6 39.367144 9.899495
2 8 37.801553 82.036577
2 7 37.620295 51.244512
3 8 16.894010 6.324555
4 9 2.309446 69.354164
5 8 46.098262 79.605276
6 9 28.375625 6.708204
7 9 45.442189 25.298221
