10 10 31452 1833 20
13 81 44.619899 3.654162 29.682225
80 78 8.618643 8.123472 1.722120
22 73 38.955027 12.911744 22.215509
85 16 1.686437 40.867522 45.141185
50 19 33.469290 40.921570 32.475734
8 50 17.214606 16.580517 19.896027
73 85 17.901908 20.871966 20.091401
71 58 49.349166 12.352241 38.956708
79 14 16.681597 14.147464 46.021200
79 82 8.647882 28.447987 40.164760
0 2 37.156163 12.041595
1 9 33.913022 4.123106
1 6 25.863076 9.899495
2 8 9.877486 82.036577
2 7 35.449558 51.244512
3 8 8.955799 6.324555
4 9 12.947356 69.354164
5 8 29.615713 79.605276
6 9 10.627671 6.708204
7 9 43.164120 25.298221
