10 10 26311 957 20
13 81 47.137219 18.558257 23.716460
80 78 45.881088 27.943247 29.275048
22 73 22.486094 23.291637 26.675801
85 16 45.726677 16.871349 20.380898
50 19 16.793236 48.922045 16.871395
8 50 21.749037 33.859260 47.582544
73 85 12.826337 31.644163 21.021674
71 58 21.722502 32.919877 35.632887
79 14 14.550840 45.188048 21.659516
79 82 48.184081 5.949628 31.652550
0 2 9.378796 12.041595
1 9 36.987885 4.123106
1 6 1.427645 9.899495
2 8 24.850342 82.036577
2 7 33.818919 51.244512
3 8 25.378657 6.324555
4 9 3.031836 69.354164
5 8 35.093639 79.605276
6 9 13.954485 6.708204
7 9 9.785456 25.298221
