9 11 39350 505 20
34 60 26.342998 2.683420 23.240512
68 1 15.354056 46.261493 8.868301
84 62 27.925233 17.624649 37.062035
43 75 20.271781 7.002822 16.862466
39 61 41.375731 25.126631 8.875210
35 58 0.614638 19.230012 25.286990
36 66 0.425385 0.639457 7.796621
66 28 46.507908 41.008308 0.536093
48 43 4.521482 31.964964 20.360316
0 5 5.183877 2.236068
0 4 4.247267 5.099020
1 4 6.461939 66.640828
1 2 43.574803 63.063460
2 8 26.548671 40.706265
2 4 38.213225 45.011110
3 8 39.748399 32.388269
3 5 12.335244 18.788294
4 7 22.374591 42.638011
5 7 36.918259 43.139309
5 6 5.424212 8.062258
