10 10 38477 465 20
13 81 4.137449 34.276336 31.035570
80 78 1.258668 6.520347 38.524296
22 73 9.511357 15.940849 48.173110
85 16 27.032011 47.172178 5.160419
50 19 37.398258 31.013135 14.106330
8 50 10.929437 3.147216 34.416886
73 85 14.766022 17.748798 20.478634
71 58 14.255740 19.865469 39.076584
79 14 28.652336 41.893604 48.274701
79 82 47.635051 32.877070 1.874171
0 2 11.482871 12.041595
1 9 25.543675 4.123106
1 6 8.781272 9.899495
2 8 3.408131 82.036577
2 7 7.875379 51.244512
3 8 31.069609 6.324555
4 9 6.501392 69.354164
5 8 16.061311 79.605276
6 9 10.464206 6.708204
7 9 26.839517 25.298221
