10 10 34083 3469 20
13 81 20.729571 23.462409 26.231365
80 78 20.837633 8.398984 16.521726
22 73 4.694073 46.753742 40.622446
85 16 24.840846 10.680360 38.156057
50 19 49.365899 19.254848 25.488400
8 50 47.748335 11.165952 9.643420
73 85 3.764439 20.787045 7.385448
71 58 7.282444 8.577582 34.430670
79 14 12.877787 43.817173 43.044887
79 82 26.151609 2.785228 2.115426
0 2 48.171491 12.041595
1 9 42.467789 4.123106
1 6 8.131600 9.899495
2 8 25.954085 82.036577
2 7 13.162418 51.244512
3 8 6.530187 6.324555
4 9 48.091874 69.354164
5 8 5.604606 79.605276
6 9 20.950454 6.708204
7 9 22.268964 25.298221
