10 10 32100 587 20
13 81 8.514828 19.633911 7.722430
80 78 40.583311 19.249031 3.934217
22 73 32.215455 12.124649 48.905065
85 16 25.711237 12.218874 34.498150
50 19 6.672497 35.066026 34.721390
8 50 36.108902 9.745572 40.477985
73 85 37.712669 24.535718 47.930018
71 58 41.452531 6.362607 41.078279
79 14 34.599543 45.075494 28.001007
79 82 11.796331 41.601163 31.945227
0 2 37.724105 12.041595
1 9 35.587010 4.123106
1 6 29.954853 9.899495
2 8 8.031346 82.036577
2 7 46.832258 51.244512
3 8 3.670213 6.324555
4 9 42.970834 69.354164
5 8 42.443798 79.605276
6 9 30.816474 6.708204
7 9 10.040603 25.298221
