9 11 38613 1381 20
34 60 25.715006 19.713654 9.696007
68 1 19.465754 38.703118 27.768369
84 62 37.334705 17.756404 26.124284
43 75 22.227582 15.692619 34.273246
39 61 4.660336 18.670831 4.600530
35 58 45.418147 11.934151 2.627588
36 66 44.285706 40.067607 13.744682
66 28 49.703269 46.439472 9.591484
48 43 17.752806 18.300928 39.393703
0 5 4.546952 2.236068
0 4 19.699566 5.099020
1 4 38.768713 66.640828
1 2 40.601356 63.063460
2 8 15.987513 40.706265
2 4 11.253659 45.011110
3 8 40.721877 32.388269
3 5 43.109235 18.788294
4 7 30.855448 42.638011
5 7 34.931908 43.139309
5 6 42.933024 8.062258
