9 11 28363 486 20
34 60 1.966892 29.063028 25.111895
68 1 16.691456 48.494385 9.429350
84 62 35.638019 2.811469 8.976476
43 75 42.664752 14.920322 41.719666
39 61 31.730299 13.807892 37.386463
35 58 28.693063 45.149192 46.121291
36 66 36.234187 14.342495 4.547272
66 28 47.015856 39.776780 12.387316
48 43 44.135174 36.306102 11.265636
0 5 31.940435 2.236068
0 4 31.953810 5.099020
1 4 11.231118 66.640828
1 2 32.516186 63.063460
2 8 8.866884 40.706265
2 4 35.879657 45.011110
3 8 42.221623 32.388269
3 5 37.520965 18.788294
4 7 37.840783 42.638011
5 7 15.286475 43.139309
5 6 40.274541 8.062258
