9 11 30096 529 20
34 60 34.144760 47.885741 4.805982
68 1 37.554749 20.911305 24.393795
84 62 24.804121 27.314368 26.858571
43 75 0.350702 40.534287 11.960037
39 61 40.144671 41.703678 8.853150
35 58 34.537517 1.582601 20.171718
36 66 49.799052 37.091135 4.938329
66 28 21.426852 44.091101 19.474542
48 43 18.953806 36.105010 3.769703
0 5 46.964531 2.236068
0 4 1.496652 5.099020
1 4 8.471117 66.640828
1 2 22.921495 63.063460
2 8 30.560422 40.706265
2 4 46.422679 45.011110
3 8 45.646539 32.388269
3 5 47.012255 18.788294
4 7 43.454546 42.638011
5 7 2.565169 43.139309
5 6 31.352871 8.062258
