9 11 36911 695 20
34 60 8.765804 14.674438 25.481598
68 1 30.180327 9.011221 9.285403
84 62 23.504374 49.608492 12.356664
43 75 28.373279 22.516264 12.670763
39 61 16.418556 34.049338 45.750576
35 58 18.586375 34.217239 47.014137
36 66 45.710619 0.433094 13.721327
66 28 36.467111 34.504183 20.895607
48 43 42.349737 20.348771 48.143961
0 5 28.827812 2.236068
0 4 16.732269 5.099020
1 4 21.204234 66.640828
1 2 44.003131 63.063460
2 8 37.386684 40.706265
2 4 45.555026 45.011110
3 8 31.454388 32.388269
3 5 34.047571 18.788294
4 7 34.066647 42.638011
5 7 30.964536 43.139309
5 6 1.872190 8.062258
