9 11 47333 1939 20
34 60 16.790854 16.616557 5.935269
68 1 38.406087 12.211820 35.691269
84 62 3.579273 22.613409 30.660350
43 75 30.996227 30.474029 12.157901
39 61 15.408825 40.333958 20.357685
35 58 25.464217 25.849755 38.947996
36 66 16.117399 22.226345 48.915872
66 28 17.379941 16.228520 22.192572
48 43 44.546649 48.938415 14.999900
0 5 37.118385 2.236068
0 4 20.255490 5.099020
1 4 24.379007 66.640828
1 2 38.770013 63.063460
2 8 7.689647 40.706265
2 4 8.283798 45.011110
3 8 1.813106 32.388269
3 5 16.368724 18.788294
4 7 20.025876 42.638011
5 7 20.502031 43.139309
5 6 23.178882 8.062258
