10 10 34458 250 20
13 81 18.142991 43.784619 27.320673
80 78 49.557750 0.193557 0.410876
22 73 0.697740 30.978981 7.946914
85 16 18.633054 30.701547 14.943933
50 19 30.116857 7.830188 12.351374
8 50 18.269480 25.073517 31.281715
73 85 0.711731 30.256686 25.160524
71 58 28.985945 24.434088 27.130157
79 14 32.224604 40.545443 13.831893
79 82 39.696468 12.257067 12.321596
0 2 32.956519 12.041595
1 9 20.198153 4.123106
1 6 18.053151 9.899495
2 8 34.333135 82.036577
2 7 43.165845 51.244512
3 8 5.196865 6.324555
4 9 40.255624 69.354164
5 8 6.772087 79.605276
6 9 13.987170 6.708204
7 9 47.440338 25.298221
