9 11 38295 614 20
34 60 13.833002 29.224524 18.657314
68 1 22.695611 48.417856 9.814799
84 62 49.602562 41.857400 40.968674
43 75 33.149486 11.891304 35.069349
39 61 11.651235 34.166731 27.591977
35 58 3.096480 49.678850 20.698188
36 66 17.184849 27.215876 15.368981
66 28 37.193266 20.378296 38.563099
48 43 14.870555 39.370487 28.606024
0 5 40.398345 2.236068
0 4 9.790980 5.099020
1 4 22.633366 66.640828
1 2 38.471216 63.063460
2 8 38.559723 40.706265
2 4 33.423916 45.011110
3 8 12.256045 32.388269
3 5 18.128145 18.788294
4 7 41.290479 42.638011
5 7 39.517101 43.139309
5 6 34.676379 8.062258
