10 10 27844 624 20
13 81 47.686211 42.670059 49.237880
80 78 27.629017 40.843836 37.921789
22 73 19.181894 39.287684 4.431266
85 16 16.841582 6.645373 22.467606
50 19 42.799884 35.381463 24.258620
8 50 35.683223 47.576587 18.507355
73 85 11.850702 7.779915 24.021054
71 58 11.994965 31.416411 21.963463
79 14 8.551822 46.068562 15.955614
79 82 44.038209 1.210844 37.355539
0 2 2.695563 12.041595
1 9 41.013100 4.123106
1 6 4.739099 9.899495
2 8 14.482858 82.036577
2 7 42.015707 51.244512
3 8 8.320818 6.324555
4 9 37.920316 69.354164
5 8 46.520385 79.605276
6 9 42.467349 6.708204
7 9 10.706956 25.298221
