9 11 47809 2201 20
34 60 48.377581 19.766300 38.434080
68 1 29.447401 40.407626 47.183503
84 62 21.486092 13.091482 42.817947
43 75 12.837269 38.398016 41.774617
39 61 28.393536 18.883152 25.122020
35 58 16.079845 37.627434 26.697974
36 66 25.351520 36.680345 5.523793
66 28 34.225135 33.352733 0.215947
48 43 27.077804 16.757393 26.876364
0 5 21.897925 2.236068
0 4 42.650817 5.099020
1 4 43.056847 66.640828
1 2 29.723267 63.063460
2 8 1.402082 40.706265
2 4 17.932574 45.011110
3 8 28.708628 32.388269
3 5 13.072891 18.788294
4 7 32.184509 42.638011
5 7 39.494965 43.139309
5 6 39.046163 8.062258
