10 10 25916 1045 20
13 81 40.834356 18.339032 45.075673
80 78 17.847512 25.167096 3.699652
22 73 17.620300 32.407930 25.288013
85 16 19.013169 39.645742 36.235447
50 19 38.132459 35.460506 19.686005
8 50 15.418185 44.406585 2.315423
73 85 31.116050 35.297833 14.752818
71 58 13.114175 5.521505 34.283973
79 14 44.598178 28.558426 0.075263
79 82 7.752376 24.715622 41.020112
0 2 22.173180 12.041595
1 9 14.047606 4.123106
1 6 15.332582 9.899495
2 8 1.655552 82.036577
2 7 31.203506 51.244512
3 8 37.816443 6.324555
4 9 48.817735 69.354164
5 8 34.929393 79.605276
6 9 6.422399 6.708204
7 9 40.804584 25.298221
