9 11 35864 279 20
34 60 29.602080 6.586446 29.629106
68 1 40.700617 20.412569 18.786833
84 62 34.541555 37.639698 42.427047
43 75 28.821401 24.223841 6.639636
39 61 41.840902 0.861233 20.144786
35 58 21.851534 42.214433 29.197989
36 66 38.612673 37.172181 8.065343
66 28 22.825659 0.723517 43.513193
48 43 14.566686 40.413653 34.833319
0 5 44.097002 2.236068
0 4 46.936176 5.099020
1 4 1.253576 66.640828
1 2 8.149132 63.063460
2 8 15.516858 40.706265
2 4 41.163773 45.011110
3 8 6.094010 32.388269
3 5 44.550109 18.788294
4 7 22.516966 42.638011
5 7 22.797546 43.139309
5 6 42.840084 8.062258
