9 11 34604 2658 20
34 60 41.220861 31.255678 2.278823
68 1 44.141833 37.128145 11.152111
84 62 48.919660 40.224499 13.028655
43 75 1.187198 2.910128 46.529432
39 61 18.974103 13.161422 6.868949
35 58 42.631724 31.830609 30.972633
36 66 4.956431 9.513288 3.385287
66 28 45.131614 37.671492 0.758015
48 43 32.453836 31.871940 27.804446
0 5 42.043852 2.236068
0 4 21.595933 5.099020
1 4 43.651582 66.640828
1 2 18.153792 63.063460
2 8 49.602661 40.706265
2 4 3.605494 45.011110
3 8 34.859321 32.388269
3 5 43.239010 18.788294
4 7 34.724775 42.638011
5 7 2.889362 43.139309
5 6 25.053593 8.062258
