9 11 3945 951 20
34 60 11.380617 12.014110 4.885207
68 1 40.541734 37.867524 36.208362
84 62 6.995540 28.069674 15.870362
43 75 6.833867 13.715812 16.349588
39 61 14.362161 18.962724 14.635591
35 58 18.693257 4.061615 36.636209
36 66 7.211258 25.179400 26.850773
66 28 21.025259 31.686018 18.805603
48 43 24.105438 29.827050 2.712806
0 5 1.394752 2.236068
0 4 17.202152 5.099020
1 4 2.361682 66.640828
1 2 48.803710 63.063460
2 8 9.248522 40.706265
2 4 32.129543 45.011110
3 8 34.701099 32.388269
3 5 27.917516 18.788294
4 7 41.103437 42.638011
5 7 47.412345 43.139309
5 6 49.800110 8.062258
