9 11 43965 1854 20
34 60 43.939162 0.452982 6.189155
68 1 19.707583 31.185155 43.634748
84 62 13.678414 24.990101 23.441744
43 75 10.139250 4.907804 22.271473
39 61 35.597070 19.163134 23.452388
35 58 8.309140 8.629505 39.288052
36 66 47.814948 46.406706 33.362788
66 28 47.423098 40.731444 1.703772
48 43 30.356642 33.524855 42.988045
0 5 25.366273 2.236068
0 4 5.277557 5.099020
1 4 41.588742 66.640828
1 2 13.993446 63.063460
2 8 33.854845 40.706265
2 4 8.691399 45.011110
3 8 21.524629 32.388269
3 5 1.926992 18.788294
4 7 2.993203 42.638011
5 7 44.011708 43.139309
5 6 33.372471 8.062258
