9 11 45414 458 20
34 60 4.105540 19.859148 24.894080
68 1 45.591527 11.250057 41.147545
84 62 43.517199 7.094230 35.815690
43 75 8.983717 16.167294 16.283817
39 61 31.613635 25.262687 1.110948
35 58 6.154390 44.960756 7.704808
36 66 0.358858 25.911722 44.086166
66 28 19.117821 23.017362 40.430124
48 43 7.178768 23.758462 20.167272
0 5 22.633956 2.236068
0 4 42.317110 5.099020
1 4 13.614081 66.640828
1 2 17.365865 63.063460
2 8 13.303529 40.706265
2 4 38.032650 45.011110
3 8 34.281776 32.388269
3 5 10.070752 18.788294
4 7 35.830903 42.638011
5 7 19.295488 43.139309
5 6 3.421716 8.062258
