9 11 40807 1192 20
34 60 30.954257 30.928450 37.303731
68 1 17.950886 31.253705 39.884686
84 62 17.179187 31.363814 20.185722
43 75 27.840355 26.910694 17.129805
39 61 22.860293 9.348497 42.090661
35 58 9.274590 32.437806 30.582661
36 66 48.091428 6.805180 31.814174
66 28 41.934719 27.001362 46.096680
48 43 22.816169 22.651599 26.347884
0 5 21.596900 2.236068
0 4 0.707331 5.099020
1 4 15.596694 66.640828
1 2 4.424655 63.063460
2 8 1.243145 40.706265
2 4 35.652853 45.011110
3 8 40.643215 32.388269
3 5 2.478385 18.788294
4 7 29.770571 42.638011
5 7 42.146874 43.139309
5 6 34.476048 8.062258
