10 10 34750 274 20
13 81 20.624337 17.823603 31.163935
80 78 18.673282 31.038604 44.589164
22 73 10.205296 24.502161 2.899772
85 16 29.301497 31.861589 30.020730
50 19 19.511712 25.785500 38.946458
8 50 3.308001 0.417034 42.411053
73 85 6.047154 12.457829 2.373833
71 58 28.441485 8.373836 8.039322
79 14 20.924475 24.391690 36.721756
79 82 20.141548 45.286965 47.422772
0 2 23.378134 12.041595
1 9 41.186378 4.123106
1 6 17.419159 9.899495
2 8 20.644652 82.036577
2 7 41.659877 51.244512
3 8 27.649278 6.324555
4 9 47.184376 69.354164
5 8 23.279753 79.605276
6 9 6.826632 6.708204
7 9 13.866276 25.298221
