9 11 42176 1689 20
34 60 38.546356 11.683233 17.629565
68 1 48.832806 10.852750 46.985893
84 62 22.269007 37.813851 6.946666
43 75 10.923428 25.088192 29.934694
39 61 3.592185 36.253333 11.586224
35 58 28.265776 33.500762 43.630199
36 66 44.859891 42.243796 13.654752
66 28 1.828359 46.230052 34.236714
48 43 7.882701 5.648493 47.510417
0 5 14.533616 2.236068
0 4 43.073881 5.099020
1 4 42.086706 66.640828
1 2 33.116139 63.063460
2 8 18.474145 40.706265
2 4 30.298395 45.011110
3 8 15.445619 32.388269
3 5 48.988743 18.788294
4 7 43.634658 42.638011
5 7 3.104752 43.139309
5 6 48.194063 8.062258
