10 10 43275 2501 20
13 81 1.160474 31.402143 7.484922
80 78 10.650285 4.100649 49.797060
22 73 34.233453 13.505894 4.642697
85 16 43.399889 18.333185 14.539093
50 19 22.913853 29.948326 10.558093
8 50 42.524657 31.976051 21.023871
73 85 40.820106 40.877655 38.234157
71 58 11.938482 18.085597 26.343012
79 14 29.099916 10.889767 1.729521
79 82 13.618347 12.172374 28.742219
0 2 5.396808 12.041595
1 9 9.547164 4.123106
1 6 15.082000 9.899495
2 8 40.247225 82.036577
2 7 23.644070 51.244512
3 8 1.182771 6.324555
4 9 36.384139 69.354164
5 8 40.849288 79.605276
6 9 3.635605 6.708204
7 9 43.442479 25.298221
