9 11 40153 382 20
34 60 7.972368 46.772715 0.280686
68 1 25.047922 16.350699 18.853564
84 62 3.190604 0.467794 33.461079
43 75 15.396648 3.791167 7.331250
39 61 16.056445 3.949488 45.371249
35 58 44.459183 3.461414 25.309651
36 66 18.246493 0.559517 20.205162
66 28 31.871220 23.832200 14.909531
48 43 12.626598 25.418506 40.423822
0 5 23.021054 2.236068
0 4 47.423709 5.099020
1 4 47.609884 66.640828
1 2 13.877295 63.063460
2 8 39.731072 40.706265
2 4 7.589534 45.011110
3 8 18.906025 32.388269
3 5 17.721859 18.788294
4 7 22.000637 42.638011
5 7 31.886322 43.139309
5 6 18.686182 8.062258
