9 11 32475 904 20
34 60 44.610088 18.106592 29.043160
68 1 29.330597 5.183277 5.255107
84 62 37.612624 7.141357 41.874008
43 75 31.729301 15.915355 13.914322
39 61 43.798575 39.932436 2.109320
35 58 1.468259 14.576145 40.696974
36 66 11.215281 20.663086 31.492271
66 28 15.018674 11.769881 38.005286
48 43 22.613848 15.922210 13.893701
0 5 12.119888 2.236068
0 4 18.543975 5.099020
1 4 20.253388 66.640828
1 2 20.438057 63.063460
2 8 7.132878 40.706265
2 4 20.896103 45.011110
3 8 39.408366 32.388269
3 5 49.946120 18.788294
4 7 48.210737 42.638011
5 7 16.225436 43.139309
5 6 15.963314 8.062258
