10 10 41758 632 20
13 81 13.555275 6.834134 37.558198
80 78 25.562315 33.982898 4.046236
22 73 41.347608 5.156501 32.126347
85 16 45.247650 26.202215 33.215127
50 19 27.841049 8.635486 31.283922
8 50 9.524903 0.562664 36.689752
73 85 28.168694 11.907573 13.424834
71 58 36.274070 43.062135 29.790999
79 14 1.920198 2.865678 35.461996
79 82 6.338621 26.158549 40.854168
0 2 34.256831 12.041595
1 9 47.877348 4.123106
1 6 28.261769 9.899495
2 8 17.365609 82.036577
2 7 30.328254 51.244512
3 8 46.311642 6.324555
4 9 43.631043 69.354164
5 8 31.810789 79.605276
6 9 23.069254 6.708204
7 9 22.592632 25.298221
