9 11 34666 293 20
34 60 27.336602 41.408936 23.523619
68 1 41.985015 48.333424 24.200052
84 62 3.133187 36.309648 22.031063
43 75 0.305454 18.038067 30.172652
39 61 36.325404 22.442812 18.118287
35 58 0.528681 25.533858 7.720426
36 66 8.908779 36.939748 34.334548
66 28 5.482423 47.472783 23.776304
48 43 45.316020 31.686266 47.844294
0 5 11.031817 2.236068
0 4 23.599390 5.099020
1 4 4.900667 66.640828
1 2 30.059432 63.063460
2 8 26.012682 40.706265
2 4 0.684330 45.011110
3 8 1.674500 32.388269
3 5 17.550784 18.788294
4 7 31.669844 42.638011
5 7 40.719529 43.139309
5 6 44.444695 8.062258
