9 11 37648 941 20
34 60 27.445737 42.044782 36.321108
68 1 9.349324 41.378307 40.910688
84 62 40.328681 40.742663 19.898888
43 75 15.869768 41.219252 42.672266
39 61 35.044644 31.804599 6.744696
35 58 9.619830 16.072402 16.125762
36 66 34.923618 17.036293 5.448170
66 28 46.767295 43.303206 46.656218
48 43 2.883041 9.951080 19.353415
0 5 10.263985 2.236068
0 4 1.210346 5.099020
1 4 46.940245 66.640828
1 2 41.571877 63.063460
2 8 36.234028 40.706265
2 4 24.965962 45.011110
3 8 39.720669 32.388269
3 5 6.887751 18.788294
4 7 6.946340 42.638011
5 7 16.770005 43.139309
5 6 39.670173 8.062258
