10 10 35513 1057 20
13 81 38.437652 25.446103 43.576510
80 78 26.777810 44.832581 46.935973
22 73 32.094042 29.613181 13.992466
85 16 0.717500 26.813125 4.759442
50 19 31.745136 41.611976 14.240090
8 50 43.267028 33.744182 36.590589
73 85 48.803977 33.379652 22.342741
71 58 6.520681 17.410004 20.614465
79 14 27.733289 11.926752 36.058757
79 82 27.865373 23.890944 35.562803
0 2 48.595257 12.041595
1 9 0.326673 4.123106
1 6 47.337058 9.899495
2 8 33.101646 82.036577
2 7 46.980652 51.244512
3 8 49.554606 6.324555
4 9 33.277140 69.354164
5 8 15.586286 79.605276
6 9 37.968792 6.708204
7 9 11.661423 25.298221
