9 11 37891 1890 20
34 60 22.598648 33.588452 19.606598
68 1 35.717149 9.194720 18.362908
84 62 27.854889 41.185910 36.256111
43 75 44.748558 38.625587 12.748700
39 61 3.354248 26.303318 23.330971
35 58 26.498602 40.103620 29.434988
36 66 40.313813 39.528500 31.603337
66 28 31.216497 23.891075 48.621972
48 43 9.258912 26.579138 36.640817
0 5 5.699975 2.236068
0 4 23.209690 5.099020
1 4 3.250096 66.640828
1 2 13.286011 63.063460
2 8 49.721420 40.706265
2 4 18.280798 45.011110
3 8 31.930348 32.388269
3 5 19.460159 18.788294
4 7 21.737470 42.638011
5 7 15.129004 43.139309
5 6 18.069734 8.062258
