10 10 40326 1855 20
13 81 46.831366 25.489801 48.298358
80 78 47.825259 21.274590 44.027269
22 73 14.019066 47.060760 6.953006
85 16 16.525764 15.468752 18.804915
50 19 11.360028 13.298999 48.116788
8 50 20.234481 47.451870 5.168991
73 85 8.525712 10.884109 40.662929
71 58 36.277092 7.613382 34.223997
79 14 49.182092 23.603594 21.195202
79 82 24.830314 18.820076 49.915265
0 2 6.878833 12.041595
1 9 40.697526 4.123106
1 6 3.071021 9.899495
2 8 35.365784 82.036577
2 7 8.959130 51.244512
3 8 31.933663 6.324555
4 9 24.433008 69.354164
5 8 13.050829 79.605276
6 9 38.494202 6.708204
7 9 47.486943 25.298221
