10 10 38977 334 20
13 81 41.367604 2.232116 1.840668
80 78 10.660312 42.045023 18.166285
22 73 22.315485 8.929477 17.102836
85 16 4.300926 0.017511 38.169093
50 19 27.369692 17.890854 39.038674
8 50 3.172392 49.004683 6.968336
73 85 3.523076 18.862015 32.858208
71 58 27.305502 34.931961 1.423579
79 14 18.491565 5.238408 45.906524
79 82 32.472918 6.425295 6.522841
0 2 7.627409 12.041595
1 9 11.258613 4.123106
1 6 28.503392 9.899495
2 8 38.332768 82.036577
2 7 38.930885 51.244512
3 8 11.566208 6.324555
4 9 43.409305 69.354164
5 8 29.187651 79.605276
6 9 48.614635 6.708204
7 9 40.059674 25.298221
