9 11 28878 314 20
34 60 46.302526 49.011531 19.570897
68 1 2.903828 40.696951 32.615932
84 62 23.050827 23.292105 23.358001
43 75 6.991393 38.552839 34.469023
39 61 5.271995 27.095755 36.046571
35 58 12.399292 17.977858 34.706099
36 66 48.743022 36.476956 17.567318
66 28 40.568290 20.901395 22.430933
48 43 19.677989 34.475073 22.574112
0 5 17.153812 2.236068
0 4 22.864377 5.099020
1 4 22.230867 66.640828
1 2 0.662184 63.063460
2 8 7.834629 40.706265
2 4 27.850411 45.011110
3 8 18.180317 32.388269
3 5 13.506296 18.788294
4 7 33.639965 42.638011
5 7 13.361503 43.139309
5 6 32.450508 8.062258
