10 10 33133 897 20
13 81 22.868217 25.953881 14.811026
80 78 41.695931 0.602940 36.858141
22 73 26.193543 0.248611 49.813006
85 16 43.108495 49.137062 0.077913
50 19 47.804512 25.149574 7.609086
8 50 33.820529 35.318555 36.283188
73 85 49.585975 13.452885 40.359561
71 58 20.882951 2.413508 48.213691
79 14 44.030795 30.198313 2.456262
79 82 34.120292 42.621739 10.494841
0 2 18.171571 12.041595
1 9 40.582923 4.123106
1 6 35.185606 9.899495
2 8 5.277773 82.036577
2 7 4.097810 51.244512
3 8 29.033087 6.324555
4 9 29.180374 69.354164
5 8 20.502611 79.605276
6 9 32.720358 6.708204
7 9 19.171562 25.298221
