10 10 2659 670 20
13 81 46.716211 15.894927 21.296802
80 78 21.975468 29.668652 7.113672
22 73 13.972399 11.044939 12.850974
85 16 28.216140 29.663005 20.077506
50 19 13.283392 0.543903 41.100135
8 50 40.363431 28.511326 38.242236
73 85 14.737234 10.436726 49.097385
71 58 26.132251 20.938532 17.382375
79 14 37.060981 22.364018 34.863460
79 82 11.090630 20.573597 30.809971
0 2 26.483426 12.041595
1 9 33.440297 4.123106
1 6 32.323759 9.899495
2 8 46.490165 82.036577
2 7 0.495763 51.244512
3 8 0.345184 6.324555
4 9 43.718247 69.354164
5 8 41.930041 79.605276
6 9 40.369391 6.708204
7 9 0.599887 25.298221
