9 11 29222 2335 20
34 60 15.557562 36.500347 8.749542
68 1 26.888559 14.846549 33.530169
84 62 16.013010 38.645148 44.134719
43 75 22.084894 12.213333 17.088756
39 61 29.410693 5.150751 47.637735
35 58 31.553498 31.458321 48.848295
36 66 23.794363 40.203537 17.714229
66 28 30.802212 49.664558 47.645365
48 43 49.580560 24.286454 8.799161
0 5 21.843804 2.236068
0 4 27.927313 5.099020
1 4 22.307943 66.640828
1 2 11.303500 63.063460
2 8 25.286910 40.706265
2 4 2.805306 45.011110
3 8 15.730928 32.388269
3 5 12.997025 18.788294
4 7 30.235944 42.638011
5 7 15.904587 43.139309
5 6 22.529287 8.062258
