9 11 38750 1301 20
34 60 35.414973 16.320375 16.164900
68 1 37.566791 29.845931 16.486600
84 62 18.251136 32.128354 16.584138
43 75 17.143478 7.194076 46.779788
39 61 24.449991 2.050741 21.787284
35 58 38.456248 6.385779 17.139898
36 66 3.728849 23.306561 15.227854
66 28 29.702807 42.825425 14.690011
48 43 11.417004 22.222913 45.573655
0 5 0.587409 2.236068
0 4 36.993585 5.099020
1 4 0.111043 66.640828
1 2 23.817459 63.063460
2 8 5.241691 40.706265
2 4 31.045069 45.011110
3 8 43.783669 32.388269
3 5 16.310638 18.788294
4 7 35.933755 42.638011
5 7 38.969899 43.139309
5 6 41.247365 8.062258
