10 10 48809 379 20
13 81 8.785475 31.241713 2.732772
80 78 44.884977 47.321459 47.509582
22 73 27.108331 4.116300 0.514503
85 16 3.103161 34.964083 10.607699
50 19 13.448630 43.737558 28.952209
8 50 41.575417 8.214870 20.498336
73 85 9.145890 6.436849 28.249806
71 58 48.810671 43.894024 39.707193
79 14 9.678471 6.482689 37.351472
79 82 35.128111 25.392491 6.106718
0 2 6.720226 12.041595
1 9 42.597901 4.123106
1 6 46.541111 9.899495
2 8 20.070068 82.036577
2 7 7.218180 51.244512
3 8 47.254116 6.324555
4 9 35.098593 69.354164
5 8 31.768108 79.605276
6 9 35.738620 6.708204
7 9 37.354723 25.298221
