10 10 39875 2304 20
13 81 19.224906 31.710820 7.808925
80 78 36.039361 47.022042 32.209689
22 73 17.076185 35.197577 29.101122
85 16 19.159574 17.316626 0.816456
50 19 41.213924 42.760084 27.699576
8 50 46.112596 29.809941 29.973261
73 85 0.459546 44.940457 25.536655
71 58 24.762599 15.962482 33.284057
79 14 38.561874 37.638079 12.463864
79 82 14.763629 32.005893 36.114048
0 2 40.208824 12.041595
1 9 47.948111 4.123106
1 6 0.636138 9.899495
2 8 4.633237 82.036577
2 7 35.172071 51.244512
3 8 43.477754 6.324555
4 9 10.390686 69.354164
5 8 37.505522 79.605276
6 9 0.327424 6.708204
7 9 38.914582 25.298221
