9 11 26888 2787 20
34 60 38.906228 47.265888 24.844344
68 1 42.424523 43.823282 25.695468
84 62 27.251285 1.746586 44.976212
43 75 35.291067 5.554516 20.595537
39 61 26.038790 22.250379 27.885528
35 58 21.520017 10.413848 8.093730
36 66 12.417890 34.644434 22.481212
66 28 15.546414 43.091065 32.944666
48 43 29.473838 5.382515 10.350278
0 5 1.016795 2.236068
0 4 11.796359 5.099020
1 4 21.981036 66.640828
1 2 25.117707 63.063460
2 8 9.943344 40.706265
2 4 44.409551 45.011110
3 8 17.812255 32.388269
3 5 0.178491 18.788294
4 7 35.289538 42.638011
5 7 12.403883 43.139309
5 6 46.320235 8.062258
