9 11 49375 1584 20
34 60 43.981811 2.189074 2.054992
68 1 44.461763 30.523284 21.075636
84 62 23.782580 17.177762 45.441753
43 75 46.258652 4.282784 9.002097
39 61 39.019445 40.122579 3.344608
35 58 34.090777 5.019418 15.580470
36 66 35.983544 25.277915 35.775212
66 28 16.056333 47.592333 3.687514
48 43 22.462845 8.476606 27.959297
0 5 43.117475 2.236068
0 4 23.910639 5.099020
1 4 2.862548 66.640828
1 2 33.180345 63.063460
2 8 19.919000 40.706265
2 4 46.046312 45.011110
3 8 8.095768 32.388269
3 5 27.628292 18.788294
4 7 15.557912 42.638011
5 7 20.482797 43.139309
5 6 17.043499 8.062258
