9 11 47357 1359 20
34 60 24.325039 32.125756 7.417051
68 1 10.575477 44.943596 12.353289
84 62 32.530397 4.193554 14.533220
43 75 9.396027 48.804361 8.842208
39 61 46.706169 21.658516 23.515290
35 58 11.538675 48.013439 29.256987
36 66 9.870654 47.702108 28.443137
66 28 41.694314 41.708584 13.037838
48 43 26.130268 2.383800 21.802365
0 5 39.952877 2.236068
0 4 33.758719 5.099020
1 4 21.332042 66.640828
1 2 28.039712 63.063460
2 8 40.473484 40.706265
2 4 25.777900 45.011110
3 8 13.461628 32.388269
3 5 21.295336 18.788294
4 7 45.432769 42.638011
5 7 13.207984 43.139309
5 6 19.522557 8.062258
