9 11 37351 1303 20
34 60 15.155194 34.834648 37.467210
68 1 23.842785 37.733434 19.654712
84 62 25.084075 37.609788 14.491137
43 75 22.437664 43.912473 42.980570
39 61 42.873179 41.441476 7.624354
35 58 47.170323 36.360901 17.269235
36 66 47.517856 39.664841 9.289812
66 28 48.296598 3.253692 1.644010
48 43 3.902788 19.625835 35.243671
0 5 12.287630 2.236068
0 4 39.774261 5.099020
1 4 33.011366 66.640828
1 2 30.374213 63.063460
2 8 15.674043 40.706265
2 4 3.496273 45.011110
3 8 12.587254 32.388269
3 5 25.044945 18.788294
4 7 22.005634 42.638011
5 7 0.127481 43.139309
5 6 12.025447 8.062258
