9 11 27911 526 20
34 60 15.770011 34.890002 18.155338
68 1 4.347785 25.518689 30.371111
84 62 31.258015 2.313239 1.992042
43 75 2.774757 42.591440 14.854176
39 61 12.783433 42.974883 47.168198
35 58 26.136341 16.716334 31.555623
36 66 17.109321 44.750098 31.228024
66 28 43.652073 19.156009 37.120546
48 43 29.753217 1.889606 43.861856
0 5 1.405909 2.236068
0 4 34.719304 5.099020
1 4 23.177073 66.640828
1 2 35.059616 63.063460
2 8 33.417640 40.706265
2 4 13.027049 45.011110
3 8 42.038240 32.388269
3 5 7.400300 18.788294
4 7 11.448965 42.638011
5 7 45.905028 43.139309
5 6 27.686843 8.062258
