10 10 28545 420 20
13 81 32.471820 35.446437 43.714626
80 78 49.756606 12.281094 14.288448
22 73 15.303612 23.577529 41.747713
85 16 47.396217 2.962225 32.567814
50 19 8.576711 3.695323 39.590568
8 50 6.266037 43.485533 4.418669
73 85 3.859412 30.928430 38.570032
71 58 42.012900 11.069170 23.038686
79 14 17.490123 0.285719 28.692237
79 82 47.491284 23.828668 2.491006
0 2 27.557683 12.041595
1 9 46.190256 4.123106
1 6 36.267206 9.899495
2 8 27.835135 82.036577
2 7 7.779839 51.244512
3 8 48.376580 6.324555
4 9 7.884135 69.354164
5 8 40.161267 79.605276
6 9 34.423121 6.708204
7 9 36.755510 25.298221
