9 11 28484 1008 20
34 60 5.423745 30.232278 8.382901
68 1 12.344461 15.611265 8.900264
84 62 39.752611 21.388329 33.815612
43 75 11.531840 46.040633 19.697848
39 61 47.608756 45.851594 22.396470
35 58 26.953167 31.842533 44.896877
36 66 41.079351 31.025719 9.403531
66 28 4.031538 24.187373 46.834900
48 43 13.875657 36.792403 25.299651
0 5 41.171253 2.236068
0 4 22.791109 5.099020
1 4 45.803168 66.640828
1 2 21.330209 63.063460
2 8 3.895726 40.706265
2 4 42.390446 45.011110
3 8 23.968638 32.388269
3 5 3.317581 18.788294
4 7 6.002122 42.638011
5 7 35.581223 43.139309
5 6 48.222745 8.062258
