9 11 49968 255 20
34 60 13.775154 6.914659 41.109587
68 1 32.410016 5.996149 11.671380
84 62 43.903764 17.556911 41.721164
43 75 24.099113 38.435195 21.781803
39 61 35.259302 28.274031 42.635905
35 58 0.365722 7.957004 28.424908
36 66 1.389675 25.465753 0.741177
66 28 5.769246 49.329614 26.446194
48 43 18.369845 11.744682 9.630027
0 5 7.548536 2.236068
0 4 24.220558 5.099020
1 4 42.639661 66.640828
1 2 13.831056 63.063460
2 8 12.354016 40.706265
2 4 22.415688 45.011110
3 8 8.672704 32.388269
3 5 36.538122 18.788294
4 7 29.606986 42.638011
5 7 29.930442 43.139309
5 6 25.457318 8.062258
