10 10 44224 1683 20
13 81 45.822732 0.187444 30.273371
80 78 24.737762 1.628347 2.866478
22 73 10.700068 3.735152 0.252326
85 16 47.819306 8.433563 25.728369
50 19 24.913965 7.669541 32.027677
8 50 24.779097 25.634600 5.493670
73 85 25.185217 37.209140 8.785854
71 58 45.294628 16.738217 47.386065
79 14 35.460355 33.198401 35.727798
79 82 22.075781 25.406811 19.136902
0 2 25.357828 12.041595
1 9 15.668619 4.123106
1 6 27.302070 9.899495
2 8 24.562514 82.036577
2 7 0.654061 51.244512
3 8 35.621207 6.324555
4 9 40.639637 69.354164
5 8 29.878793 79.605276
6 9 13.358779 6.708204
7 9 48.867168 25.298221
