9 11 33733 782 20
34 60 43.682218 23.098597 13.668844
68 1 13.499767 27.655467 5.068971
84 62 46.017799 28.927163 5.017533
43 75 16.442356 45.328330 2.136245
39 61 0.299230 4.613402 36.330472
35 58 13.962728 33.417050 2.963388
36 66 41.513339 1.030288 11.097727
66 28 36.488673 43.327435 26.563340
48 43 39.534600 20.779099 32.829995
0 5 38.509961 2.236068
0 4 37.708617 5.099020
1 4 35.628911 66.640828
1 2 42.903468 63.063460
2 8 19.700346 40.706265
2 4 45.915832 45.011110
3 8 2.268173 32.388269
3 5 33.251470 18.788294
4 7 22.254811 42.638011
5 7 28.230899 43.139309
5 6 29.323866 8.062258
