9 11 35648 701 20
34 60 41.305656 25.918702 20.626033
68 1 20.989885 3.763149 23.031534
84 62 27.389319 35.558387 32.595975
43 75 39.120113 40.882249 25.545776
39 61 31.243369 18.227251 34.207006
35 58 30.934159 11.132064 29.374771
36 66 11.538765 4.860396 30.174614
66 28 39.911259 0.236865 7.092205
48 43 30.959086 9.932826 35.421853
0 5 15.495356 2.236068
0 4 23.466893 5.099020
1 4 5.244469 66.640828
1 2 39.159178 63.063460
2 8 25.771601 40.706265
2 4 4.115075 45.011110
3 8 37.892954 32.388269
3 5 35.554818 18.788294
4 7 12.620555 42.638011
5 7 36.193585 43.139309
5 6 30.820513 8.062258
