9 11 40596 1598 20
34 60 32.595854 9.761391 36.730229
68 1 31.051291 33.856133 15.491106
84 62 36.377242 13.850031 0.176281
43 75 29.897788 38.230501 48.732308
39 61 16.782433 47.640308 37.007534
35 58 44.719784 27.043773 16.165814
36 66 35.525229 42.813056 4.457370
66 28 19.204293 13.834123 14.195399
48 43 42.727998 41.003163 45.705144
0 5 20.991620 2.236068
0 4 43.616994 5.099020
1 4 14.726696 66.640828
1 2 14.170042 63.063460
2 8 28.119604 40.706265
2 4 2.921129 45.011110
3 8 10.220367 32.388269
3 5 35.870590 18.788294
4 7 29.107440 42.638011
5 7 48.218248 43.139309
5 6 41.388368 8.062258
