9 11 37702 682 20
34 60 6.638974 43.328880 21.718953
68 1 14.767250 6.160239 22.361061
84 62 24.916631 24.427131 18.090502
43 75 30.710468 32.404275 21.871468
39 61 37.489230 46.145945 41.789362
35 58 37.986893 46.025407 12.509396
36 66 23.948909 19.609690 27.206512
66 28 43.677520 44.457859 11.169475
48 43 28.555471 15.564740 49.681781
0 5 6.134224 2.236068
0 4 2.911836 5.099020
1 4 23.968059 66.640828
1 2 27.237109 63.063460
2 8 15.285301 40.706265
2 4 46.963568 45.011110
3 8 1.882587 32.388269
3 5 36.848276 18.788294
4 7 15.793653 42.638011
5 7 8.580582 43.139309
5 6 5.213603 8.062258
