9 11 26733 1191 20
34 60 44.511410 30.634526 38.512337
68 1 25.809436 35.356646 18.384515
84 62 9.738700 14.779116 33.450073
43 75 21.759464 49.552729 22.694024
39 61 20.996595 36.668395 35.017179
35 58 48.117680 17.665491 2.393471
36 66 44.242836 11.552744 34.160079
66 28 1.540533 0.389314 46.967658
48 43 25.619840 40.136733 7.366377
0 5 42.799085 2.236068
0 4 25.650549 5.099020
1 4 1.402344 66.640828
1 2 42.419875 63.063460
2 8 33.590774 40.706265
2 4 33.031082 45.011110
3 8 0.440246 32.388269
3 5 45.279616 18.788294
4 7 18.588845 42.638011
5 7 23.315291 43.139309
5 6 17.119849 8.062258
