9 11 40403 809 20
34 60 22.890577 41.376399 41.411011
68 1 36.737213 38.960531 19.705612
84 62 45.225984 17.767559 37.072865
43 75 11.960714 46.747835 45.091648
39 61 11.801775 26.874407 31.251084
35 58 18.010406 23.124943 14.105394
36 66 4.279163 49.849087 29.081761
66 28 16.163059 6.696528 19.151157
48 43 31.646938 26.526841 49.561072
0 5 6.507553 2.236068
0 4 18.050098 5.099020
1 4 11.799357 66.640828
1 2 15.196205 63.063460
2 8 29.401405 40.706265
2 4 47.025565 45.011110
3 8 7.221250 32.388269
3 5 24.815300 18.788294
4 7 38.447426 42.638011
5 7 3.793951 43.139309
5 6 18.936677 8.062258
