9 11 42588 441 20
34 60 24.739072 43.117646 18.437466
68 1 32.140306 14.089967 20.612700
84 62 30.102022 42.866952 31.956535
43 75 25.091613 41.539274 20.973105
39 61 6.886432 44.670883 34.966581
35 58 31.303308 33.117825 31.862886
36 66 45.149716 27.075533 5.746984
66 28 44.167935 49.212587 3.464589
48 43 20.019657 32.180821 34.364255
0 5 13.798918 2.236068
0 4 22.399082 5.099020
1 4 42.453660 66.640828
1 2 32.622454 63.063460
2 8 3.497842 40.706265
2 4 24.625108 45.011110
3 8 32.239115 32.388269
3 5 23.800347 18.788294
4 7 3.743145 42.638011
5 7 46.667433 43.139309
5 6 35.377791 8.062258
