9 11 29972 859 20
34 60 5.175062 26.965187 22.765516
68 1 29.234436 28.925349 31.660651
84 62 36.037467 36.707833 5.611422
43 75 40.545558 6.299860 38.680570
39 61 16.111183 37.199504 37.594351
35 58 27.091076 43.101734 48.125398
36 66 14.255650 12.744059 8.025415
66 28 3.880908 31.428732 41.308452
48 43 22.264305 21.908408 0.680211
0 5 43.817916 2.236068
0 4 34.121059 5.099020
1 4 32.938283 66.640828
1 2 28.656884 63.063460
2 8 32.529437 40.706265
2 4 43.793595 45.011110
3 8 27.776771 32.388269
3 5 5.088668 18.788294
4 7 8.501270 42.638011
5 7 46.944675 43.139309
5 6 22.023201 8.062258
