10 10 3108 641 20
13 81 43.346136 45.775072 37.578685
80 78 2.710227 16.820645 15.739186
22 73 0.186984 27.581380 39.777631
85 16 49.197781 47.170193 7.941257
50 19 2.686010 2.421109 9.782374
8 50 27.969308 48.485609 15.011249
73 85 47.218507 9.653619 30.173321
71 58 43.736604 36.820690 22.275272
79 14 35.552927 14.716466 26.209160
79 82 29.193789 1.221275 42.327229
0 2 6.833762 12.041595
1 9 6.166535 4.123106
1 6 1.911860 9.899495
2 8 29.606281 82.036577
2 7 30.625818 51.244512
3 8 20.389455 6.324555
4 9 0.895613 69.354164
5 8 0.454621 79.605276
6 9 48.574983 6.708204
7 9 48.813475 25.298221
