10 10 33888 366 20
13 81 34.649015 14.119497 16.578079
80 78 4.389458 21.322169 27.531677
22 73 7.481663 47.350003 47.622975
85 16 19.346260 12.884568 22.735008
50 19 3.175409 14.207651 22.890772
8 50 0.989196 43.996718 2.446371
73 85 2.708303 22.358444 40.383477
71 58 39.004022 37.461875 16.710198
79 14 44.115722 31.471014 42.678027
79 82 35.771698 47.757210 14.633040
0 2 20.638074 12.041595
1 9 19.315995 4.123106
1 6 21.997249 9.899495
2 8 36.863079 82.036577
2 7 5.440674 51.244512
3 8 45.484911 6.324555
4 9 34.884488 69.354164
5 8 30.716951 79.605276
6 9 41.248729 6.708204
7 9 21.318467 25.298221
