9 11 27244 1148 20
34 60 31.342344 19.733699 4.972018
68 1 18.905842 13.836040 46.569092
84 62 27.383430 42.812734 35.478823
43 75 43.598338 14.973577 45.114280
39 61 27.929683 48.832630 7.413792
35 58 21.919730 7.155140 9.522508
36 66 34.846279 15.620972 42.809365
66 28 8.930858 37.294022 22.825960
48 43 9.924812 45.986109 47.788211
0 5 5.910243 2.236068
0 4 8.311353 5.099020
1 4 17.942988 66.640828
1 2 8.254039 63.063460
2 8 47.892563 40.706265
2 4 1.518935 45.011110
3 8 40.172332 32.388269
3 5 22.047373 18.788294
4 7 37.239949 42.638011
5 7 43.060022 43.139309
5 6 5.343020 8.062258
