9 11 48666 425 20
34 60 44.815777 20.833274 36.426744
68 1 46.524128 18.741725 30.661719
84 62 48.798458 24.202625 23.309804
43 75 6.223025 2.235002 12.229738
39 61 36.426377 8.451999 28.446237
35 58 6.388584 46.391864 46.191435
36 66 45.184269 39.661991 14.173777
66 28 6.729641 6.760725 8.085538
48 43 21.706550 31.658350 17.280553
0 5 46.494616 2.236068
0 4 31.260980 5.099020
1 4 41.171648 66.640828
1 2 47.561476 63.063460
2 8 22.502111 40.706265
2 4 14.163680 45.011110
3 8 27.587260 32.388269
3 5 40.647237 18.788294
4 7 17.466954 42.638011
5 7 14.221501 43.139309
5 6 41.648343 8.062258
