10 10 3702 399 20
13 81 47.946336 44.775733 13.487996
80 78 40.334971 0.549159 5.223142
22 73 20.478130 26.844855 44.806914
85 16 20.517996 30.958311 6.935472
50 19 15.688868 42.498597 11.411993
8 50 16.122807 16.589218 12.647685
73 85 33.531984 1.909468 45.011426
71 58 12.092766 13.624791 41.817491
79 14 31.728906 21.479160 48.932892
79 82 10.525358 12.739830 5.146140
0 2 47.637585 12.041595
1 9 21.121147 4.123106
1 6 7.682970 9.899495
2 8 45.157117 82.036577
2 7 24.853235 51.244512
3 8 43.936001 6.324555
4 9 30.407317 69.354164
5 8 30.348930 79.605276
6 9 21.632638 6.708204
7 9 3.701007 25.298221
