9 11 38090 1112 20
34 60 6.309125 30.202805 16.913367
68 1 25.550715 23.342581 2.702032
84 62 21.142330 40.150611 22.160106
43 75 16.060659 1.364089 32.815166
39 61 29.700998 26.942408 13.276716
35 58 25.291418 23.994093 9.103102
36 66 12.488644 19.588939 18.675560
66 28 11.955687 3.694100 0.064245
48 43 32.066041 10.530445 32.175688
0 5 35.385138 2.236068
0 4 2.411686 5.099020
1 4 27.895975 66.640828
1 2 14.211802 63.063460
2 8 6.546205 40.706265
2 4 14.985184 45.011110
3 8 14.129517 32.388269
3 5 24.216159 18.788294
4 7 20.214466 42.638011
5 7 49.647054 43.139309
5 6 10.630094 8.062258
