9 11 43482 378 20
34 60 20.336957 23.273106 29.561689
68 1 39.553581 45.059156 33.739951
84 62 44.477929 26.853944 15.058998
43 75 37.910384 41.992697 46.255629
39 61 0.068909 12.899187 48.697266
35 58 11.073956 29.767344 48.201591
36 66 3.641835 11.905190 46.651476
66 28 34.717643 42.404563 44.127355
48 43 16.469676 49.157527 41.344048
0 5 9.269281 2.236068
0 4 25.658116 5.099020
1 4 16.242938 66.640828
1 2 47.551408 63.063460
2 8 26.959963 40.706265
2 4 45.745811 45.011110
3 8 39.194564 32.388269
3 5 35.229124 18.788294
4 7 2.623500 42.638011
5 7 17.758475 43.139309
5 6 45.806480 8.062258
