9 11 45707 2360 20
34 60 32.408203 11.870363 22.692718
68 1 24.665884 16.516051 4.360331
84 62 6.571062 13.084353 5.409171
43 75 23.631907 39.997246 31.665707
39 61 30.602783 12.386373 13.510036
35 58 40.871889 21.139687 41.850779
36 66 30.255962 45.160327 41.355566
66 28 6.783046 16.792468 37.386673
48 43 25.986340 46.773272 32.850814
0 5 2.033034 2.236068
0 4 31.515273 5.099020
1 4 16.399285 66.640828
1 2 38.335777 63.063460
2 8 18.786384 40.706265
2 4 20.779940 45.011110
3 8 43.379233 32.388269
3 5 3.832362 18.788294
4 7 6.852750 42.638011
5 7 48.302007 43.139309
5 6 4.071410 8.062258
