10 10 49156 406 20
13 81 5.538973 38.120398 13.020488
80 78 36.711762 12.349904 13.133389
22 73 19.512701 20.750400 49.423155
85 16 27.253577 14.926521 12.505511
50 19 36.307057 45.742666 42.407860
8 50 16.615636 5.387551 16.464202
73 85 45.538525 5.800461 18.356278
71 58 36.912223 39.872400 49.799519
79 14 9.884486 42.885566 34.953360
79 82 3.158194 36.628803 46.930014
0 2 10.207086 12.041595
1 9 46.414232 4.123106
1 6 39.643844 9.899495
2 8 13.508733 82.036577
2 7 40.578090 51.244512
3 8 18.498413 6.324555
4 9 5.911502 69.354164
5 8 32.116006 79.605276
6 9 3.304881 6.708204
7 9 47.370288 25.298221
