10 10 47238 511 20
13 81 43.051632 5.245556 20.848850
80 78 32.544697 32.248512 29.982655
22 73 0.857076 12.134849 8.016466
85 16 33.107599 35.213715 14.315752
50 19 5.756442 32.185634 31.709976
8 50 16.287696 41.893323 46.624848
73 85 22.454030 19.305023 24.568974
71 58 32.707063 32.307845 36.377928
79 14 19.410291 3.583873 14.241941
79 82 8.204142 43.322474 37.147670
0 2 33.102439 12.041595
1 9 11.632457 4.123106
1 6 42.430393 9.899495
2 8 2.439895 82.036577
2 7 34.192996 51.244512
3 8 16.930214 6.324555
4 9 35.791990 69.354164
5 8 5.825925 79.605276
6 9 24.407445 6.708204
7 9 0.682594 25.298221
