10 10 48761 586 20
13 81 42.590338 40.058885 39.423882
80 78 2.403320 37.912152 25.718917
22 73 45.135720 15.235732 22.499263
85 16 10.002228 25.370672 34.889122
50 19 12.873793 40.438206 46.629349
8 50 15.510118 27.330128 2.869391
73 85 41.094103 32.720100 20.531694
71 58 32.886257 19.900840 3.369771
79 14 16.639981 10.602273 31.892791
79 82 12.411764 9.558815 6.777372
0 2 18.065213 12.041595
1 9 37.561647 4.123106
1 6 23.188525 9.899495
2 8 47.999212 82.036577
2 7 23.830746 51.244512
3 8 43.900893 6.324555
4 9 41.322446 69.354164
5 8 18.017309 79.605276
6 9 33.574266 6.708204
7 9 25.312694 25.298221
