10 10 39925 562 20
13 81 8.082995 6.087034 39.596294
80 78 6.133940 2.302925 30.837706
22 73 16.218966 45.916813 39.974247
85 16 38.544409 21.429609 35.015098
50 19 35.776822 5.343018 36.675771
8 50 40.714448 9.532506 8.373894
73 85 19.067064 28.481815 42.437462
71 58 5.297500 27.803259 13.668948
79 14 29.104871 11.247529 43.152514
79 82 39.476771 23.095062 27.880206
0 2 47.387599 12.041595
1 9 32.428318 4.123106
1 6 1.442050 9.899495
2 8 38.159943 82.036577
2 7 8.644807 51.244512
3 8 28.926863 6.324555
4 9 49.433072 69.354164
5 8 49.884999 79.605276
6 9 29.704811 6.708204
7 9 18.850294 25.298221
