10 10 30677 277 20
13 81 20.491733 19.767757 42.723551
80 78 28.675065 23.022226 41.077900
22 73 5.163521 19.879761 28.107152
85 16 47.876058 26.203704 49.343580
50 19 42.763813 5.717302 4.016692
8 50 33.047530 3.248458 34.017872
73 85 46.452733 0.150523 37.425181
71 58 36.516034 12.957775 13.639452
79 14 1.429258 18.091507 48.942711
79 82 27.126790 44.278118 6.936658
0 2 16.718188 12.041595
1 9 6.391231 4.123106
1 6 16.574903 9.899495
2 8 40.714189 82.036577
2 7 4.137962 51.244512
3 8 42.400651 6.324555
4 9 49.679363 69.354164
5 8 46.165562 79.605276
6 9 32.574980 6.708204
7 9 41.765177 25.298221
