9 11 42705 1352 20
34 60 18.999991 32.632671 7.841357
68 1 23.840191 22.963334 1.049061
84 62 3.323334 41.492815 42.591025
43 75 49.276561 26.369353 36.109177
39 61 10.683356 9.598657 8.620754
35 58 30.563090 43.732148 5.687154
36 66 19.855630 30.067934 2.887875
66 28 14.197408 20.329058 47.827435
48 43 28.567195 17.922734 33.781381
0 5 12.652115 2.236068
0 4 19.524640 5.099020
1 4 38.708121 66.640828
1 2 22.904907 63.063460
2 8 16.708215 40.706265
2 4 0.918732 45.011110
3 8 32.529273 32.388269
3 5 28.823544 18.788294
4 7 13.387200 42.638011
5 7 35.843285 43.139309
5 6 9.904417 8.062258
