10 10 45975 589 20
13 81 7.282721 38.605243 32.429706
80 78 44.739065 14.054244 45.406720
22 73 35.592086 38.347652 0.027146
85 16 14.752973 44.784043 48.570477
50 19 21.515902 1.422453 49.801469
8 50 48.473406 37.783736 19.709502
73 85 39.141299 30.358753 1.728832
71 58 38.365487 15.308624 6.705705
79 14 9.860562 34.830202 42.826336
79 82 31.543852 13.116553 7.507580
0 2 21.164471 12.041595
1 9 37.215285 4.123106
1 6 31.247738 9.899495
2 8 35.579105 82.036577
2 7 39.665785 51.244512
3 8 25.943888 6.324555
4 9 4.439740 69.354164
5 8 18.569051 79.605276
6 9 22.555056 6.708204
7 9 33.660676 25.298221
