9 11 45780 1957 20
34 60 17.877247 45.842137 0.846142
68 1 6.553532 47.264832 48.671773
84 62 4.842467 24.500887 17.584551
43 75 49.748348 28.624744 40.449973
39 61 11.447891 24.148701 15.888321
35 58 24.765979 18.764812 18.747810
36 66 16.425538 9.058231 16.639286
66 28 34.968638 43.422224 11.071852
48 43 44.094596 0.788108 43.243350
0 5 9.476440 2.236068
0 4 44.150747 5.099020
1 4 27.947898 66.640828
1 2 46.237981 63.063460
2 8 31.181876 40.706265
2 4 16.481151 45.011110
3 8 34.164030 32.388269
3 5 36.641930 18.788294
4 7 0.185030 42.638011
5 7 9.213741 43.139309
5 6 38.544157 8.062258
