10 10 44306 330 20
13 81 43.185252 24.197321 10.125406
80 78 37.098041 41.655213 9.158183
22 73 9.464478 30.918470 36.564824
85 16 27.928033 1.655051 12.770115
50 19 24.934848 20.607297 11.501456
8 50 48.941128 5.899981 21.588136
73 85 8.789359 34.031669 4.307312
71 58 7.673665 11.504920 2.134981
79 14 36.400655 32.742458 5.643030
79 82 10.786346 33.220182 0.492196
0 2 39.061315 12.041595
1 9 3.722787 4.123106
1 6 40.474628 9.899495
2 8 20.815212 82.036577
2 7 25.036849 51.244512
3 8 12.327624 6.324555
4 9 44.751624 69.354164
5 8 21.187743 79.605276
6 9 39.043242 6.708204
7 9 38.103293 25.298221
