10 10 49625 618 20
13 81 25.717917 13.228048 2.494022
80 78 15.254771 37.369280 24.396161
22 73 21.173594 29.169690 30.859267
85 16 26.755029 26.977454 13.223226
50 19 46.053619 23.634723 26.726503
8 50 23.139623 45.264964 43.020319
73 85 3.591820 13.887735 8.068756
71 58 43.003313 15.895745 23.901885
79 14 28.187712 26.790299 20.171123
79 82 11.428767 34.837613 5.889544
0 2 10.059234 12.041595
1 9 27.652625 4.123106
1 6 27.583517 9.899495
2 8 42.655690 82.036577
2 7 33.378728 51.244512
3 8 21.707073 6.324555
4 9 27.237356 69.354164
5 8 2.345380 79.605276
6 9 35.122383 6.708204
7 9 35.071291 25.298221
