9 11 30709 729 20
34 60 3.674942 15.886697 0.468360
68 1 36.841894 33.247975 46.333923
84 62 0.688498 24.258799 22.598125
43 75 9.995375 12.808687 4.531463
39 61 7.595660 26.258751 31.226980
35 58 41.630511 27.019939 45.264602
36 66 26.750191 24.660289 34.552170
66 28 49.388306 37.420028 14.883858
48 43 40.870537 46.063164 21.124336
0 5 10.870327 2.236068
0 4 1.146372 5.099020
1 4 45.100345 66.640828
1 2 40.208147 63.063460
2 8 2.876270 40.706265
2 4 41.117768 45.011110
3 8 23.128649 32.388269
3 5 46.938953 18.788294
4 7 44.197069 42.638011
5 7 24.239460 43.139309
5 6 23.285016 8.062258
