10 10 50073 1124 20
13 81 38.548226 2.236112 24.289831
80 78 7.278482 28.543802 13.041138
22 73 49.468879 3.847670 20.440311
85 16 3.629546 19.060229 3.920751
50 19 0.933347 15.236372 7.143786
8 50 42.917216 23.821861 12.084405
73 85 4.551892 4.720658 45.945224
71 58 14.539614 27.212541 28.897110
79 14 5.994169 34.022333 0.703219
79 82 3.019705 42.524182 1.412500
0 2 15.639008 12.041595
1 9 0.164508 4.123106
1 6 5.851211 9.899495
2 8 47.691058 82.036577
2 7 12.253542 51.244512
3 8 47.415282 6.324555
4 9 20.587461 69.354164
5 8 0.885774 79.605276
6 9 15.011716 6.708204
7 9 4.786561 25.298221
