10 10 25812 1413 20
13 81 6.160083 32.130301 45.234919
80 78 0.538557 38.999053 13.386197
22 73 9.813303 25.485599 27.285765
85 16 4.374578 20.883625 23.127471
50 19 45.139939 36.029783 46.214222
8 50 38.400900 42.709395 30.770554
73 85 0.404420 1.969597 15.063265
71 58 36.280876 41.876019 30.174441
79 14 2.444568 5.460016 25.379623
79 82 7.838266 38.139224 5.264039
0 2 39.885473 12.041595
1 9 0.984854 4.123106
1 6 48.193604 9.899495
2 8 7.786040 82.036577
2 7 11.741940 51.244512
3 8 42.536879 6.324555
4 9 10.600735 69.354164
5 8 42.063309 79.605276
6 9 42.169386 6.708204
7 9 33.044175 25.298221
