9 11 45878 285 20
34 60 19.770414 28.221114 8.838500
68 1 40.433300 43.776070 29.021567
84 62 11.760625 44.607553 25.246832
43 75 33.533691 16.231715 1.874638
39 61 16.575591 21.752957 40.127787
35 58 3.286845 2.959813 34.997906
36 66 46.784695 7.942275 26.522364
66 28 42.210876 44.905954 49.860203
48 43 43.252509 42.909177 21.973162
0 5 9.399471 2.236068
0 4 48.409518 5.099020
1 4 49.785359 66.640828
1 2 6.063964 63.063460
2 8 43.899648 40.706265
2 4 9.526066 45.011110
3 8 15.212404 32.388269
3 5 0.282616 18.788294
4 7 43.420943 42.638011
5 7 26.978561 43.139309
5 6 42.272858 8.062258
