9 11 33933 1040 20
34 60 18.518568 5.306805 23.980899
68 1 17.313885 16.377158 4.558831
84 62 10.885913 0.521372 36.968659
43 75 44.629189 7.511442 47.842492
39 61 43.046711 34.239594 42.549478
35 58 20.838399 17.388819 11.606161
36 66 47.463441 17.487189 21.380854
66 28 32.659205 25.192448 30.374172
48 43 34.463441 28.467170 22.112524
0 5 26.916829 2.236068
0 4 1.173345 5.099020
1 4 2.828804 66.640828
1 2 49.875841 63.063460
2 8 26.077796 40.706265
2 4 31.749495 45.011110
3 8 44.545365 32.388269
3 5 30.151559 18.788294
4 7 1.456385 42.638011
5 7 2.394667 43.139309
5 6 28.851379 8.062258
