10 10 29583 1388 20
13 81 21.582926 32.318106 15.373272
80 78 26.723594 5.193529 24.006363
22 73 38.486577 26.940683 34.756738
85 16 23.960756 25.283970 2.505866
50 19 10.138966 38.710766 46.916287
8 50 47.223960 9.785113 35.045482
73 85 17.436385 28.555691 29.168058
71 58 27.821987 42.023526 44.931052
79 14 33.447876 0.707022 46.319840
79 82 13.467183 23.944815 18.348711
0 2 40.814176 12.041595
1 9 28.434159 4.123106
1 6 44.668831 9.899495
2 8 49.180814 82.036577
2 7 26.262352 51.244512
3 8 39.171309 6.324555
4 9 23.868697 69.354164
5 8 10.999015 79.605276
6 9 44.948875 6.708204
7 9 49.619071 25.298221
