9 11 38318 953 20
34 60 31.552933 21.481768 43.931915
68 1 22.843265 10.305464 24.960444
84 62 15.252822 49.633690 13.811234
43 75 27.543539 21.845342 23.577095
39 61 30.117340 32.700146 7.666778
35 58 32.672563 39.721800 39.613618
36 66 18.516649 36.122695 30.252564
66 28 26.031672 0.505760 43.367989
48 43 15.869228 24.412044 36.935303
0 5 47.724702 2.236068
0 4 12.867614 5.099020
1 4 10.933321 66.640828
1 2 6.326824 63.063460
2 8 8.215426 40.706265
2 4 0.864651 45.011110
3 8 36.804906 32.388269
3 5 18.672513 18.788294
4 7 1.249298 42.638011
5 7 45.868995 43.139309
5 6 18.671103 8.062258
