9 11 39850 2409 20
34 60 17.522419 3.496487 18.770219
68 1 20.516831 2.833018 43.913981
84 62 24.751851 20.321823 14.393165
43 75 22.122631 47.620854 31.029138
39 61 33.239011 17.389814 7.590339
35 58 24.789727 19.372316 47.347722
36 66 3.060465 31.085375 24.424953
66 28 34.087903 12.478434 39.648385
48 43 43.904971 32.432032 4.652092
0 5 46.479948 2.236068
0 4 21.788577 5.099020
1 4 20.988178 66.640828
1 2 38.362201 63.063460
2 8 25.657257 40.706265
2 4 43.163057 45.011110
3 8 16.609214 32.388269
3 5 27.090885 18.788294
4 7 2.711249 42.638011
5 7 41.605993 43.139309
5 6 20.338333 8.062258
