9 11 40057 2056 20
34 60 10.584198 25.115696 9.115396
68 1 10.810676 29.303197 4.597062
84 62 31.380500 11.730707 42.506006
43 75 36.359668 15.641117 48.038444
39 61 22.656326 8.347039 43.873038
35 58 38.487514 16.950323 42.302428
36 66 21.176621 28.961291 19.648924
66 28 9.239735 49.901167 30.149381
48 43 6.858196 0.369803 46.155332
0 5 16.826971 2.236068
0 4 17.790240 5.099020
1 4 34.112041 66.640828
1 2 13.379156 63.063460
2 8 45.743593 40.706265
2 4 41.344980 45.011110
3 8 26.976667 32.388269
3 5 38.695106 18.788294
4 7 4.037388 42.638011
5 7 24.802071 43.139309
5 6 25.174870 8.062258
