10 10 46289 607 20
13 81 20.673434 5.997536 38.138442
80 78 23.876147 9.240181 27.052957
22 73 46.799109 49.969680 23.804473
85 16 14.923060 29.285633 20.317946
50 19 24.125415 20.142308 27.864680
8 50 29.088888 23.214615 21.916588
73 85 44.757020 6.489546 30.387787
71 58 40.775004 17.235873 33.408331
79 14 36.031083 11.347933 43.958568
79 82 1.240022 18.508935 29.900714
0 2 5.567756 12.041595
1 9 40.579270 4.123106
1 6 35.129796 9.899495
2 8 11.303107 82.036577
2 7 29.862150 51.244512
3 8 36.301084 6.324555
4 9 22.467086 69.354164
5 8 1.210885 79.605276
6 9 2.297453 6.708204
7 9 13.751385 25.298221
