10 10 43068 607 20
13 81 17.028221 6.301558 6.301376
80 78 5.961600 14.710814 15.666378
22 73 14.616052 12.443577 37.677836
85 16 38.996496 0.561237 21.416487
50 19 29.065665 47.960995 28.194158
8 50 24.460375 21.301546 49.723860
73 85 40.089607 14.895448 4.660538
71 58 40.421973 9.394008 16.528334
79 14 10.169636 43.837297 12.217290
79 82 19.299264 9.405618 19.388529
0 2 2.672623 12.041595
1 9 46.406700 4.123106
1 6 46.032921 9.899495
2 8 36.827483 82.036577
2 7 35.391644 51.244512
3 8 30.414558 6.324555
4 9 4.880328 69.354164
5 8 14.025784 79.605276
6 9 8.526745 6.708204
7 9 31.275130 25.298221
