10 10 38636 473 20
13 81 23.365831 24.196366 41.051307
80 78 20.657429 23.519730 35.596201
22 73 5.992378 4.353804 44.409592
85 16 19.682521 22.209452 31.936005
50 19 48.182830 18.491717 14.853764
8 50 34.217325 3.414958 6.429688
73 85 7.855573 40.435310 1.420754
71 58 12.273269 45.719808 32.479464
79 14 48.002820 5.726439 11.678750
79 82 26.783456 44.372220 19.348978
0 2 27.562248 12.041595
1 9 42.941656 4.123106
1 6 0.555135 9.899495
2 8 48.997306 82.036577
2 7 26.410286 51.244512
3 8 37.181949 6.324555
4 9 6.683587 69.354164
5 8 5.316496 79.605276
6 9 21.667144 6.708204
7 9 6.499135 25.298221
