9 11 3270 1502 20
34 60 37.727713 8.461643 1.937525
68 1 17.648211 46.097036 11.642548
84 62 8.733031 23.250232 27.459514
43 75 8.286270 34.376101 16.454626
39 61 6.871124 26.959124 41.544143
35 58 25.335189 8.702567 22.201001
36 66 5.044947 15.889509 13.304798
66 28 13.612839 7.309231 49.954826
48 43 10.607793 16.779660 17.124697
0 5 14.119110 2.236068
0 4 5.919125 5.099020
1 4 41.515080 66.640828
1 2 6.839717 63.063460
2 8 45.646200 40.706265
2 4 28.500397 45.011110
3 8 47.523535 32.388269
3 5 24.500985 18.788294
4 7 14.528030 42.638011
5 7 45.883521 43.139309
5 6 21.376280 8.062258
