10 10 38772 745 20
13 81 1.478200 14.423447 0.734935
80 78 43.319880 40.037820 48.707875
22 73 41.107249 33.515895 25.926394
85 16 10.671112 43.501701 31.803259
50 19 16.176964 33.685566 28.150470
8 50 24.518634 39.740015 29.535694
73 85 11.249045 2.114264 1.046928
71 58 4.328421 4.543650 38.881918
79 14 46.449160 11.716189 36.783373
79 82 10.709621 40.280931 41.904214
0 2 24.508962 12.041595
1 9 17.803606 4.123106
1 6 11.707002 9.899495
2 8 45.466426 82.036577
2 7 24.623675 51.244512
3 8 21.729701 6.324555
4 9 32.479115 69.354164
5 8 35.083149 79.605276
6 9 29.474667 6.708204
7 9 46.634826 25.298221
