9 11 50048 1373 20
34 60 17.124384 37.497862 27.785169
68 1 6.662186 2.012789 22.197316
84 62 21.647907 33.146997 1.570430
43 75 11.525973 19.717353 28.813461
39 61 11.546561 41.260766 12.966512
35 58 12.530850 3.795836 26.953904
36 66 12.059871 48.274134 40.123991
66 28 1.356798 27.918478 1.476479
48 43 9.588677 30.768807 2.518664
0 5 7.846551 2.236068
0 4 40.301357 5.099020
1 4 23.107916 66.640828
1 2 41.305981 63.063460
2 8 47.953252 40.706265
2 4 4.496104 45.011110
3 8 25.913192 32.388269
3 5 18.520244 18.788294
4 7 27.697910 42.638011
5 7 27.028733 43.139309
5 6 26.151802 8.062258
