10 10 45536 387 20
13 81 30.074516 18.084310 34.170715
80 78 36.809707 28.958593 16.029128
22 73 22.484495 41.106184 26.468541
85 16 41.324385 20.225899 35.604266
50 19 42.096425 34.848082 14.397845
8 50 36.794759 41.421508 26.219850
73 85 32.546206 4.549053 33.686102
71 58 12.231218 28.739666 34.811315
79 14 40.801457 30.400835 7.269434
79 82 18.985155 2.000471 31.180584
0 2 35.704329 12.041595
1 9 18.257305 4.123106
1 6 34.335788 9.899495
2 8 22.571709 82.036577
2 7 17.197818 51.244512
3 8 9.513654 6.324555
4 9 35.534410 69.354164
5 8 11.850859 79.605276
6 9 47.319878 6.708204
7 9 40.894040 25.298221
