9 11 33622 511 20
34 60 16.847944 16.112185 45.739215
68 1 43.534153 1.659311 28.872886
84 62 32.654613 33.333617 28.592113
43 75 39.666470 44.820874 47.211295
39 61 45.390153 1.202855 29.994767
35 58 0.332140 19.266361 0.324253
36 66 47.898910 2.769760 8.675196
66 28 20.473377 23.627012 15.788061
48 43 8.143200 17.775001 25.650668
0 5 1.147356 2.236068
0 4 15.214728 5.099020
1 4 40.427968 66.640828
1 2 44.872577 63.063460
2 8 30.432439 40.706265
2 4 33.781271 45.011110
3 8 43.712967 32.388269
3 5 35.627868 18.788294
4 7 16.097512 42.638011
5 7 24.915225 43.139309
5 6 32.485864 8.062258
