10 10 46473 766 20
13 81 0.663471 18.886951 40.403935
80 78 17.200986 49.055412 42.669398
22 73 33.673818 43.504038 19.515709
85 16 3.221171 19.809307 13.293293
50 19 9.241386 35.130609 3.686301
8 50 19.874967 13.167159 9.591238
73 85 7.355315 33.174518 23.535111
71 58 1.701696 35.198411 18.052240
79 14 8.364600 37.516540 28.816995
79 82 24.435021 6.213191 49.333234
0 2 18.674690 12.041595
1 9 36.356467 4.123106
1 6 5.203401 9.899495
2 8 44.804582 82.036577
2 7 47.327345 51.244512
3 8 9.960873 6.324555
4 9 40.741852 69.354164
5 8 26.154209 79.605276
6 9 41.093187 6.708204
7 9 46.159271 25.298221
