10 10 45560 1556 20
13 81 27.089996 4.807268 6.948704
80 78 39.618451 27.580985 16.386507
22 73 34.419343 19.987338 19.193220
85 16 49.775282 14.127882 43.255528
50 19 1.851335 7.608972 35.529950
8 50 45.061683 49.757158 29.668285
73 85 11.733615 29.812240 46.348376
71 58 16.576151 44.129951 25.043498
79 14 37.515080 40.441456 0.757606
79 82 40.418870 1.029394 10.101189
0 2 46.141704 12.041595
1 9 22.028889 4.123106
1 6 21.935517 9.899495
2 8 25.819461 82.036577
2 7 12.779557 51.244512
3 8 42.419805 6.324555
4 9 21.035486 69.354164
5 8 0.869691 79.605276
6 9 15.354739 6.708204
7 9 28.953444 25.298221
