10 10 46526 1286 20
13 81 43.892608 37.552669 28.563069
80 78 11.942515 47.582727 9.907032
22 73 36.276583 25.609954 19.937562
85 16 26.943536 21.090605 24.707418
50 19 33.707021 7.016538 14.806626
8 50 8.680984 39.639514 4.876877
73 85 38.609749 0.203429 21.302748
71 58 49.628721 11.153618 39.759238
79 14 0.775666 5.459114 42.163335
79 82 28.438807 39.808031 20.997220
0 2 24.083631 12.041595
1 9 28.831677 4.123106
1 6 24.473771 9.899495
2 8 26.634488 82.036577
2 7 49.548171 51.244512
3 8 28.162409 6.324555
4 9 6.844600 69.354164
5 8 19.987843 79.605276
6 9 44.121695 6.708204
7 9 20.364137 25.298221
