10 10 50268 726 20
13 81 18.774735 49.523842 29.664361
80 78 32.688405 2.790501 0.739520
22 73 41.153866 36.623392 43.500303
85 16 7.691851 30.526437 0.424025
50 19 36.953800 34.672753 36.925917
8 50 37.763374 13.605365 48.727213
73 85 20.898558 32.927677 37.348953
71 58 10.411631 9.564719 35.209597
79 14 29.287506 21.844009 29.806084
79 82 9.088278 11.432650 14.224554
0 2 31.388287 12.041595
1 9 27.358803 4.123106
1 6 26.668120 9.899495
2 8 29.371507 82.036577
2 7 7.045789 51.244512
3 8 40.080738 6.324555
4 9 11.846911 69.354164
5 8 43.442256 79.605276
6 9 13.772942 6.708204
7 9 6.010284 25.298221
