9 11 40250 370 20
34 60 23.691272 25.936681 3.581436
68 1 16.515743 38.300972 4.326947
84 62 19.102712 23.798184 31.325659
43 75 13.648523 40.886237 26.596235
39 61 15.375954 29.585696 7.352400
35 58 45.451660 45.521728 12.460493
36 66 24.705660 3.603662 49.757623
66 28 47.215590 25.785568 24.483210
48 43 3.408205 21.446679 45.963724
0 5 17.863978 2.236068
0 4 32.398122 5.099020
1 4 3.536907 66.640828
1 2 18.264263 63.063460
2 8 5.920433 40.706265
2 4 9.301520 45.011110
3 8 21.081371 32.388269
3 5 39.301086 18.788294
4 7 14.269246 42.638011
5 7 2.761799 43.139309
5 6 42.680010 8.062258
