9 11 33111 440 20
34 60 33.222889 25.882494 2.099556
68 1 39.958499 36.073201 12.117855
84 62 24.211989 25.643541 46.034332
43 75 27.432830 16.253665 6.015154
39 61 8.979186 14.394136 18.827084
35 58 49.377235 42.960165 49.004168
36 66 12.776210 36.592266 25.862799
66 28 40.806502 1.572791 26.720139
48 43 1.046133 12.094435 47.441042
0 5 33.536704 2.236068
0 4 43.367966 5.099020
1 4 40.658745 66.640828
1 2 20.916508 63.063460
2 8 17.520057 40.706265
2 4 11.408635 45.011110
3 8 47.504799 32.388269
3 5 31.715336 18.788294
4 7 26.864534 42.638011
5 7 48.831198 43.139309
5 6 27.312988 8.062258
