9 11 46052 2385 20
34 60 9.909356 39.980992 45.997063
68 1 27.330578 14.560563 12.467125
84 62 10.622024 27.259742 0.725714
43 75 44.777527 22.404778 20.018678
39 61 24.469294 45.638434 40.686169
35 58 34.194519 19.698845 6.157340
36 66 7.240210 35.860929 5.567878
66 28 49.289423 33.187927 7.776938
48 43 18.164494 15.730559 10.679939
0 5 30.013957 2.236068
0 4 46.040232 5.099020
1 4 13.060186 66.640828
1 2 20.037587 63.063460
2 8 47.049395 40.706265
2 4 35.862819 45.011110
3 8 31.415053 32.388269
3 5 17.569670 18.788294
4 7 16.394745 42.638011
5 7 15.667388 43.139309
5 6 21.964729 8.062258
