10 10 4785 842 20
13 81 3.185659 26.907149 10.031430
80 78 9.621045 48.901118 31.846459
22 73 45.537254 13.880207 40.909062
85 16 15.922512 13.123149 40.224146
50 19 16.201763 37.475088 21.490850
8 50 2.150868 37.059227 15.798002
73 85 9.756783 9.789313 17.109251
71 58 6.013012 16.104368 29.590622
79 14 33.166561 40.788848 5.282365
79 82 26.858399 19.373563 11.142602
0 2 34.323103 12.041595
1 9 36.896483 4.123106
1 6 41.899796 9.899495
2 8 49.163192 82.036577
2 7 36.095871 51.244512
3 8 45.760335 6.324555
4 9 24.020348 69.354164
5 8 49.809658 79.605276
6 9 29.717140 6.708204
7 9 22.770291 25.298221
