9 11 41275 1834 20
34 60 3.129369 0.322117 30.464115
68 1 35.975417 10.739664 15.823914
84 62 33.742144 28.769789 26.017325
43 75 43.646271 47.718982 23.574725
39 61 12.145021 11.570684 23.739755
35 58 12.431262 44.115674 34.666812
36 66 48.074556 42.942263 21.875553
66 28 8.844284 11.795996 23.865801
48 43 3.026150 25.343282 19.380021
0 5 39.353384 2.236068
0 4 39.466934 5.099020
1 4 27.372674 66.640828
1 2 3.960705 63.063460
2 8 45.636870 40.706265
2 4 39.907295 45.011110
3 8 9.363413 32.388269
3 5 20.520916 18.788294
4 7 30.104103 42.638011
5 7 35.112130 43.139309
5 6 6.840562 8.062258
