9 11 26911 1975 20
34 60 44.192296 46.464484 41.054371
68 1 4.437235 17.974244 38.792970
84 62 37.805870 44.054201 39.784495
43 75 3.433600 27.657593 29.164661
39 61 48.895857 6.616063 17.458454
35 58 19.027029 16.622288 31.115592
36 66 16.176061 7.108044 23.298834
66 28 23.732981 27.945983 28.320873
48 43 47.030533 33.002435 47.715112
0 5 7.587686 2.236068
0 4 26.556222 5.099020
1 4 18.363881 66.640828
1 2 33.793001 63.063460
2 8 37.549245 40.706265
2 4 8.206668 45.011110
3 8 27.747330 32.388269
3 5 0.832798 18.788294
4 7 27.466224 42.638011
5 7 9.348150 43.139309
5 6 22.397763 8.062258
