10 10 39675 1141 20
13 81 45.973059 2.431829 28.057784
80 78 40.648582 18.731177 14.128343
22 73 28.687075 9.206458 46.646710
85 16 44.754891 5.136481 29.145938
50 19 48.601651 5.057516 15.332927
8 50 26.041659 47.558903 22.190484
73 85 26.112428 31.631435 25.595166
71 58 46.451960 23.167317 9.272029
79 14 42.728012 11.699018 0.643650
79 82 34.584316 1.129553 29.064800
0 2 22.186428 12.041595
1 9 43.786918 4.123106
1 6 28.315907 9.899495
2 8 38.263156 82.036577
2 7 49.296516 51.244512
3 8 32.950050 6.324555
4 9 40.654161 69.354164
5 8 37.237988 79.605276
6 9 22.865177 6.708204
7 9 18.837529 25.298221
