9 11 37081 512 20
34 60 12.553773 28.415329 35.930529
68 1 13.207427 12.826840 16.015716
84 62 30.657894 34.083066 35.456700
43 75 38.404343 0.157551 31.713396
39 61 39.711475 34.884560 48.563323
35 58 36.519035 4.136778 22.942463
36 66 45.112737 8.273326 9.656186
66 28 24.113865 21.259851 44.460259
48 43 45.295173 18.629556 9.323777
0 5 33.434977 2.236068
0 4 18.592090 5.099020
1 4 39.138277 66.640828
1 2 29.092938 63.063460
2 8 27.605000 40.706265
2 4 41.424504 45.011110
3 8 49.795571 32.388269
3 5 33.169957 18.788294
4 7 41.716296 42.638011
5 7 14.424861 43.139309
5 6 43.622187 8.062258
