9 11 35540 1015 20
34 60 31.439482 1.160476 11.639710
68 1 19.442708 6.259631 13.662803
84 62 30.782903 2.924282 48.834942
43 75 4.156843 26.106974 32.022378
39 61 21.814872 14.599911 15.715074
35 58 15.095224 32.674102 7.462484
36 66 8.947467 28.830425 37.538043
66 28 6.950133 38.089049 18.474183
48 43 44.033758 32.628833 28.529841
0 5 29.095297 2.236068
0 4 22.264062 5.099020
1 4 35.689894 66.640828
1 2 23.363623 63.063460
2 8 29.454403 40.706265
2 4 38.885018 45.011110
3 8 32.675415 32.388269
3 5 2.406027 18.788294
4 7 39.631578 42.638011
5 7 9.836651 43.139309
5 6 27.332890 8.062258
