9 11 40346 1289 20
34 60 2.623219 2.767860 21.869862
68 1 9.498088 20.258797 49.405708
84 62 39.604325 29.391410 37.709656
43 75 4.621329 2.403414 49.327988
39 61 23.855810 2.987744 49.150212
35 58 3.225048 40.624259 28.315971
36 66 38.538375 37.253818 21.710263
66 28 45.974642 11.938530 49.021866
48 43 29.575497 48.815782 11.487302
0 5 2.043508 2.236068
0 4 2.886759 5.099020
1 4 6.287885 66.640828
1 2 16.470041 63.063460
2 8 39.461155 40.706265
2 4 17.216208 45.011110
3 8 7.990353 32.388269
3 5 13.092685 18.788294
4 7 27.617092 42.638011
5 7 14.779955 43.139309
5 6 43.284206 8.062258
