9 11 31619 627 20
34 60 45.052413 16.599252 6.243037
68 1 11.332950 29.959509 31.858118
84 62 48.173729 14.428310 26.268585
43 75 45.583897 8.212415 34.819823
39 61 41.572334 1.172808 18.773593
35 58 18.152574 26.415417 37.956396
36 66 25.140799 23.871729 42.532530
66 28 39.307133 48.443954 6.323380
48 43 36.363133 26.990859 10.670999
0 5 43.333833 2.236068
0 4 25.308546 5.099020
1 4 3.106030 66.640828
1 2 47.462149 63.063460
2 8 39.673755 40.706265
2 4 48.075327 45.011110
3 8 7.735846 32.388269
3 5 1.191100 18.788294
4 7 0.024867 42.638011
5 7 25.023699 43.139309
5 6 42.800498 8.062258
