10 10 30806 648 20
13 81 2.052221 26.115647 9.850742
80 78 36.507691 18.113029 0.013945
22 73 31.355014 34.161035 18.580682
85 16 18.601179 32.689041 17.294043
50 19 47.933270 37.798086 41.659624
8 50 36.198634 25.571444 24.581354
73 85 47.205954 10.600285 2.259826
71 58 20.642808 40.212552 1.640291
79 14 5.864535 31.687153 22.273298
79 82 33.948161 31.004873 8.637352
0 2 8.300748 12.041595
1 9 42.467125 4.123106
1 6 10.624366 9.899495
2 8 40.615650 82.036577
2 7 0.654218 51.244512
3 8 13.550209 6.324555
4 9 4.691414 69.354164
5 8 38.677037 79.605276
6 9 23.144836 6.708204
7 9 45.713957 25.298221
