10 10 30193 597 20
13 81 24.874235 13.642070 47.206518
80 78 13.849770 5.494066 7.819557
22 73 40.529593 39.661034 22.776833
85 16 18.816602 0.337166 16.204959
50 19 37.254838 47.779658 35.794566
8 50 16.608830 4.022911 2.646755
73 85 39.771951 41.385686 10.968516
71 58 45.365432 4.101763 13.614725
79 14 23.091664 30.920479 41.239157
79 82 45.900186 14.088384 32.183832
0 2 33.265196 12.041595
1 9 10.797894 4.123106
1 6 36.709282 9.899495
2 8 40.946694 82.036577
2 7 49.624014 51.244512
3 8 39.148176 6.324555
4 9 3.021047 69.354164
5 8 35.128520 79.605276
6 9 10.501975 6.708204
7 9 38.404903 25.298221
