9 11 43862 376 20
34 60 47.098055 16.276148 22.793815
68 1 5.554770 39.959623 30.769769
84 62 38.165640 43.496915 24.010783
43 75 44.129035 15.333157 14.947777
39 61 22.567385 25.209882 9.654004
35 58 3.198302 42.316522 26.898432
36 66 4.369298 44.113546 18.584075
66 28 18.207275 6.833163 16.718542
48 43 14.005299 32.738990 7.203425
0 5 23.723660 2.236068
0 4 3.152235 5.099020
1 4 34.816817 66.640828
1 2 4.260831 63.063460
2 8 32.528524 40.706265
2 4 29.500070 45.011110
3 8 14.236303 32.388269
3 5 29.002992 18.788294
4 7 18.113078 42.638011
5 7 7.634002 43.139309
5 6 43.497968 8.062258
