9 11 28727 582 20
34 60 2.731126 22.028110 22.666225
68 1 34.230029 37.565420 25.302328
84 62 8.185503 29.453279 18.928765
43 75 10.956462 33.614919 31.854882
39 61 49.573798 39.141779 11.529171
35 58 10.600040 22.045981 38.366567
36 66 48.964346 26.102712 18.781723
66 28 18.591987 21.603663 15.503777
48 43 48.886031 37.713892 17.923428
0 5 7.406889 2.236068
0 4 49.731166 5.099020
1 4 21.209565 66.640828
1 2 6.889412 63.063460
2 8 36.966024 40.706265
2 4 11.580558 45.011110
3 8 27.653087 32.388269
3 5 32.197343 18.788294
4 7 38.236792 42.638011
5 7 12.490495 43.139309
5 6 49.974884 8.062258
