9 11 47476 617 20
34 60 26.554580 8.327240 0.794919
68 1 32.138460 49.539896 35.611746
84 62 13.695635 29.029633 46.766132
43 75 40.291563 40.364318 46.098274
39 61 19.783072 30.111516 6.281617
35 58 16.591167 19.557596 43.074433
36 66 25.088382 35.156656 48.145205
66 28 22.643678 23.314343 6.257376
48 43 22.074783 24.046715 42.199293
0 5 11.229063 2.236068
0 4 9.190053 5.099020
1 4 10.231292 66.640828
1 2 34.644464 63.063460
2 8 18.877242 40.706265
2 4 26.207278 45.011110
3 8 11.930051 32.388269
3 5 45.173262 18.788294
4 7 43.323377 42.638011
5 7 31.521704 43.139309
5 6 42.214898 8.062258
