9 11 46315 2462 20
34 60 41.996528 33.244183 6.746280
68 1 41.642821 2.565164 20.911419
84 62 25.009972 27.086935 32.971475
43 75 41.905283 35.634409 1.335429
39 61 2.318990 45.330846 48.051901
35 58 41.857099 10.863454 48.653552
36 66 33.276363 1.283444 3.485789
66 28 47.669207 23.269309 20.929160
48 43 35.969688 42.082067 15.356058
0 5 14.435709 2.236068
0 4 36.240138 5.099020
1 4 37.196409 66.640828
1 2 14.401865 63.063460
2 8 31.270070 40.706265
2 4 0.227365 45.011110
3 8 35.706811 32.388269
3 5 30.566094 18.788294
4 7 33.472911 42.638011
5 7 28.060336 43.139309
5 6 42.685513 8.062258
