9 11 25791 1332 20
34 60 6.894835 15.208425 25.060467
68 1 6.876321 26.863819 9.125217
84 62 31.497109 21.590863 33.522113
43 75 12.257097 0.708659 3.386153
39 61 24.120732 23.751983 45.297839
35 58 39.215847 43.827049 31.900913
36 66 13.601887 11.988716 2.739053
66 28 16.050012 4.061106 15.677319
48 43 10.403845 10.000745 16.349192
0 5 30.082980 2.236068
0 4 24.776576 5.099020
1 4 0.120158 66.640828
1 2 11.053754 63.063460
2 8 3.104434 40.706265
2 4 23.332640 45.011110
3 8 12.667655 32.388269
3 5 35.171302 18.788294
4 7 21.290649 42.638011
5 7 25.923814 43.139309
5 6 26.963273 8.062258
