10 10 49812 1665 20
13 81 21.165199 47.784005 4.604039
80 78 41.992499 49.641846 11.566987
22 73 6.361250 44.021991 35.280204
85 16 27.047094 3.023739 6.188575
50 19 47.324622 23.233421 45.739536
8 50 11.401004 46.477320 2.768111
73 85 29.639601 47.810820 8.257846
71 58 29.153828 31.902209 17.919848
79 14 11.220372 47.148583 22.311180
79 82 12.411108 7.934788 15.927507
0 2 10.645866 12.041595
1 9 37.932230 4.123106
1 6 24.270438 9.899495
2 8 34.996786 82.036577
2 7 1.832136 51.244512
3 8 40.292823 6.324555
4 9 36.226742 69.354164
5 8 9.834287 79.605276
6 9 21.836188 6.708204
7 9 25.025743 25.298221
