9 11 39175 450 20
34 60 45.181672 7.951677 0.061108
68 1 30.816808 44.926184 49.205270
84 62 8.535650 27.869642 5.875220
43 75 24.087713 14.904732 46.745620
39 61 0.241058 3.662025 30.185361
35 58 37.840114 34.244125 23.515322
36 66 43.850580 12.082125 36.084265
66 28 9.777216 21.734665 43.740127
48 43 5.271317 31.592387 29.248314
0 5 25.413481 2.236068
0 4 36.192131 5.099020
1 4 21.900974 66.640828
1 2 20.237197 63.063460
2 8 47.489657 40.706265
2 4 26.439866 45.011110
3 8 44.442376 32.388269
3 5 48.812169 18.788294
4 7 28.951315 42.638011
5 7 4.523015 43.139309
5 6 17.755730 8.062258
