10 10 40288 2319 20
13 81 28.634097 21.671321 26.348756
80 78 30.684936 25.930632 27.852471
22 73 44.160135 5.935750 30.211167
85 16 1.605742 19.905499 16.553041
50 19 1.020315 24.924276 22.238093
8 50 5.931899 22.290498 28.697927
73 85 6.993471 1.145163 39.656326
71 58 31.982335 0.269438 15.285384
79 14 28.800417 12.113267 20.407324
79 82 49.790293 20.765211 8.357510
0 2 42.743629 12.041595
1 9 19.092750 4.123106
1 6 24.051501 9.899495
2 8 35.753623 82.036577
2 7 18.224907 51.244512
3 8 17.946149 6.324555
4 9 16.996466 69.354164
5 8 15.657839 79.605276
6 9 34.685357 6.708204
7 9 22.224019 25.298221
