9 11 30967 746 20
34 60 11.501074 30.578643 12.907236
68 1 22.399983 48.330000 7.305214
84 62 42.132135 42.119168 12.612281
43 75 15.501904 10.708470 36.485160
39 61 20.394880 19.117789 3.828373
35 58 32.027926 44.092366 14.031408
36 66 41.217671 21.950599 42.923842
66 28 0.112525 9.247158 26.776694
48 43 43.975140 19.759242 23.533502
0 5 19.748943 2.236068
0 4 36.238794 5.099020
1 4 34.040457 66.640828
1 2 10.770146 63.063460
2 8 7.229794 40.706265
2 4 47.890410 45.011110
3 8 11.826712 32.388269
3 5 12.276729 18.788294
4 7 13.465236 42.638011
5 7 33.471629 43.139309
5 6 32.716679 8.062258
