10 10 39500 2816 20
13 81 7.690310 13.178691 35.502605
80 78 41.983833 46.344223 27.870793
22 73 38.103300 17.130591 13.379610
85 16 8.934992 36.371895 41.633818
50 19 16.433329 3.476334 14.816633
8 50 23.037122 23.466472 29.921706
73 85 13.630633 26.773609 25.815111
71 58 33.819219 7.164198 41.738212
79 14 18.317885 35.526605 42.448685
79 82 13.822045 39.874595 13.058735
0 2 15.164100 12.041595
1 9 18.610801 4.123106
1 6 31.220869 9.899495
2 8 44.748125 82.036577
2 7 26.917525 51.244512
3 8 17.229578 6.324555
4 9 25.791196 69.354164
5 8 35.793033 79.605276
6 9 5.886353 6.708204
7 9 42.529582 25.298221
