10 10 34208 497 20
13 81 33.583737 48.205564 9.099979
80 78 44.221868 21.870195 32.277364
22 73 28.952063 31.394491 1.018224
85 16 15.239704 22.026740 14.881150
50 19 35.284469 15.963774 21.409708
8 50 43.947059 6.177391 32.759775
73 85 26.339258 5.229683 20.231203
71 58 28.696729 32.605370 16.823348
79 14 13.877664 31.542296 26.819241
79 82 10.041282 48.490658 9.109135
0 2 17.615805 12.041595
1 9 33.789373 4.123106
1 6 27.758669 9.899495
2 8 39.957995 82.036577
2 7 39.034092 51.244512
3 8 30.214350 6.324555
4 9 45.170625 69.354164
5 8 46.092236 79.605276
6 9 12.788939 6.708204
7 9 36.755604 25.298221
