9 11 26377 1705 20
34 60 6.986788 4.994755 7.763953
68 1 8.939582 39.559499 23.400136
84 62 28.138436 0.012994 30.414562
43 75 43.319741 35.260995 7.140769
39 61 33.247479 47.517024 41.216164
35 58 26.287396 5.930717 3.824227
36 66 25.924379 5.111953 38.826651
66 28 21.799000 6.347926 31.146618
48 43 25.387765 28.360434 16.370989
0 5 38.460860 2.236068
0 4 25.163667 5.099020
1 4 44.883095 66.640828
1 2 19.196734 63.063460
2 8 13.009546 40.706265
2 4 2.319037 45.011110
3 8 48.502078 32.388269
3 5 37.239676 18.788294
4 7 4.116069 42.638011
5 7 34.045864 43.139309
5 6 24.607187 8.062258
