10 10 31928 818 20
13 81 31.037058 25.370143 27.311552
80 78 24.736531 20.390682 11.458572
22 73 33.369916 2.511523 5.651175
85 16 35.202441 20.582937 46.152689
50 19 23.248028 35.498738 35.276335
8 50 14.350342 42.507494 18.922093
73 85 10.135216 2.757264 24.254122
71 58 5.694018 3.052572 44.335843
79 14 42.453720 17.805659 19.839240
79 82 28.772896 13.074422 8.131100
0 2 41.068198 12.041595
1 9 37.400324 4.123106
1 6 37.329123 9.899495
2 8 49.749530 82.036577
2 7 49.506735 51.244512
3 8 6.688310 6.324555
4 9 44.170288 69.354164
5 8 12.490072 79.605276
6 9 32.160556 6.708204
7 9 36.310076 25.298221
