9 11 36588 778 20
34 60 49.866951 32.611340 45.260911
68 1 48.796740 40.391437 42.509709
84 62 40.172499 13.402386 16.181958
43 75 33.022075 45.842728 34.826424
39 61 1.167771 12.418039 2.977104
35 58 11.318740 22.013704 48.523017
36 66 47.858760 47.742037 10.808422
66 28 37.810880 32.832018 47.745201
48 43 5.717999 21.872012 49.548780
0 5 37.110706 2.236068
0 4 39.706856 5.099020
1 4 37.219403 66.640828
1 2 31.018257 63.063460
2 8 17.018368 40.706265
2 4 7.466677 45.011110
3 8 8.831897 32.388269
3 5 39.464196 18.788294
4 7 46.696108 42.638011
5 7 21.760897 43.139309
5 6 32.226110 8.062258
