9 11 36735 1931 20
34 60 13.014216 42.220786 45.451835
68 1 47.746519 28.001223 46.042534
84 62 19.406052 33.637401 8.732772
43 75 6.065271 44.317287 8.368876
39 61 19.659762 41.453071 45.847098
35 58 48.364635 35.524848 15.121999
36 66 22.363294 12.595298 43.310581
66 28 47.350438 25.873141 19.230738
48 43 1.585063 33.334477 27.922946
0 5 43.965134 2.236068
0 4 44.826308 5.099020
1 4 31.150578 66.640828
1 2 31.980372 63.063460
2 8 4.916742 40.706265
2 4 22.938087 45.011110
3 8 44.495482 32.388269
3 5 38.472761 18.788294
4 7 29.983323 42.638011
5 7 26.095727 43.139309
5 6 41.393659 8.062258
