10 10 35054 752 20
13 81 41.198876 44.157886 28.295951
80 78 12.877402 27.061812 36.013248
22 73 5.441182 12.095224 9.717241
85 16 42.044190 21.318418 15.021829
50 19 49.297245 48.037855 31.796577
8 50 21.441178 15.328135 14.441263
73 85 47.774777 9.252170 1.286554
71 58 4.316319 42.248910 30.029142
79 14 38.102075 31.225617 2.226722
79 82 15.661772 35.337994 9.564292
0 2 42.933006 12.041595
1 9 20.030993 4.123106
1 6 42.830322 9.899495
2 8 32.876099 82.036577
2 7 9.567098 51.244512
3 8 49.739041 6.324555
4 9 28.785191 69.354164
5 8 38.193237 79.605276
6 9 10.912378 6.708204
7 9 34.616694 25.298221
