9 11 25854 265 20
34 60 4.851627 11.015980 16.691033
68 1 45.232863 25.690928 45.152322
84 62 1.080959 43.162912 20.395050
43 75 27.472410 41.470159 2.842349
39 61 26.262405 16.575008 10.454010
35 58 7.409683 25.469633 41.699649
36 66 10.173972 20.391253 6.325267
66 28 7.993183 18.001086 7.957062
48 43 18.183552 34.947230 12.555560
0 5 3.542495 2.236068
0 4 8.799041 5.099020
1 4 12.529812 66.640828
1 2 20.155748 63.063460
2 8 4.529779 40.706265
2 4 48.375849 45.011110
3 8 9.415801 32.388269
3 5 3.015074 18.788294
4 7 48.522839 42.638011
5 7 48.671655 43.139309
5 6 42.264263 8.062258
