10 10 3594 671 20
13 81 41.271378 36.206527 47.188331
80 78 38.053021 3.565990 38.271497
22 73 38.844068 43.683459 10.646989
85 16 49.485051 44.978991 35.187404
50 19 47.115096 7.035117 4.075420
8 50 41.937529 33.033116 41.631118
73 85 41.063265 11.710374 16.031605
71 58 33.847136 25.981027 24.562214
79 14 17.305600 14.923758 45.005413
79 82 43.375706 6.509288 27.679147
0 2 11.693532 12.041595
1 9 37.526324 4.123106
1 6 42.731340 9.899495
2 8 29.963831 82.036577
2 7 41.230813 51.244512
3 8 1.214267 6.324555
4 9 21.864308 69.354164
5 8 17.120065 79.605276
6 9 30.051029 6.708204
7 9 47.985774 25.298221
