10 10 4738 1821 20
13 81 1.898977 44.319590 9.218532
80 78 3.020224 43.552203 24.404008
22 73 44.005344 12.865125 26.570798
85 16 25.643579 9.376356 14.501102
50 19 8.172180 31.713728 26.787138
8 50 39.550830 23.211965 6.474983
73 85 32.957494 28.135317 22.779669
71 58 33.252564 12.796161 41.933921
79 14 3.752272 26.776040 2.290521
79 82 4.902379 41.230378 4.273357
0 2 44.120421 12.041595
1 9 31.816696 4.123106
1 6 2.973739 9.899495
2 8 21.561115 82.036577
2 7 33.382724 51.244512
3 8 37.142227 6.324555
4 9 46.873168 69.354164
5 8 3.846082 79.605276
6 9 37.327372 6.708204
7 9 20.870325 25.298221
