9 11 27822 498 20
34 60 43.105087 24.502515 41.958182
68 1 47.711377 39.055791 33.658740
84 62 43.148430 12.847450 28.982440
43 75 17.562117 21.402485 43.198268
39 61 33.356430 9.149391 20.483991
35 58 31.460210 46.532887 27.472842
36 66 31.021760 7.880611 18.460099
66 28 41.045380 30.651052 33.788543
48 43 7.661965 3.556189 40.796665
0 5 4.805015 2.236068
0 4 38.945830 5.099020
1 4 5.035295 66.640828
1 2 11.406829 63.063460
2 8 17.222016 40.706265
2 4 0.247464 45.011110
3 8 31.337681 32.388269
3 5 22.121425 18.788294
4 7 47.998430 42.638011
5 7 10.775833 43.139309
5 6 26.025911 8.062258
