10 10 34812 548 20
13 81 16.030663 33.701055 40.150439
80 78 28.871570 34.880185 35.995233
22 73 28.962854 48.158994 46.178509
85 16 9.269839 38.797660 18.955606
50 19 10.256547 10.320038 6.188501
8 50 19.757092 31.179583 6.922852
73 85 20.539322 31.246535 11.434180
71 58 23.406987 20.963120 34.731367
79 14 12.538681 0.066568 45.404049
79 82 43.445123 46.062605 12.361099
0 2 38.271109 12.041595
1 9 10.774566 4.123106
1 6 47.511579 9.899495
2 8 3.289259 82.036577
2 7 29.988699 51.244512
3 8 32.176940 6.324555
4 9 44.967930 69.354164
5 8 18.507362 79.605276
6 9 43.856780 6.708204
7 9 38.198334 25.298221
