9 11 33311 910 20
34 60 48.684981 46.516136 11.276416
68 1 16.319624 0.770265 48.575474
84 62 49.957526 41.376837 46.991961
43 75 13.566070 44.142518 4.161186
39 61 40.052182 39.423528 9.217105
35 58 41.385955 35.502397 34.817399
36 66 49.540766 17.526841 23.341859
66 28 19.921732 34.060356 43.429396
48 43 39.636878 43.680848 48.008031
0 5 24.148774 2.236068
0 4 40.913681 5.099020
1 4 24.120013 66.640828
1 2 42.421045 63.063460
2 8 11.327970 40.706265
2 4 37.858331 45.011110
3 8 26.563114 32.388269
3 5 40.432677 18.788294
4 7 44.030146 42.638011
5 7 24.875891 43.139309
5 6 7.745273 8.062258
