9 11 35432 560 20
34 60 24.827165 25.811517 13.721454
68 1 49.915030 30.512109 13.922089
84 62 6.619433 16.047493 4.318962
43 75 6.489567 47.991582 5.644229
39 61 31.964560 32.980770 6.508399
35 58 25.074644 34.670023 10.281544
36 66 21.995823 26.307149 5.435629
66 28 29.107270 40.147013 32.846356
48 43 9.601390 4.747986 22.742625
0 5 36.128829 2.236068
0 4 21.326892 5.099020
1 4 45.819402 66.640828
1 2 49.080507 63.063460
2 8 47.624266 40.706265
2 4 7.717787 45.011110
3 8 37.418123 32.388269
3 5 16.817483 18.788294
4 7 11.464258 42.638011
5 7 16.867628 43.139309
5 6 23.766766 8.062258
