10 10 34937 989 20
13 81 29.853855 16.567352 35.438777
80 78 39.978576 43.140183 48.291110
22 73 2.540708 3.250247 27.534208
85 16 41.617249 17.886845 26.965839
50 19 10.724248 37.999106 35.427835
8 50 17.490893 13.503171 47.891598
73 85 19.025734 16.206735 19.632339
71 58 38.909871 21.481891 19.672372
79 14 12.814848 41.649843 24.224746
79 82 32.820828 0.510806 24.563603
0 2 10.316656 12.041595
1 9 10.856126 4.123106
1 6 30.326996 9.899495
2 8 25.957180 82.036577
2 7 20.527990 51.244512
3 8 4.251697 6.324555
4 9 37.019155 69.354164
5 8 16.943225 79.605276
6 9 11.603049 6.708204
7 9 36.543922 25.298221
