9 11 48404 598 20
34 60 4.722315 43.370253 46.139258
68 1 22.615687 15.411377 18.641024
84 62 0.514022 6.253603 25.908080
43 75 40.635077 48.012075 12.385249
39 61 36.938770 8.792302 23.241151
35 58 8.234570 41.309921 5.249270
36 66 15.466115 0.927313 27.884584
66 28 25.621478 17.920764 15.179763
48 43 32.028021 46.568599 30.529300
0 5 12.451098 2.236068
0 4 40.601795 5.099020
1 4 33.692624 66.640828
1 2 1.383492 63.063460
2 8 44.399264 40.706265
2 4 1.259668 45.011110
3 8 4.151583 32.388269
3 5 20.882532 18.788294
4 7 14.678000 42.638011
5 7 39.707839 43.139309
5 6 4.711133 8.062258
