10 10 40269 288 20
13 81 9.924170 37.319458 13.514453
80 78 40.242756 14.776718 35.396370
22 73 9.808469 7.759708 8.982123
85 16 10.679891 30.943378 21.858061
50 19 38.439488 33.311455 0.087003
8 50 30.173182 22.932990 26.271592
73 85 46.187572 3.684603 37.528990
71 58 18.407645 14.160637 25.549611
79 14 9.076737 8.671626 46.488259
79 82 33.526087 3.979291 22.211790
0 2 38.617372 12.041595
1 9 29.630411 4.123106
1 6 6.344017 9.899495
2 8 35.572810 82.036577
2 7 40.699988 51.244512
3 8 8.891549 6.324555
4 9 40.988363 69.354164
5 8 44.872622 79.605276
6 9 14.350545 6.708204
7 9 17.185883 25.298221
