10 10 42352 324 20
13 81 37.887792 42.389517 6.079192
80 78 7.247140 14.457446 18.188443
22 73 7.183005 13.464698 25.145511
85 16 24.783883 26.622305 13.416118
50 19 32.390707 36.176540 38.014430
8 50 41.098589 49.247486 49.511493
73 85 10.467681 37.613387 40.958099
71 58 41.828659 29.895747 18.550518
79 14 13.187653 45.304522 29.887276
79 82 42.837116 22.672291 10.750141
0 2 31.439433 12.041595
1 9 24.877578 4.123106
1 6 4.400572 9.899495
2 8 11.795996 82.036577
2 7 24.391116 51.244512
3 8 18.181623 6.324555
4 9 42.064655 69.354164
5 8 16.126283 79.605276
6 9 17.937625 6.708204
7 9 29.966584 25.298221
