9 11 36147 301 20
34 60 35.629337 16.819069 31.980612
68 1 38.369588 19.746410 13.485123
84 62 38.490884 26.010612 37.552146
43 75 35.871739 19.750205 16.333996
39 61 25.185777 9.523376 14.587227
35 58 32.394863 24.670948 35.189285
36 66 49.516227 27.343521 0.917670
66 28 29.630562 14.150055 27.191494
48 43 46.291331 15.075700 12.731108
0 5 4.175762 2.236068
0 4 28.288356 5.099020
1 4 47.285269 66.640828
1 2 30.398022 63.063460
2 8 17.464631 40.706265
2 4 41.976429 45.011110
3 8 42.688643 32.388269
3 5 6.853318 18.788294
4 7 42.075595 42.638011
5 7 33.119374 43.139309
5 6 14.365512 8.062258
