10 10 44816 404 20
13 81 43.876186 25.838941 7.403052
80 78 36.114390 33.841198 1.498213
22 73 14.519409 2.515844 3.898967
85 16 19.942303 20.883710 8.914454
50 19 12.245351 8.494214 32.970813
8 50 28.087975 11.613227 41.626963
73 85 47.964605 22.492245 35.969582
71 58 7.253982 31.394320 27.913993
79 14 16.569090 20.587083 10.768519
79 82 31.350296 17.988490 31.033855
0 2 44.138430 12.041595
1 9 4.128016 4.123106
1 6 18.152160 9.899495
2 8 4.151400 82.036577
2 7 14.293461 51.244512
3 8 33.420109 6.324555
4 9 3.765737 69.354164
5 8 25.604764 79.605276
6 9 11.741668 6.708204
7 9 27.327411 25.298221
