10 10 33955 1181 20
13 81 39.983195 27.285639 14.047021
80 78 47.191694 9.258618 33.088423
22 73 11.236252 43.284068 22.840575
85 16 34.837251 25.119107 26.544393
50 19 41.221779 11.760060 32.661790
8 50 34.057442 30.781477 19.841248
73 85 36.316482 16.199497 25.880929
71 58 31.318850 36.369202 31.330908
79 14 44.946719 32.013355 47.888352
79 82 46.023870 41.489506 28.346180
0 2 27.681561 12.041595
1 9 25.508996 4.123106
1 6 49.638181 9.899495
2 8 4.215663 82.036577
2 7 35.211884 51.244512
3 8 1.640454 6.324555
4 9 30.007777 69.354164
5 8 5.145714 79.605276
6 9 3.666312 6.708204
7 9 27.090512 25.298221
