10 10 32675 284 20
13 81 19.807328 47.909084 1.560433
80 78 46.216931 35.260553 37.966628
22 73 20.817464 29.402745 31.626987
85 16 23.853367 43.413474 33.179415
50 19 12.211993 37.557592 12.821645
8 50 11.492587 12.625662 17.004086
73 85 4.495640 45.970204 34.778771
71 58 32.304738 13.262692 15.210412
79 14 4.074133 11.203666 4.699446
79 82 33.496933 2.119901 28.396764
0 2 33.958525 12.041595
1 9 40.472146 4.123106
1 6 48.948958 9.899495
2 8 7.974716 82.036577
2 7 0.748305 51.244512
3 8 24.178853 6.324555
4 9 46.562756 69.354164
5 8 15.536952 79.605276
6 9 37.939368 6.708204
7 9 9.651097 25.298221
