10 10 45853 378 20
13 81 12.330168 10.273250 10.130889
80 78 12.203299 0.654967 23.889291
22 73 42.587958 4.185448 27.546388
85 16 29.995380 20.560776 37.881498
50 19 46.858498 43.604730 17.134133
8 50 34.278188 36.436677 45.738087
73 85 0.305224 47.212885 17.642435
71 58 44.985386 43.146565 48.657190
79 14 49.358060 4.731713 44.681028
79 82 13.667967 41.722332 40.174655
0 2 3.945882 12.041595
1 9 7.865445 4.123106
1 6 12.886632 9.899495
2 8 40.761226 82.036577
2 7 24.558752 51.244512
3 8 49.353180 6.324555
4 9 38.515634 69.354164
5 8 34.073166 79.605276
6 9 8.004818 6.708204
7 9 49.668272 25.298221
