9 11 27333 2031 20
34 60 19.986086 38.081427 26.006906
68 1 17.839116 1.443568 5.299617
84 62 18.217451 37.807031 32.225110
43 75 23.103459 35.915460 31.400160
39 61 11.776288 31.408636 20.196899
35 58 0.587251 19.226496 9.532212
36 66 44.049681 2.775174 21.515078
66 28 37.645307 29.492142 32.543374
48 43 45.336006 11.262101 22.001456
0 5 7.861482 2.236068
0 4 34.438837 5.099020
1 4 37.519684 66.640828
1 2 7.493842 63.063460
2 8 27.599194 40.706265
2 4 16.480214 45.011110
3 8 21.771564 32.388269
3 5 20.888865 18.788294
4 7 15.102486 42.638011
5 7 3.153743 43.139309
5 6 16.184110 8.062258
