9 11 32600 349 20
34 60 5.449564 28.333894 45.485533
68 1 5.342541 32.372063 16.530216
84 62 45.876593 27.232456 33.370171
43 75 47.615908 34.215997 0.680147
39 61 18.580361 9.278494 31.674930
35 58 37.923548 14.311100 13.135548
36 66 15.806345 28.285317 1.979765
66 28 30.667653 36.340130 46.398518
48 43 13.041024 44.027366 10.139240
0 5 6.834509 2.236068
0 4 2.299544 5.099020
1 4 22.675419 66.640828
1 2 22.649246 63.063460
2 8 29.124294 40.706265
2 4 10.427866 45.011110
3 8 24.913660 32.388269
3 5 43.912396 18.788294
4 7 20.637545 42.638011
5 7 47.944219 43.139309
5 6 48.489118 8.062258
