10 10 28636 958 20
13 81 27.195160 0.969662 2.695751
80 78 31.126880 11.765683 38.524467
22 73 44.843593 27.531355 2.273749
85 16 34.588559 20.152576 35.932496
50 19 10.707381 23.992729 17.198655
8 50 37.683686 5.190995 24.868749
73 85 29.848051 19.913659 17.001210
71 58 23.913593 6.706246 49.118497
79 14 19.762337 12.071367 18.210973
79 82 45.292620 24.347351 13.748845
0 2 46.595003 12.041595
1 9 3.612427 4.123106
1 6 44.322467 9.899495
2 8 46.668691 82.036577
2 7 34.070449 51.244512
3 8 9.799300 6.324555
4 9 42.991759 69.354164
5 8 4.121448 79.605276
6 9 21.048056 6.708204
7 9 16.327782 25.298221
