10 10 34291 273 20
13 81 0.029267 16.336910 45.893715
80 78 47.848694 6.087216 39.888654
22 73 30.440563 17.491378 11.554904
85 16 46.698267 39.847042 44.142311
50 19 45.073814 18.402772 44.901969
8 50 32.526343 33.583993 39.564581
73 85 26.842817 3.410423 20.511206
71 58 39.810956 48.548500 49.758980
79 14 1.726407 41.370357 42.150284
79 82 13.437500 27.213533 29.265873
0 2 1.471081 12.041595
1 9 47.019223 4.123106
1 6 5.584163 9.899495
2 8 49.408058 82.036577
2 7 23.485105 51.244512
3 8 3.357104 6.324555
4 9 39.226774 69.354164
5 8 37.003854 79.605276
6 9 9.984391 6.708204
7 9 23.000014 25.298221
