10 10 27422 534 20
13 81 35.970952 24.637156 26.173517
80 78 9.855362 29.118378 21.636656
22 73 31.665657 16.176388 8.046158
85 16 31.170691 41.179925 21.442903
50 19 28.857504 38.658780 42.338204
8 50 11.744463 15.455463 4.273496
73 85 32.333202 21.036159 46.135170
71 58 12.107571 23.770977 15.743127
79 14 48.919498 12.069082 16.348696
79 82 49.136419 44.497220 34.175145
0 2 40.040630 12.041595
1 9 26.029543 4.123106
1 6 7.582573 9.899495
2 8 19.585216 82.036577
2 7 21.331597 51.244512
3 8 26.599724 6.324555
4 9 11.372859 69.354164
5 8 22.030457 79.605276
6 9 46.190656 6.708204
7 9 11.788860 25.298221
