9 11 7100 859 20
34 60 4.086962 37.963408 43.386335
68 1 15.143144 49.094725 15.076094
84 62 35.269846 41.216736 18.258828
43 75 28.043509 23.334903 9.970754
39 61 17.406684 2.480986 5.169072
35 58 35.521043 7.902084 14.010613
36 66 22.433089 19.337527 25.758262
66 28 1.108520 23.465441 44.478800
48 43 14.149021 35.023452 4.357558
0 5 7.048153 2.236068
0 4 7.617887 5.099020
1 4 25.727715 66.640828
1 2 45.870637 63.063460
2 8 41.767729 40.706265
2 4 21.603601 45.011110
3 8 2.852142 32.388269
3 5 43.375887 18.788294
4 7 28.224296 42.638011
5 7 29.659315 43.139309
5 6 43.332638 8.062258
