10 10 6054 695 20
13 81 25.275060 20.829559 19.753982
80 78 45.801466 36.872388 4.367288
22 73 40.140834 11.563314 15.461005
85 16 34.274942 38.980035 25.062981
50 19 33.854110 25.764400 38.875589
8 50 9.631981 12.944442 31.813094
73 85 9.368083 19.496461 16.706822
71 58 40.633467 18.281983 2.133074
79 14 35.083013 16.716474 41.683848
79 82 24.062723 15.425908 33.497943
0 2 39.230448 12.041595
1 9 46.842278 4.123106
1 6 20.191785 9.899495
2 8 20.345949 82.036577
2 7 28.798760 51.244512
3 8 15.922685 6.324555
4 9 26.418967 69.354164
5 8 25.339539 79.605276
6 9 48.654701 6.708204
7 9 0.181082 25.298221
