9 11 6540 309 20
34 60 14.473937 17.755425 1.764296
68 1 16.386068 22.919709 26.429436
84 62 36.012972 46.241526 7.806566
43 75 34.144400 36.169335 43.801272
39 61 34.728378 44.351293 29.472639
35 58 42.328547 24.008858 24.530908
36 66 9.298587 6.084895 43.774472
66 28 27.345359 49.267453 22.681419
48 43 48.239409 24.738428 42.592333
0 5 22.230769 2.236068
0 4 46.912184 5.099020
1 4 36.507075 66.640828
1 2 5.124487 63.063460
2 8 11.926313 40.706265
2 4 1.540034 45.011110
3 8 22.247819 32.388269
3 5 18.578239 18.788294
4 7 16.804037 42.638011
5 7 26.249163 43.139309
5 6 21.355639 8.062258
