10 10 6702 628 20
13 81 42.522313 4.314408 38.536553
80 78 12.463014 47.259546 42.517584
22 73 48.225576 32.063984 37.138484
85 16 25.055697 26.146596 3.609561
50 19 23.769989 43.467220 23.804132
8 50 14.911469 42.691696 40.987478
73 85 40.483432 34.555283 38.830558
71 58 41.272975 38.739502 14.226828
79 14 2.028916 15.846873 18.273670
79 82 44.744655 17.419379 29.254393
0 2 37.833258 12.041595
1 9 37.264038 4.123106
1 6 18.309709 9.899495
2 8 13.262506 82.036577
2 7 14.354093 51.244512
3 8 17.727239 6.324555
4 9 16.631730 69.354164
5 8 16.947774 79.605276
6 9 42.141388 6.708204
7 9 7.570011 25.298221
