9 11 684 720 20
34 60 31.827964 15.822883 42.039576
68 1 48.694789 26.912353 3.732445
84 62 45.641695 32.980860 29.897969
43 75 8.498749 32.759130 43.789499
39 61 20.114164 15.949406 8.968260
35 58 42.275976 0.167821 38.282468
36 66 12.336807 49.113029 38.490256
66 28 42.341243 2.493427 35.802669
48 43 45.582729 47.922262 3.462067
0 5 14.150888 2.236068
0 4 11.345325 5.099020
1 4 46.543976 66.640828
1 2 22.135454 63.063460
2 8 11.778524 40.706265
2 4 39.716508 45.011110
3 8 8.543617 32.388269
3 5 21.716081 18.788294
4 7 37.313039 42.638011
5 7 14.593361 43.139309
5 6 47.535367 8.062258
