10 10 5758 259 20
13 81 26.340015 6.938364 41.589284
80 78 0.424072 3.480140 37.115795
22 73 12.096440 39.130241 44.615332
85 16 45.717281 37.684982 7.206383
50 19 25.973874 44.587694 20.353802
8 50 29.406189 12.206284 34.988293
73 85 45.784746 19.094570 22.163010
71 58 44.432355 44.586597 28.973496
79 14 0.215570 24.017824 27.958577
79 82 0.691118 40.709302 29.875665
0 2 9.292455 12.041595
1 9 16.402516 4.123106
1 6 16.938342 9.899495
2 8 22.802058 82.036577
2 7 17.910665 51.244512
3 8 19.854509 6.324555
4 9 10.076492 69.354164
5 8 18.841155 79.605276
6 9 26.054150 6.708204
7 9 17.246998 25.298221
