10 10 6891 465 20
13 81 47.723921 28.249530 21.028046
80 78 21.938663 40.415535 17.139534
22 73 31.496890 3.423962 38.701369
85 16 20.259303 49.521167 23.386150
50 19 13.998319 6.370932 0.431805
8 50 28.714311 8.449528 2.804550
73 85 29.915886 15.603939 20.126365
71 58 49.546709 33.723422 45.250645
79 14 47.033215 8.735344 28.244051
79 82 30.395292 28.470264 22.207646
0 2 10.021629 12.041595
1 9 40.440813 4.123106
1 6 32.369767 9.899495
2 8 49.802354 82.036577
2 7 21.833986 51.244512
3 8 0.606645 6.324555
4 9 35.667551 69.354164
5 8 22.139596 79.605276
6 9 38.959069 6.708204
7 9 1.382462 25.298221
