9 11 7125 1222 20
34 60 4.291552 25.698143 31.805917
68 1 20.252036 31.318092 5.716388
84 62 5.323960 47.981162 7.962577
43 75 25.871453 41.042580 30.197535
39 61 9.075907 31.640232 39.463216
35 58 36.043080 27.355361 2.751890
36 66 33.199800 47.709122 24.134725
66 28 16.924460 17.369632 2.400847
48 43 44.227811 24.717013 19.894042
0 5 32.158670 2.236068
0 4 42.231930 5.099020
1 4 41.092807 66.640828
1 2 25.744289 63.063460
2 8 8.089577 40.706265
2 4 32.222250 45.011110
3 8 24.578968 32.388269
3 5 44.761527 18.788294
4 7 30.375872 42.638011
5 7 48.716070 43.139309
5 6 44.183441 8.062258
