9 11 5551 699 20
34 60 1.641836 43.849753 15.521313
68 1 9.653898 2.662658 13.887675
84 62 28.167677 17.279147 41.658601
43 75 35.708441 14.330419 38.797424
39 61 22.372715 10.089377 4.559075
35 58 49.413889 13.651400 48.525019
36 66 16.692303 49.631943 30.444937
66 28 36.020093 26.025926 16.484804
48 43 15.629561 21.301938 37.576591
0 5 42.416419 2.236068
0 4 19.384386 5.099020
1 4 15.398359 66.640828
1 2 14.076097 63.063460
2 8 0.632934 40.706265
2 4 5.933622 45.011110
3 8 25.796871 32.388269
3 5 43.082175 18.788294
4 7 28.447213 42.638011
5 7 49.144511 43.139309
5 6 0.488664 8.062258
