9 11 7275 1713 20
34 60 43.512604 31.166626 21.859434
68 1 22.569284 24.750859 5.422626
84 62 49.821717 1.064074 9.175852
43 75 45.491796 32.565137 37.332137
39 61 1.389547 16.195483 6.168409
35 58 17.695478 23.411872 49.844908
36 66 22.342323 16.086646 33.278875
66 28 18.947954 11.521801 20.872263
48 43 20.818827 37.217693 34.151446
0 5 22.144298 2.236068
0 4 18.995029 5.099020
1 4 29.766904 66.640828
1 2 44.334114 63.063460
2 8 1.738504 40.706265
2 4 7.402040 45.011110
3 8 38.251293 32.388269
3 5 35.540855 18.788294
4 7 24.261167 42.638011
5 7 14.152988 43.139309
5 6 43.115038 8.062258
