10 10 5448 317 20
13 81 28.936792 34.097821 31.452329
80 78 42.174147 16.011704 30.970813
22 73 9.277083 9.681918 20.898950
85 16 33.961246 42.080424 31.461578
50 19 45.143923 19.041251 9.512375
8 50 23.639365 46.757396 45.915156
73 85 19.737120 17.256314 28.334456
71 58 15.514410 21.565973 46.409236
79 14 37.231634 22.481839 9.123858
79 82 48.395082 47.731877 45.625524
0 2 9.327824 12.041595
1 9 45.513211 4.123106
1 6 11.275853 9.899495
2 8 9.598001 82.036577
2 7 30.345020 51.244512
3 8 32.737438 6.324555
4 9 4.940575 69.354164
5 8 47.551214 79.605276
6 9 11.020652 6.708204
7 9 0.562304 25.298221
