10 10 657 573 20
13 81 48.521403 7.023605 9.390119
80 78 19.879298 2.177347 20.029271
22 73 14.603623 4.715768 29.724875
85 16 27.081301 43.360579 7.962054
50 19 35.212295 16.267531 39.699316
8 50 29.426557 16.911680 8.590534
73 85 30.787894 8.428572 11.776182
71 58 45.783787 44.057288 10.543422
79 14 15.303283 11.911968 26.075210
79 82 48.591893 35.469663 48.799656
0 2 14.057919 12.041595
1 9 48.396087 4.123106
1 6 9.249730 9.899495
2 8 43.826122 82.036577
2 7 45.248114 51.244512
3 8 49.244056 6.324555
4 9 40.726393 69.354164
5 8 24.001327 79.605276
6 9 32.808308 6.708204
7 9 10.201792 25.298221
