10 10 7450 1639 20
13 81 46.023673 4.280474 39.732172
80 78 17.241114 31.824376 3.611320
22 73 6.824234 16.532076 42.782333
85 16 40.589211 44.902928 24.305635
50 19 19.059278 29.014778 35.352719
8 50 45.778730 39.968990 32.829096
73 85 32.462394 2.056837 16.919497
71 58 31.047901 27.023986 48.666145
79 14 12.143425 28.451591 39.760624
79 82 48.784723 45.562770 47.203553
0 2 33.804784 12.041595
1 9 49.467958 4.123106
1 6 10.850585 9.899495
2 8 27.300306 82.036577
2 7 31.143941 51.244512
3 8 30.064522 6.324555
4 9 37.394223 69.354164
5 8 27.910516 79.605276
6 9 39.286048 6.708204
7 9 22.279694 25.298221
