9 11 8375 793 20
34 60 31.409152 25.188769 0.216192
68 1 8.522769 27.350634 20.165739
84 62 24.639979 37.643736 34.297433
43 75 4.968110 39.201682 31.328945
39 61 39.187238 33.526482 30.166216
35 58 20.566919 45.328824 4.861113
36 66 31.369331 47.550717 47.344157
66 28 27.414397 27.714888 20.113378
48 43 30.723467 12.909519 35.763482
0 5 15.077217 2.236068
0 4 28.746599 5.099020
1 4 0.392838 66.640828
1 2 44.943201 63.063460
2 8 9.540716 40.706265
2 4 47.169468 45.011110
3 8 13.960455 32.388269
3 5 49.889751 18.788294
4 7 28.337400 42.638011
5 7 47.319857 43.139309
5 6 8.059121 8.062258
