10 10 9625 734 20
13 81 40.815525 16.036952 48.979682
80 78 13.618868 8.811104 21.657705
22 73 47.584399 49.425706 19.511184
85 16 37.554618 15.959660 7.833429
50 19 40.304397 24.778905 2.469595
8 50 37.648873 25.728637 1.507266
73 85 43.070030 6.948166 42.763200
71 58 37.767686 40.259208 33.404466
79 14 22.502808 42.709567 42.985980
79 82 47.497805 35.649304 32.730677
0 2 46.676584 12.041595
1 9 43.034413 4.123106
1 6 32.449793 9.899495
2 8 6.634066 82.036577
2 7 13.128127 51.244512
3 8 16.770167 6.324555
4 9 6.403422 69.354164
5 8 48.510193 79.605276
6 9 39.218869 6.708204
7 9 18.791231 25.298221
