9 11 8718 1547 20
34 60 28.691825 14.944443 17.449132
68 1 15.973500 37.120626 48.089512
84 62 26.669558 3.631945 25.813291
43 75 14.048430 21.502974 36.300159
39 61 11.030852 32.185419 41.824328
35 58 40.791897 6.366058 44.933887
36 66 0.090482 6.208521 28.361481
66 28 18.572364 24.543399 46.903296
48 43 2.065933 47.083909 29.818897
0 5 35.140842 2.236068
0 4 40.504075 5.099020
1 4 42.438757 66.640828
1 2 29.821214 63.063460
2 8 9.888760 40.706265
2 4 11.621779 45.011110
3 8 14.221038 32.388269
3 5 23.057083 18.788294
4 7 12.080931 42.638011
5 7 36.492640 43.139309
5 6 0.926925 8.062258
