9 11 8468 1393 20
34 60 30.702178 8.350526 11.436194
68 1 0.490204 16.406731 25.928494
84 62 3.731187 25.740763 13.269506
43 75 21.661145 27.744090 45.527833
39 61 43.872201 12.965046 40.856669
35 58 40.446113 1.100864 46.098678
36 66 30.197169 38.532032 36.035556
66 28 48.351045 39.149782 30.761885
48 43 17.364156 38.315122 14.055565
0 5 6.445315 2.236068
0 4 7.967931 5.099020
1 4 4.009796 66.640828
1 2 48.352779 63.063460
2 8 15.097016 40.706265
2 4 36.378566 45.011110
3 8 12.175686 32.388269
3 5 7.690854 18.788294
4 7 35.633142 42.638011
5 7 14.594108 43.139309
5 6 19.252638 8.062258
