10 10 9541 1289 20
13 81 22.230578 11.189134 0.872391
80 78 20.293329 48.914936 39.442058
22 73 16.287795 13.475706 18.655041
85 16 36.468459 16.374229 33.555983
50 19 17.771423 29.665778 15.900362
8 50 35.616981 47.061715 45.042321
73 85 28.264297 26.930886 49.549458
71 58 38.333136 14.475806 17.490352
79 14 8.269636 47.473855 26.514293
79 82 7.588827 24.455133 8.845593
0 2 21.161394 12.041595
1 9 15.899953 4.123106
1 6 36.692669 9.899495
2 8 0.349291 82.036577
2 7 28.037777 51.244512
3 8 26.805618 6.324555
4 9 20.997634 69.354164
5 8 11.349463 79.605276
6 9 20.967463 6.708204
7 9 0.003214 25.298221
