10 10 1048 1814 20
13 81 39.553948 9.434045 18.305418
80 78 49.965215 43.806613 16.109160
22 73 49.044685 47.929132 38.906953
85 16 14.855862 10.053134 25.316576
50 19 41.087350 5.117384 42.158756
8 50 4.663931 42.844684 2.954678
73 85 5.785234 19.322596 37.430668
71 58 47.567247 28.410861 42.978041
79 14 15.604754 30.993470 40.133344
79 82 4.847826 27.127589 25.677611
0 2 31.816504 12.041595
1 9 41.070603 4.123106
1 6 9.037528 9.899495
2 8 11.891454 82.036577
2 7 47.270659 51.244512
3 8 24.873391 6.324555
4 9 37.740720 69.354164
5 8 36.550332 79.605276
6 9 19.116797 6.708204
7 9 39.243843 25.298221
