9 11 9833 1014 20
34 60 34.020209 37.196306 38.754444
68 1 21.519974 33.474516 23.765001
84 62 2.107300 14.766861 44.061134
43 75 20.840522 10.493487 17.986063
39 61 30.327209 44.717660 18.103025
35 58 11.688313 37.007880 4.763814
36 66 20.856897 23.235216 3.862446
66 28 37.673488 6.245708 28.492543
48 43 40.876309 44.809591 8.836086
0 5 41.113359 2.236068
0 4 21.030717 5.099020
1 4 35.402148 66.640828
1 2 29.481761 63.063460
2 8 44.326275 40.706265
2 4 1.616623 45.011110
3 8 13.849977 32.388269
3 5 16.959609 18.788294
4 7 7.762598 42.638011
5 7 7.824395 43.139309
5 6 28.487622 8.062258
