10 10 12450 1687 20
13 81 10.766750 25.883144 18.612604
80 78 16.712712 18.505068 9.596542
22 73 5.288309 27.369150 42.347362
85 16 18.447176 4.611617 41.791028
50 19 39.150170 48.071250 25.670556
8 50 36.001000 39.643151 45.823734
73 85 38.587887 43.354966 41.770757
71 58 47.823453 31.534329 40.390783
79 14 22.420355 20.502392 0.110651
79 82 47.742671 40.963341 42.165269
0 2 4.365956 12.041595
1 9 8.042770 4.123106
1 6 5.066854 9.899495
2 8 20.944619 82.036577
2 7 38.260483 51.244512
3 8 39.469587 6.324555
4 9 12.146733 69.354164
5 8 0.061772 79.605276
6 9 11.430158 6.708204
7 9 3.748468 25.298221
