9 11 12137 977 20
34 60 23.998499 10.245204 15.834475
68 1 21.537066 32.523003 16.089148
84 62 16.507541 29.362533 49.814655
43 75 27.347323 5.504936 12.201173
39 61 41.487715 19.822406 48.260154
35 58 49.538053 14.488432 46.079912
36 66 11.975072 8.904834 15.976331
66 28 16.840343 40.557474 48.207355
48 43 2.170345 22.033589 43.054125
0 5 39.506291 2.236068
0 4 17.031785 5.099020
1 4 12.585051 66.640828
1 2 43.791641 63.063460
2 8 29.853377 40.706265
2 4 29.371281 45.011110
3 8 6.986505 32.388269
3 5 7.110719 18.788294
4 7 44.622719 42.638011
5 7 23.833460 43.139309
5 6 35.213027 8.062258
