9 11 12627 1452 20
34 60 9.911036 25.972078 9.946927
68 1 0.049489 46.116873 3.655203
84 62 44.416355 4.195707 24.652197
43 75 13.890807 41.378563 13.156123
39 61 33.854748 21.650097 48.316799
35 58 46.189905 34.473000 24.630169
36 66 12.042594 26.596150 24.111270
66 28 34.269854 35.469662 3.491290
48 43 14.692869 5.213911 19.393589
0 5 9.909336 2.236068
0 4 45.305007 5.099020
1 4 40.450166 66.640828
1 2 0.107469 63.063460
2 8 22.234808 40.706265
2 4 2.099186 45.011110
3 8 27.623404 32.388269
3 5 25.505480 18.788294
4 7 25.121998 42.638011
5 7 27.230730 43.139309
5 6 11.960491 8.062258
