9 11 12254 290 20
34 60 40.293434 37.513586 19.327942
68 1 26.808787 6.889946 34.555385
84 62 27.965935 29.966234 45.431727
43 75 49.473413 28.348390 34.100920
39 61 25.092092 39.979652 22.744876
35 58 45.981479 0.948646 21.606289
36 66 49.392285 1.247149 34.557814
66 28 15.680182 24.110484 31.856370
48 43 14.639485 0.086416 8.240231
0 5 11.409249 2.236068
0 4 45.024196 5.099020
1 4 37.660242 66.640828
1 2 2.173920 63.063460
2 8 42.786661 40.706265
2 4 27.925429 45.011110
3 8 0.730075 32.388269
3 5 33.977283 18.788294
4 7 8.794805 42.638011
5 7 30.866954 43.139309
5 6 9.622405 8.062258
