10 10 12431 1228 20
13 81 34.113535 33.766332 14.868647
80 78 47.609035 30.207382 23.320746
22 73 39.441462 36.040851 8.770761
85 16 9.125948 49.009399 16.075079
50 19 47.545279 47.980695 48.517205
8 50 39.043661 48.058266 25.521271
73 85 44.679708 47.602198 25.085279
71 58 43.292341 30.762390 16.036397
79 14 31.478796 38.048930 12.923072
79 82 36.390785 18.812294 8.480948
0 2 27.355725 12.041595
1 9 43.111499 4.123106
1 6 10.136026 9.899495
2 8 35.239106 82.036577
2 7 1.440042 51.244512
3 8 37.261619 6.324555
4 9 16.571576 69.354164
5 8 48.883877 79.605276
6 9 41.546052 6.708204
7 9 6.501543 25.298221
