9 11 10533 456 20
34 60 40.921505 20.811107 13.409957
68 1 33.046278 44.962744 23.723813
84 62 1.068387 8.441485 35.149005
43 75 17.632487 2.070579 16.632895
39 61 18.208098 37.758510 45.449475
35 58 21.662960 17.514148 16.950599
36 66 29.285912 33.406545 25.994149
66 28 2.890643 40.685846 21.836733
48 43 7.882612 14.571201 17.888129
0 5 0.003265 2.236068
0 4 8.223247 5.099020
1 4 0.487317 66.640828
1 2 44.476649 63.063460
2 8 22.449741 40.706265
2 4 19.525204 45.011110
3 8 27.016686 32.388269
3 5 33.456978 18.788294
4 7 19.716956 42.638011
5 7 41.689030 43.139309
5 6 17.821709 8.062258
