10 10 12235 253 20
13 81 28.025923 14.733177 47.014532
80 78 4.111765 2.043782 3.456058
22 73 17.640315 23.503390 6.197397
85 16 26.365133 38.677474 18.134845
50 19 13.274655 35.654383 49.306604
8 50 25.994822 39.529703 3.529077
73 85 47.437747 22.806493 14.723522
71 58 31.926398 44.127573 30.976763
79 14 24.889008 11.702032 25.735925
79 82 0.910398 2.104933 1.925134
0 2 22.604782 12.041595
1 9 35.877315 4.123106
1 6 13.224296 9.899495
2 8 26.956639 82.036577
2 7 29.839682 51.244512
3 8 37.207747 6.324555
4 9 25.166299 69.354164
5 8 49.930705 79.605276
6 9 4.787404 6.708204
7 9 34.950934 25.298221
