10 10 11075 355 20
13 81 46.553215 48.245254 25.141186
80 78 33.518605 28.362816 49.173340
22 73 23.780624 6.099254 44.719097
85 16 44.789856 4.780294 14.947363
50 19 48.142790 8.348906 27.687104
8 50 38.258779 33.853782 34.039882
73 85 44.796664 34.576811 26.845686
71 58 11.689394 37.027634 25.195202
79 14 8.071254 21.163828 2.595218
79 82 47.357679 7.415248 32.280583
0 2 11.420331 12.041595
1 9 42.288685 4.123106
1 6 43.514442 9.899495
2 8 5.426710 82.036577
2 7 36.770060 51.244512
3 8 12.143312 6.324555
4 9 16.657256 69.354164
5 8 41.351772 79.605276
6 9 15.491239 6.708204
7 9 16.663325 25.298221
