10 10 12960 492 20
13 81 11.412447 12.269008 37.353143
80 78 1.123071 15.711506 0.759255
22 73 4.399909 44.984818 46.413637
85 16 17.225277 34.035561 10.480641
50 19 7.152930 31.599964 49.766741
8 50 26.807827 3.652101 17.761004
73 85 10.965246 25.170185 33.895406
71 58 35.848587 0.529826 5.714767
79 14 26.774780 47.603269 16.814507
79 82 32.070218 41.826811 2.599361
0 2 7.363738 12.041595
1 9 22.483258 4.123106
1 6 47.292849 9.899495
2 8 2.933903 82.036577
2 7 49.200140 51.244512
3 8 1.102011 6.324555
4 9 27.039376 69.354164
5 8 28.049445 79.605276
6 9 38.724209 6.708204
7 9 15.039232 25.298221
