10 10 14081 1410 20
13 81 36.518919 10.043031 14.092989
80 78 6.035485 29.597883 9.377058
22 73 13.683330 17.093819 31.680717
85 16 5.609736 18.013701 44.738623
50 19 19.903304 34.939376 43.216951
8 50 26.258072 49.796046 9.378235
73 85 21.057289 32.565601 33.882029
71 58 47.689159 14.538203 36.618011
79 14 41.210321 21.337966 12.759424
79 82 40.103043 22.329836 19.619650
0 2 29.813444 12.041595
1 9 30.203730 4.123106
1 6 30.057232 9.899495
2 8 29.511398 82.036577
2 7 9.454088 51.244512
3 8 16.513327 6.324555
4 9 45.544805 69.354164
5 8 29.210775 79.605276
6 9 23.637752 6.708204
7 9 46.738707 25.298221
