10 10 14486 325 20
13 81 27.214218 30.306365 3.789427
80 78 30.951464 29.034262 24.477009
22 73 33.302814 36.515871 45.801596
85 16 43.603288 41.687930 28.870731
50 19 21.888527 39.182599 32.856713
8 50 35.245992 32.042846 1.337551
73 85 39.460480 42.491215 42.856381
71 58 7.824839 45.259515 2.646643
79 14 19.318333 4.038694 11.147154
79 82 1.964581 13.832089 29.396072
0 2 26.614455 12.041595
1 9 16.294159 4.123106
1 6 44.228791 9.899495
2 8 30.523961 82.036577
2 7 37.362495 51.244512
3 8 32.230648 6.324555
4 9 11.486504 69.354164
5 8 29.390432 79.605276
6 9 48.483171 6.708204
7 9 23.616336 25.298221
