9 11 14351 622 20
34 60 24.077076 9.031811 41.921625
68 1 42.279833 17.267318 5.502783
84 62 36.862201 29.310073 45.408295
43 75 15.752729 6.243063 42.403694
39 61 29.789878 4.210273 0.919855
35 58 33.890707 3.046230 5.550548
36 66 32.403954 48.269607 3.471243
66 28 16.334095 32.652953 19.902220
48 43 20.347925 15.376502 28.151117
0 5 17.014947 2.236068
0 4 5.726773 5.099020
1 4 24.645093 66.640828
1 2 44.716149 63.063460
2 8 24.214057 40.706265
2 4 20.007485 45.011110
3 8 45.997023 32.388269
3 5 1.000497 18.788294
4 7 11.548134 42.638011
5 7 15.901457 43.139309
5 6 3.166947 8.062258
