10 10 13787 430 20
13 81 10.637003 36.841847 18.808299
80 78 37.410519 27.666540 19.254015
22 73 34.590849 33.314660 33.414491
85 16 46.199213 3.990385 33.160038
50 19 8.885802 44.211950 1.756594
8 50 33.293943 14.225765 9.452449
73 85 45.219984 31.053335 32.324541
71 58 44.678161 36.703965 34.456976
79 14 4.869968 5.271036 20.899638
79 82 18.564597 2.443892 18.903314
0 2 37.379389 12.041595
1 9 31.287558 4.123106
1 6 13.505341 9.899495
2 8 44.352656 82.036577
2 7 27.786238 51.244512
3 8 14.163362 6.324555
4 9 1.089189 69.354164
5 8 17.389413 79.605276
6 9 11.820283 6.708204
7 9 1.885495 25.298221
