9 11 17054 2763 20
34 60 41.834963 27.331796 10.402042
68 1 21.907047 35.497575 24.834570
84 62 38.472930 7.735391 28.205074
43 75 18.729666 30.093568 20.317810
39 61 15.702254 7.415073 39.735711
35 58 46.302043 35.461650 34.910029
36 66 37.046364 48.818787 30.583422
66 28 10.961814 2.078786 5.965882
48 43 49.810044 9.293607 14.966027
0 5 3.407029 2.236068
0 4 31.646121 5.099020
1 4 0.560221 66.640828
1 2 3.604415 63.063460
2 8 46.917962 40.706265
2 4 46.587972 45.011110
3 8 15.446543 32.388269
3 5 21.304249 18.788294
4 7 35.881043 42.638011
5 7 10.497568 43.139309
5 6 3.035054 8.062258
