10 10 17540 633 20
13 81 33.531602 36.314944 10.773216
80 78 3.963777 47.905428 44.642491
22 73 16.184626 38.765035 41.319140
85 16 6.916816 9.502000 42.739345
50 19 42.921665 37.381831 26.504707
8 50 46.888062 0.001032 16.333008
73 85 1.095894 28.231602 30.180498
71 58 16.338792 47.031572 9.633515
79 14 16.496200 35.623815 45.387463
79 82 29.269843 14.328068 21.561041
0 2 10.010696 12.041595
1 9 37.932294 4.123106
1 6 11.187286 9.899495
2 8 6.582878 82.036577
2 7 21.222744 51.244512
3 8 41.470297 6.324555
4 9 32.528089 69.354164
5 8 37.741596 79.605276
6 9 7.476132 6.708204
7 9 23.940610 25.298221
