10 10 16187 623 20
13 81 40.033523 47.862690 31.336708
80 78 40.675885 16.776240 46.887725
22 73 4.695949 4.328592 5.198498
85 16 8.236103 26.631831 28.257155
50 19 29.724250 9.272149 49.206661
8 50 27.831570 48.205291 8.536481
73 85 27.576106 43.390377 22.256873
71 58 36.320542 6.199198 27.170904
79 14 11.160695 25.322497 0.694759
79 82 37.720049 6.534431 19.279325
0 2 17.892824 12.041595
1 9 17.660036 4.123106
1 6 10.223207 9.899495
2 8 41.862794 82.036577
2 7 26.716283 51.244512
3 8 26.793587 6.324555
4 9 30.102341 69.354164
5 8 17.991987 79.605276
6 9 47.051059 6.708204
7 9 19.125077 25.298221
