9 11 17405 270 20
34 60 14.106949 0.128008 40.139255
68 1 10.097710 0.728546 44.563126
84 62 21.771610 14.156817 37.887776
43 75 49.665080 48.018140 22.922844
39 61 38.172374 47.711627 18.191762
35 58 6.879741 42.632007 28.211738
36 66 17.366952 4.053961 21.057551
66 28 23.835865 11.357508 33.634767
48 43 40.353532 32.180786 10.972691
0 5 4.885348 2.236068
0 4 15.132431 5.099020
1 4 15.059035 66.640828
1 2 47.034929 63.063460
2 8 26.207647 40.706265
2 4 31.987273 45.011110
3 8 6.468727 32.388269
3 5 31.424914 18.788294
4 7 13.532694 42.638011
5 7 14.557268 43.139309
5 6 12.558025 8.062258
