9 11 16562 1585 20
34 60 13.003211 21.244593 17.254846
68 1 4.710707 36.909500 15.765439
84 62 46.015330 42.839345 26.592322
43 75 40.410555 42.577168 47.148029
39 61 46.586339 29.563575 20.624113
35 58 7.420078 43.784662 32.055856
36 66 37.783901 34.061083 0.691983
66 28 10.939759 5.688623 44.099110
48 43 10.001441 9.515885 14.113733
0 5 29.175975 2.236068
0 4 35.749480 5.099020
1 4 4.127463 66.640828
1 2 21.573992 63.063460
2 8 34.340112 40.706265
2 4 4.435667 45.011110
3 8 22.043589 32.388269
3 5 28.826360 18.788294
4 7 35.656143 42.638011
5 7 35.580716 43.139309
5 6 35.859846 8.062258
