9 11 16395 1487 20
34 60 34.928475 36.116122 47.972816
68 1 46.870208 26.421541 1.913547
84 62 25.861894 46.314721 27.997041
43 75 26.768219 31.128454 19.469322
39 61 29.600312 1.270811 11.198424
35 58 21.366200 12.447104 12.264155
36 66 18.215696 6.401800 16.918178
66 28 32.387836 22.664247 33.480486
48 43 27.634357 14.281662 3.689160
0 5 9.142162 2.236068
0 4 35.650644 5.099020
1 4 1.372267 66.640828
1 2 19.828975 63.063460
2 8 20.277035 40.706265
2 4 37.391959 45.011110
3 8 46.720734 32.388269
3 5 22.443114 18.788294
4 7 35.400900 42.638011
5 7 30.712629 43.139309
5 6 40.078542 8.062258
