10 10 16583 1569 20
13 81 2.909429 34.622395 43.112169
80 78 11.069827 17.070728 35.320901
22 73 2.507504 18.227506 10.797964
85 16 3.833760 49.214689 8.909309
50 19 44.865139 46.121914 3.085450
8 50 8.132080 24.594284 43.348196
73 85 4.777903 26.859423 37.275584
71 58 17.334641 41.970668 42.725469
79 14 13.771296 31.747708 38.259987
79 82 20.442874 15.086701 49.035525
0 2 4.529830 12.041595
1 9 9.157145 4.123106
1 6 7.550486 9.899495
2 8 49.370362 82.036577
2 7 18.291253 51.244512
3 8 6.507220 6.324555
4 9 30.415677 69.354164
5 8 12.724907 79.605276
6 9 3.844931 6.708204
7 9 45.781703 25.298221
