10 10 16500 284 20
13 81 2.764639 25.090277 12.080301
80 78 38.799042 45.412168 43.579432
22 73 49.767286 46.169728 25.539176
85 16 9.310634 3.022936 1.846574
50 19 46.191860 16.887507 12.839802
8 50 43.876587 32.944759 25.341100
73 85 2.916559 10.935401 40.445707
71 58 46.369857 11.301681 28.977945
79 14 47.803650 37.013588 18.922728
79 82 30.741175 4.240169 49.383689
0 2 45.319289 12.041595
1 9 36.483532 4.123106
1 6 3.770745 9.899495
2 8 21.111852 82.036577
2 7 24.712720 51.244512
3 8 34.912506 6.324555
4 9 23.275680 69.354164
5 8 5.592840 79.605276
6 9 12.807143 6.708204
7 9 32.180297 25.298221
