9 11 17324 874 20
34 60 19.485865 20.717238 37.085765
68 1 16.569238 16.730830 39.324791
84 62 46.268904 37.012169 8.143127
43 75 19.448442 28.932837 9.255802
39 61 2.105427 10.463929 8.516998
35 58 22.588783 37.456211 25.245495
36 66 48.009905 22.368397 26.654688
66 28 19.652915 18.499901 1.479813
48 43 10.297594 28.115243 24.366544
0 5 28.671986 2.236068
0 4 6.477252 5.099020
1 4 41.533424 66.640828
1 2 27.941288 63.063460
2 8 37.905728 40.706265
2 4 28.142509 45.011110
3 8 12.174374 32.388269
3 5 21.490534 18.788294
4 7 27.171715 42.638011
5 7 34.857840 43.139309
5 6 27.926928 8.062258
