10 10 16541 522 20
13 81 5.937215 31.805046 6.040017
80 78 47.783863 22.874923 5.633278
22 73 41.091842 44.236726 19.613398
85 16 17.785873 21.738891 26.866944
50 19 18.762418 10.472158 21.620225
8 50 22.815216 47.551294 41.426935
73 85 28.347585 34.577157 26.501023
71 58 23.592129 44.533415 21.303726
79 14 31.548732 20.122487 17.131446
79 82 1.264726 2.143034 7.704906
0 2 42.929043 12.041595
1 9 48.237888 4.123106
1 6 9.860265 9.899495
2 8 17.477789 82.036577
2 7 40.112277 51.244512
3 8 12.972022 6.324555
4 9 2.000406 69.354164
5 8 42.093033 79.605276
6 9 36.739418 6.708204
7 9 35.177056 25.298221
