9 11 16145 340 20
34 60 7.300727 17.260640 28.235128
68 1 25.773693 30.697091 23.718573
84 62 32.776437 21.070645 7.516698
43 75 22.357694 5.918256 9.222451
39 61 34.507273 2.597798 33.058142
35 58 15.327349 1.705715 4.043765
36 66 24.487261 28.846869 49.728145
66 28 34.305464 35.020859 40.354460
48 43 2.266309 17.895673 17.299290
0 5 12.446481 2.236068
0 4 39.810037 5.099020
1 4 44.823511 66.640828
1 2 46.560713 63.063460
2 8 27.280611 40.706265
2 4 39.153988 45.011110
3 8 17.582292 32.388269
3 5 14.333307 18.788294
4 7 42.771327 42.638011
5 7 33.968447 43.139309
5 6 43.863113 8.062258
