9 11 15421 886 20
34 60 45.042120 36.092848 16.611496
68 1 24.923210 19.347028 3.129821
84 62 30.230218 23.351924 13.237995
43 75 5.766247 8.377953 47.520001
39 61 37.144784 32.630403 9.147293
35 58 11.056709 11.748162 41.774860
36 66 9.577347 41.910310 20.233413
66 28 33.653921 8.048236 27.382561
48 43 39.016988 15.767079 7.315757
0 5 9.115662 2.236068
0 4 33.383792 5.099020
1 4 36.823517 66.640828
1 2 37.739328 63.063460
2 8 4.205682 40.706265
2 4 16.933014 45.011110
3 8 10.338095 32.388269
3 5 45.575438 18.788294
4 7 48.841108 42.638011
5 7 13.860162 43.139309
5 6 12.356599 8.062258
