9 11 17378 2403 20
34 60 40.033127 21.524547 9.003293
68 1 17.094667 32.833394 27.845434
84 62 34.555989 29.160058 0.765791
43 75 8.858638 34.958522 41.481636
39 61 22.595577 15.362904 40.043799
35 58 34.934359 10.146375 31.588072
36 66 17.995454 12.799410 10.026154
66 28 28.204524 35.522494 10.175976
48 43 10.164957 14.722032 37.804903
0 5 6.114931 2.236068
0 4 7.121372 5.099020
1 4 6.150293 66.640828
1 2 24.991642 63.063460
2 8 44.846232 40.706265
2 4 39.840509 45.011110
3 8 33.007949 32.388269
3 5 34.903637 18.788294
4 7 21.370825 42.638011
5 7 47.806997 43.139309
5 6 46.778978 8.062258
