9 11 16729 2697 20
34 60 10.267137 31.450497 29.408007
68 1 12.306704 49.474487 38.441926
84 62 3.683770 31.166148 11.399635
43 75 43.600713 40.391355 41.924011
39 61 18.001076 31.476505 13.709925
35 58 13.337195 14.596688 26.697620
36 66 39.674138 27.970606 29.905884
66 28 0.101221 7.747440 44.604917
48 43 39.853836 17.363171 4.874360
0 5 5.054237 2.236068
0 4 1.179603 5.099020
1 4 49.985128 66.640828
1 2 34.815895 63.063460
2 8 36.157899 40.706265
2 4 33.187852 45.011110
3 8 43.146097 32.388269
3 5 48.466218 18.788294
4 7 45.757234 42.638011
5 7 36.511920 43.139309
5 6 13.439609 8.062258
