9 11 17081 570 20
34 60 42.035332 21.718734 21.288371
68 1 0.537302 14.676010 44.570630
84 62 16.502829 40.740188 15.489012
43 75 24.703102 6.744222 45.914909
39 61 35.164553 49.433677 37.923791
35 58 1.252175 47.415822 42.807311
36 66 49.967472 40.029941 33.758614
66 28 30.766480 18.803022 12.094363
48 43 33.851266 25.051191 29.830306
0 5 26.709527 2.236068
0 4 47.341470 5.099020
1 4 25.932251 66.640828
1 2 34.434572 63.063460
2 8 36.448023 40.706265
2 4 49.450401 45.011110
3 8 2.772609 32.388269
3 5 24.747226 18.788294
4 7 32.026421 42.638011
5 7 20.504479 43.139309
5 6 16.689760 8.062258
