9 11 18450 1333 20
34 60 26.191818 2.472544 4.012568
68 1 15.682431 22.350042 47.405757
84 62 40.203004 44.710857 36.064043
43 75 21.517119 2.151780 41.689942
39 61 47.384428 33.987912 43.172978
35 58 49.701785 6.782741 36.864661
36 66 2.080293 49.946944 22.084168
66 28 17.580891 19.600453 35.751335
48 43 13.534702 32.184822 7.038747
0 5 15.468265 2.236068
0 4 33.585825 5.099020
1 4 41.231837 66.640828
1 2 0.798296 63.063460
2 8 42.119024 40.706265
2 4 7.630986 45.011110
3 8 0.993328 32.388269
3 5 8.785009 18.788294
4 7 43.184487 42.638011
5 7 11.544390 43.139309
5 6 9.389318 8.062258
