10 10 18300 591 20
13 81 49.062352 35.717956 21.210226
80 78 15.898596 18.285564 30.196069
22 73 37.862320 45.662352 3.953592
85 16 0.251855 44.774601 27.648663
50 19 0.258066 20.720258 17.466531
8 50 3.176457 8.036728 32.042856
73 85 19.665445 9.466080 39.003605
71 58 2.524766 8.451500 24.983117
79 14 46.908458 40.439856 7.429698
79 82 45.921345 2.526185 41.679649
0 2 8.735462 12.041595
1 9 27.158990 4.123106
1 6 34.364932 9.899495
2 8 37.088629 82.036577
2 7 36.300380 51.244512
3 8 9.945419 6.324555
4 9 13.336090 69.354164
5 8 49.223486 79.605276
6 9 6.322244 6.708204
7 9 36.192260 25.298221
