10 10 17702 1118 20
13 81 26.692537 4.086089 32.417700
80 78 45.074697 7.693030 39.132607
22 73 45.568691 19.639727 3.559018
85 16 3.676248 26.370823 39.628329
50 19 20.220072 26.348657 36.059101
8 50 48.225901 33.732728 22.723206
73 85 6.923062 22.967540 41.115596
71 58 35.681640 2.568130 22.797808
79 14 4.296311 1.067785 47.741924
79 82 32.234739 6.443267 20.595659
0 2 2.665731 12.041595
1 9 16.222776 4.123106
1 6 7.715871 9.899495
2 8 15.797532 82.036577
2 7 24.637010 51.244512
3 8 21.934151 6.324555
4 9 15.671829 69.354164
5 8 25.457779 79.605276
6 9 46.089591 6.708204
7 9 3.795455 25.298221
