9 11 18775 687 20
34 60 2.026829 22.549029 22.433987
68 1 41.830600 24.496546 11.053669
84 62 11.092283 15.180745 47.566280
43 75 11.629604 47.729559 0.000005
39 61 36.030856 30.048902 45.706498
35 58 20.833549 14.159859 3.993632
36 66 11.750264 17.140151 30.975253
66 28 26.539778 18.721957 36.511595
48 43 33.679385 11.667947 4.393992
0 5 46.376211 2.236068
0 4 26.118234 5.099020
1 4 37.905469 66.640828
1 2 49.560802 63.063460
2 8 5.237289 40.706265
2 4 43.559118 45.011110
3 8 0.490610 32.388269
3 5 23.012410 18.788294
4 7 5.466399 42.638011
5 7 42.892573 43.139309
5 6 4.652412 8.062258
