9 11 19619 488 20
34 60 32.011119 19.389910 29.632411
68 1 32.386055 43.017329 40.497679
84 62 9.312627 48.893092 44.071007
43 75 11.395563 23.167990 23.247428
39 61 44.750062 24.581584 47.816582
35 58 26.251039 22.171138 23.904949
36 66 35.769575 35.672589 7.210965
66 28 1.983926 45.415046 31.289476
48 43 1.069084 5.953718 5.684361
0 5 43.373405 2.236068
0 4 25.054427 5.099020
1 4 48.435500 66.640828
1 2 10.690265 63.063460
2 8 46.814572 40.706265
2 4 2.483007 45.011110
3 8 24.332994 32.388269
3 5 35.388135 18.788294
4 7 21.344386 42.638011
5 7 20.654079 43.139309
5 6 36.535797 8.062258
