9 11 19166 1294 20
34 60 38.539661 32.902494 3.172185
68 1 30.076121 31.930955 29.845527
84 62 47.435490 4.068189 10.997682
43 75 3.086984 6.945459 41.000153
39 61 44.018628 16.436354 47.965083
35 58 6.935831 31.840907 33.810330
36 66 28.484417 2.171049 30.197442
66 28 10.585152 28.063692 21.585352
48 43 39.893697 36.382718 8.918079
0 5 0.723848 2.236068
0 4 4.934937 5.099020
1 4 23.785671 66.640828
1 2 35.089399 63.063460
2 8 26.254537 40.706265
2 4 31.376742 45.011110
3 8 9.320862 32.388269
3 5 0.595889 18.788294
4 7 13.621279 42.638011
5 7 22.099889 43.139309
5 6 9.242044 8.062258
