9 11 19452 1698 20
34 60 43.250099 9.283890 3.753724
68 1 44.533785 19.230236 45.070929
84 62 46.081471 10.808117 6.832148
43 75 16.126734 16.381441 31.748547
39 61 2.232073 4.335781 17.318476
35 58 4.827713 11.226912 31.003614
36 66 45.331222 27.543103 30.702272
66 28 0.809911 24.190179 17.149972
48 43 20.169995 41.636643 19.461467
0 5 47.742320 2.236068
0 4 41.438851 5.099020
1 4 15.652992 66.640828
1 2 35.977180 63.063460
2 8 16.863952 40.706265
2 4 43.697707 45.011110
3 8 42.972435 32.388269
3 5 39.894073 18.788294
4 7 30.863557 42.638011
5 7 36.786904 43.139309
5 6 44.635349 8.062258
