9 11 17621 1768 20
34 60 32.389608 36.407233 34.211875
68 1 37.275534 24.685827 45.003291
84 62 49.923925 3.451583 4.949970
43 75 43.069600 17.631168 41.792472
39 61 27.718141 44.799940 43.362191
35 58 23.689998 20.431778 10.049877
36 66 8.780953 11.856872 5.630762
66 28 36.057913 26.806344 33.443339
48 43 4.868803 28.612253 33.301112
0 5 39.506792 2.236068
0 4 45.833245 5.099020
1 4 18.893143 66.640828
1 2 26.294727 63.063460
2 8 31.741900 40.706265
2 4 24.489602 45.011110
3 8 47.082011 32.388269
3 5 9.498771 18.788294
4 7 25.887064 42.638011
5 7 46.405498 43.139309
5 6 47.940588 8.062258
