9 11 18200 798 20
34 60 47.818853 1.979040 6.318112
68 1 35.963470 11.302629 5.423467
84 62 47.748324 18.313340 15.806735
43 75 21.427016 11.927513 38.043982
39 61 44.543898 32.885628 40.716552
35 58 48.902630 29.258724 7.097515
36 66 13.154729 43.000896 36.844087
66 28 14.789105 21.482638 10.204410
48 43 29.907688 28.681932 31.034120
0 5 3.022999 2.236068
0 4 41.854705 5.099020
1 4 6.226224 66.640828
1 2 13.075390 63.063460
2 8 34.767062 40.706265
2 4 39.290493 45.011110
3 8 27.500682 32.388269
3 5 3.042071 18.788294
4 7 20.803859 42.638011
5 7 42.212605 43.139309
5 6 4.016791 8.062258
