10 10 22222 2989 20
13 81 29.605868 17.896128 48.158782
80 78 27.174426 45.878765 30.683544
22 73 34.972799 40.668192 40.571660
85 16 9.473900 19.009990 9.901417
50 19 35.341114 10.822035 30.032917
8 50 21.166383 44.392162 25.847117
73 85 2.882282 33.704844 5.191562
71 58 20.019745 28.551900 4.522260
79 14 10.232740 21.340241 17.671749
79 82 35.968040 35.709539 24.540818
0 2 12.260596 12.041595
1 9 12.087734 4.123106
1 6 36.065220 9.899495
2 8 31.033136 82.036577
2 7 2.197277 51.244512
3 8 4.765776 6.324555
4 9 34.058944 69.354164
5 8 3.663664 79.605276
6 9 17.831271 6.708204
7 9 2.652853 25.298221
