9 11 22133 897 20
34 60 46.806743 28.067251 44.688361
68 1 46.756006 12.315226 39.496996
84 62 20.546165 16.341632 26.595672
43 75 0.747108 1.327442 34.902293
39 61 43.758705 2.256508 47.580675
35 58 21.718225 16.357543 47.777099
36 66 42.181076 42.569604 18.145122
66 28 15.850948 31.636062 32.913138
48 43 42.332649 49.986025 29.136119
0 5 27.584537 2.236068
0 4 18.808352 5.099020
1 4 47.008185 66.640828
1 2 12.233103 63.063460
2 8 5.624472 40.706265
2 4 42.905850 45.011110
3 8 11.429010 32.388269
3 5 9.574235 18.788294
4 7 4.272323 42.638011
5 7 16.342696 43.139309
5 6 5.053492 8.062258
