9 11 20195 1406 20
34 60 0.249803 40.665460 18.470215
68 1 21.603611 40.335327 33.945795
84 62 27.514960 12.407603 15.216814
43 75 39.487493 4.264075 37.922654
39 61 33.770329 39.415756 12.302181
35 58 29.701673 3.855145 45.135856
36 66 29.096689 21.468710 28.111345
66 28 13.261445 3.447309 33.288559
48 43 20.505195 42.997172 38.314774
0 5 4.978947 2.236068
0 4 20.226136 5.099020
1 4 4.277721 66.640828
1 2 41.782969 63.063460
2 8 4.786818 40.706265
2 4 32.695839 45.011110
3 8 29.034831 32.388269
3 5 49.692586 18.788294
4 7 36.839480 42.638011
5 7 20.934413 43.139309
5 6 34.837369 8.062258
