10 10 22200 441 20
13 81 27.412509 48.157280 24.485184
80 78 38.559517 18.253897 36.706068
22 73 21.489614 40.643284 22.143927
85 16 24.820528 3.624329 29.647288
50 19 1.410573 7.923666 22.545902
8 50 47.005034 3.382918 8.744685
73 85 25.964794 10.358337 41.025356
71 58 23.240757 39.254481 26.252440
79 14 38.515875 28.662594 25.977619
79 82 11.326391 36.173676 12.409275
0 2 23.037137 12.041595
1 9 31.486038 4.123106
1 6 36.772224 9.899495
2 8 10.309109 82.036577
2 7 20.342123 51.244512
3 8 15.811147 6.324555
4 9 0.510758 69.354164
5 8 4.591313 79.605276
6 9 38.264925 6.708204
7 9 15.871841 25.298221
