10 10 21413 301 20
13 81 31.183068 4.197190 32.760837
80 78 24.703930 26.005023 16.440005
22 73 20.037858 46.695308 29.195529
85 16 41.109581 38.464260 36.553454
50 19 27.454550 14.569694 4.316613
8 50 39.800053 29.657764 40.072845
73 85 30.128416 18.449946 1.182022
71 58 49.156032 40.593326 38.474070
79 14 27.625824 15.518525 22.422329
79 82 44.993164 13.886260 33.683165
0 2 43.451221 12.041595
1 9 45.945446 4.123106
1 6 3.912673 9.899495
2 8 17.844834 82.036577
2 7 12.857500 51.244512
3 8 31.719219 6.324555
4 9 31.260407 69.354164
5 8 14.779583 79.605276
6 9 17.957060 6.708204
7 9 16.552076 25.298221
