10 10 22422 1874 20
13 81 22.781309 1.013596 43.643459
80 78 10.934956 34.082084 47.413809
22 73 21.526210 16.936888 12.642308
85 16 14.387952 34.521787 13.545495
50 19 31.254604 23.569706 12.697760
8 50 26.030449 39.500384 9.911011
73 85 20.981533 15.331901 35.469272
71 58 20.015670 5.212583 2.831170
79 14 19.540924 45.261340 47.461792
79 82 28.403851 41.358115 36.233115
0 2 30.492436 12.041595
1 9 38.679672 4.123106
1 6 30.258943 9.899495
2 8 11.634283 82.036577
2 7 34.006710 51.244512
3 8 8.105244 6.324555
4 9 32.119982 69.354164
5 8 5.524447 79.605276
6 9 14.643747 6.708204
7 9 3.386629 25.298221
