10 10 22177 674 20
13 81 41.101752 14.361122 23.367013
80 78 44.791731 4.388640 33.310629
22 73 16.564573 42.575429 1.249858
85 16 44.305546 6.823416 26.606855
50 19 15.742030 39.304141 25.882054
8 50 2.475957 36.023039 49.460921
73 85 11.910199 11.545019 21.925132
71 58 47.339578 12.554304 33.732124
79 14 44.433544 25.459775 13.549142
79 82 47.639414 22.097601 37.687686
0 2 36.563232 12.041595
1 9 14.917325 4.123106
1 6 7.706249 9.899495
2 8 26.343069 82.036577
2 7 30.242541 51.244512
3 8 47.266374 6.324555
4 9 33.148480 69.354164
5 8 31.901559 79.605276
6 9 37.621004 6.708204
7 9 36.645259 25.298221
