9 11 20282 1149 20
34 60 40.334929 10.203989 10.067660
68 1 0.346920 39.101574 15.345264
84 62 20.056185 23.906601 36.844013
43 75 2.597135 35.321603 5.205656
39 61 19.439405 19.399644 21.664358
35 58 28.701612 34.944103 30.140310
36 66 13.796602 28.632293 43.286823
66 28 6.205397 38.073263 48.279258
48 43 2.732820 1.415616 19.194220
0 5 31.360136 2.236068
0 4 27.638856 5.099020
1 4 31.615409 66.640828
1 2 25.337977 63.063460
2 8 34.810689 40.706265
2 4 34.481161 45.011110
3 8 35.960162 32.388269
3 5 44.505210 18.788294
4 7 39.285309 42.638011
5 7 36.292615 43.139309
5 6 34.955094 8.062258
