9 11 22088 463 20
34 60 22.413718 36.103018 28.226184
68 1 6.139428 36.853043 31.752253
84 62 32.528856 41.827967 19.050887
43 75 4.064460 3.729724 39.699368
39 61 35.159116 31.651794 5.139378
35 58 15.687335 19.004308 28.085401
36 66 37.999313 8.962528 18.221209
66 28 26.112231 21.632847 3.138535
48 43 7.752923 26.260771 7.998314
0 5 49.766751 2.236068
0 4 49.760711 5.099020
1 4 14.883225 66.640828
1 2 7.430990 63.063460
2 8 11.266808 40.706265
2 4 7.679269 45.011110
3 8 36.298873 32.388269
3 5 28.733033 18.788294
4 7 5.667885 42.638011
5 7 20.460574 43.139309
5 6 26.583799 8.062258
