10 10 22466 400 20
13 81 15.403130 2.594593 13.148592
80 78 2.218259 24.322613 37.897876
22 73 4.295880 35.728775 30.148189
85 16 12.406830 5.284874 7.494282
50 19 45.353448 19.087524 46.950555
8 50 16.956174 35.725680 8.543417
73 85 26.745762 22.327679 46.547738
71 58 17.606595 21.810828 36.838195
79 14 4.965449 3.267381 31.310934
79 82 42.655161 23.322723 44.764292
0 2 9.784479 12.041595
1 9 12.969228 4.123106
1 6 9.018854 9.899495
2 8 30.338078 82.036577
2 7 2.795132 51.244512
3 8 33.698119 6.324555
4 9 44.700925 69.354164
5 8 21.817306 79.605276
6 9 2.232393 6.708204
7 9 5.428668 25.298221
