10 10 22377 534 20
13 81 48.724135 19.664162 27.381067
80 78 39.785747 39.925865 15.771559
22 73 27.498717 11.325925 1.530349
85 16 41.699318 18.236351 15.224176
50 19 37.182471 45.722122 17.856882
8 50 17.192193 41.333353 18.281440
73 85 17.360192 14.481585 44.793611
71 58 40.927351 17.218704 42.302015
79 14 40.171254 15.297097 17.904903
79 82 26.056100 39.487670 1.879558
0 2 19.821230 12.041595
1 9 20.020289 4.123106
1 6 25.544621 9.899495
2 8 40.675831 82.036577
2 7 40.484571 51.244512
3 8 39.809757 6.324555
4 9 42.831220 69.354164
5 8 41.660976 79.605276
6 9 3.542733 6.708204
7 9 39.289097 25.298221
