9 11 23125 875 20
34 60 3.571877 18.996842 8.812890
68 1 21.754614 39.299126 47.532112
84 62 43.372296 44.579813 30.805285
43 75 29.529525 21.331988 15.230344
39 61 5.478834 34.679812 6.182022
35 58 1.324632 21.759366 3.623865
36 66 25.284419 6.791286 29.514751
66 28 7.976565 12.643362 19.268735
48 43 48.383469 40.824108 9.953185
0 5 27.542034 2.236068
0 4 45.747068 5.099020
1 4 30.181535 66.640828
1 2 17.894328 63.063460
2 8 11.925300 40.706265
2 4 34.096271 45.011110
3 8 20.040292 32.388269
3 5 17.292473 18.788294
4 7 7.644953 42.638011
5 7 3.966775 43.139309
5 6 30.280319 8.062258
