9 11 2510 294 20
34 60 8.386242 13.472400 25.999173
68 1 3.823015 23.765210 41.465343
84 62 26.828654 5.769343 29.749869
43 75 33.271805 37.647085 23.130144
39 61 38.163362 35.470458 42.410032
35 58 28.885514 31.649477 47.061990
36 66 46.784564 25.886130 16.785779
66 28 18.384497 8.350896 24.123094
48 43 38.105643 25.373779 14.448149
0 5 11.000184 2.236068
0 4 17.789547 5.099020
1 4 48.745293 66.640828
1 2 7.693069 63.063460
2 8 18.670235 40.706265
2 4 31.485051 45.011110
3 8 15.798182 32.388269
3 5 43.054213 18.788294
4 7 6.398500 42.638011
5 7 16.856911 43.139309
5 6 11.838960 8.062258
