9 11 23300 793 20
34 60 9.746496 46.509767 44.301392
68 1 4.120584 31.437720 21.686971
84 62 12.872292 31.216904 31.447701
43 75 7.572175 32.314992 49.886306
39 61 48.830417 33.397238 42.048682
35 58 26.959779 8.876724 28.037724
36 66 39.576933 21.755540 39.552831
66 28 33.379113 40.513791 48.750427
48 43 4.997412 37.065592 22.937118
0 5 22.962134 2.236068
0 4 24.895367 5.099020
1 4 29.505105 66.640828
1 2 39.950269 63.063460
2 8 4.990770 40.706265
2 4 6.151852 45.011110
3 8 15.060470 32.388269
3 5 35.645952 18.788294
4 7 49.601616 42.638011
5 7 22.697180 43.139309
5 6 2.965523 8.062258
