9 11 22955 1526 20
34 60 32.520293 28.843695 44.380491
68 1 36.597473 35.383773 40.831211
84 62 47.275975 29.250782 46.576558
43 75 14.848269 42.224458 43.344856
39 61 44.081533 37.897202 23.782934
35 58 42.345053 15.958918 13.652861
36 66 19.299995 49.109700 24.423133
66 28 37.954935 6.817232 10.240531
48 43 6.689865 12.622794 1.409212
0 5 13.036962 2.236068
0 4 22.820413 5.099020
1 4 49.307035 66.640828
1 2 42.757181 63.063460
2 8 19.636622 40.706265
2 4 30.516768 45.011110
3 8 35.146086 32.388269
3 5 31.407983 18.788294
4 7 44.479950 42.638011
5 7 28.070612 43.139309
5 6 5.494729 8.062258
