10 10 22733 337 20
13 81 21.993246 3.023116 17.813763
80 78 5.367463 28.571606 2.253268
22 73 26.669887 46.740606 7.539895
85 16 20.190006 5.086725 10.103082
50 19 29.306286 2.579832 23.229091
8 50 10.676457 45.086531 12.933650
73 85 32.945533 20.057257 4.989407
71 58 31.862078 4.351871 12.562390
79 14 49.732174 24.738090 3.136783
79 82 23.039288 45.665874 44.674670
0 2 14.512504 12.041595
1 9 25.784364 4.123106
1 6 23.389128 9.899495
2 8 42.191698 82.036577
2 7 3.035801 51.244512
3 8 24.457261 6.324555
4 9 44.417198 69.354164
5 8 13.229318 79.605276
6 9 45.433089 6.708204
7 9 10.248567 25.298221
