9 11 23475 338 20
34 60 48.422680 49.718753 0.665950
68 1 7.480398 18.534854 40.148461
84 62 46.865388 39.952744 10.607858
43 75 43.756839 22.892288 18.242989
39 61 37.999599 10.040512 30.921481
35 58 18.654884 2.130653 1.146350
36 66 32.786038 32.908076 21.511246
66 28 41.884498 38.451754 10.736011
48 43 43.259925 31.742536 39.837227
0 5 11.101348 2.236068
0 4 22.320696 5.099020
1 4 44.990612 66.640828
1 2 11.396483 63.063460
2 8 17.221724 40.706265
2 4 44.647280 45.011110
3 8 37.055864 32.388269
3 5 20.986902 18.788294
4 7 46.794083 42.638011
5 7 3.346157 43.139309
5 6 48.373130 8.062258
