10 10 25145 921 20
13 81 32.511898 5.523960 47.377019
80 78 13.656904 21.354801 6.503443
22 73 44.841003 26.897602 20.631042
85 16 5.819475 37.455378 6.572390
50 19 5.717369 29.489566 30.984622
8 50 3.785086 5.255333 34.659524
73 85 23.295290 8.003579 37.763652
71 58 32.168871 47.998760 14.099722
79 14 23.414198 5.117082 34.683842
79 82 10.572667 1.217695 6.169272
0 2 24.724376 12.041595
1 9 47.972658 4.123106
1 6 41.041863 9.899495
2 8 14.919046 82.036577
2 7 8.716819 51.244512
3 8 10.955290 6.324555
4 9 19.567075 69.354164
5 8 15.967697 79.605276
6 9 22.908098 6.708204
7 9 37.461875 25.298221
