10 10 23825 1463 20
13 81 3.840132 1.801716 45.159614
80 78 20.831093 43.159626 39.169854
22 73 38.747497 49.881249 35.572268
85 16 41.632830 37.115332 18.662587
50 19 8.560011 20.804286 27.106843
8 50 32.623593 20.808689 45.486706
73 85 29.573718 42.601708 12.865056
71 58 4.050369 35.167614 32.436976
79 14 12.256876 40.268907 30.587083
79 82 35.489606 15.256550 21.409719
0 2 3.027923 12.041595
1 9 7.261470 4.123106
1 6 34.054954 9.899495
2 8 20.389870 82.036577
2 7 14.257708 51.244512
3 8 0.441081 6.324555
4 9 26.886974 69.354164
5 8 48.899179 79.605276
6 9 30.795172 6.708204
7 9 8.242310 25.298221
