9 11 22888 783 20
34 60 8.371316 46.691542 5.211550
68 1 2.631725 7.120810 10.466667
84 62 18.693516 42.942086 46.296109
43 75 13.261384 10.849589 21.879523
39 61 9.570231 38.821094 21.479522
35 58 44.939620 37.406922 40.295213
36 66 45.155362 20.163965 19.383407
66 28 37.010761 32.962909 7.203494
48 43 37.889225 44.637069 4.911979
0 5 33.296538 2.236068
0 4 44.724050 5.099020
1 4 11.749608 66.640828
1 2 14.598319 63.063460
2 8 42.788257 40.706265
2 4 35.423132 45.011110
3 8 9.335254 32.388269
3 5 30.886044 18.788294
4 7 42.104036 42.638011
5 7 28.080503 43.139309
5 6 34.716337 8.062258
