100 570
33 42 68.431427 85.289273 63.295415
99 19 52.362807 69.551153 84.924261
12 84 86.690613 78.146297 54.812729
68 84 59.510058 95.931737 90.031751
72 31 63.727596 98.545268 54.032375
49 76 90.173272 56.200148 99.981038
64 36 69.740480 76.038742 62.686332
80 33 52.531545 54.219168 62.949404
60 77 52.963846 58.875618 56.316525
93 65 65.301297 52.655794 71.394118
59 99 69.817554 91.320674 76.565601
89 51 77.043469 79.014144 96.754245
53 61 60.043010 67.446366 76.423433
79 31 71.843303 95.841692 79.799904
32 3 69.753496 66.230737 79.301872
69 98 89.920862 87.178780 58.828245
84 73 72.456204 96.534757 97.672785
99 45 50.883817 90.637722 65.088394
58 37 66.085491 88.989175 53.190596
48 47 70.714143 53.216268 69.895461
5 93 57.114121 71.328992 92.811557
94 22 52.878685 68.461579 94.404375
65 59 93.342083 89.623716 65.796763
3 55 66.572301 74.643098 99.671273
55 75 52.131486 67.886328 80.416273
34 60 89.259611 61.522120 95.500680
75 7 75.335887 92.538048 54.726012
59 6 65.312297 51.862157 64.796496
11 85 51.130601 83.424570 71.016072
89 56 97.055421 75.186684 72.241905
99 14 59.805481 82.320964 50.974215
19 78 72.701416 61.429973 91.570647
5 69 52.701112 93.901100 75.767432
43 90 73.231540 50.998012 68.791864
19 16 75.538609 51.914703 95.863704
6 34 66.250377 50.747076 50.230120
33 75 95.570628 67.024012 72.395755
7 30 76.963867 67.163501 84.452995
20 19 62.404419 53.936539 91.227625
56 75 94.097326 92.111460 73.673696
31 62 68.081287 75.732177 54.875321
30 4 82.666523 61.940667 83.803301
85 2 54.677010 82.982777 54.481707
13 42 61.283239 69.469824 84.117449
74 28 98.247936 55.634761 67.343554
81 22 83.507530 59.334051 61.622236
17 64 52.068349 69.682143 55.469401
75 74 84.334114 69.164003 62.234006
44 66 74.507702 51.536278 83.843164
58 77 83.357397 75.685420 83.281353
79 70 70.523804 74.045241 77.034418
95 26 91.058680 67.998637 52.136285
30 17 78.043651 61.525906 95.112759
1 76 59.257750 50.702477 80.325430
66 60 62.522063 86.917956 54.020309
72 35 85.349767 97.919135 77.128418
33 30 81.332738 95.017564 93.874116
8 61 88.446117 91.278760 71.478560
71 12 90.819390 68.988585 72.582938
47 68 91.901998 76.262885 93.188414
30 66 80.096455 87.604244 58.379540
67 16 51.841417 83.411129 64.828653
71 9 52.232428 78.939545 62.405679
17 10 74.163833 79.208581 65.882080
52 91 75.046915 70.508314 51.546425
20 57 78.206337 92.440060 52.132231
55 47 76.792928 90.044440 50.272831
82 24 80.437595 63.354769 68.407622
52 7 61.083192 58.735944 58.942072
48 38 83.375182 56.094842 64.960673
43 7 57.079141 58.578757 97.795884
31 37 72.278204 92.815739 84.880880
39 25 53.689127 51.086546 55.568591
23 51 89.724822 73.132089 58.286959
93 45 84.108000 63.659458 90.814327
17 23 91.965080 66.208748 55.791964
23 16 52.172085 98.614120 82.059363
58 11 99.328249 90.587827 86.471009
12 9 71.815090 64.732043 92.684707
41 55 59.891276 97.925009 95.772585
58 71 89.898168 50.285144 75.442236
56 47 67.840894 88.720635 90.269944
5 21 82.761633 86.365497 72.179143
10 48 86.129214 56.621115 90.057687
74 7 70.559147 79.471168 76.442842
63 40 74.801883 56.532311 73.346315
29 3 70.586190 97.754046 64.673661
64 21 84.895535 66.512037 63.016203
49 53 77.724074 82.462193 68.114060
36 90 63.507859 66.039439 93.809104
63 68 94.652601 89.315066 92.192629
17 47 86.643203 93.941305 54.054990
90 78 78.299616 87.971474 68.258401
69 4 60.949248 92.679040 52.294240
55 51 54.569293 52.170060 74.688400
73 33 83.931355 79.568467 57.650543
56 49 51.925439 57.054644 75.756688
46 31 89.227682 69.868900 86.969027
83 44 74.300665 68.312569 87.448445
4 57 73.366882 62.644157 57.749268
0 96 94.377749 24.041631
0 90 76.801495 39.698866
0 82 69.524464 35.000000
0 71 69.373514 5.385165
0 70 82.278286 36.400549
0 69 65.392573 15.524175
0 61 56.637298 42.801869
0 59 93.280058 29.529646
0 49 83.537851 43.011626
0 37 95.566333 28.635642
0 22 63.851185 36.235342
1 84 53.293921 27.730849
1 77 67.832157 41.773197
1 74 95.003224 26.683328
1 72 78.957992 60.299254
1 56 64.048098 66.910388
1 51 58.077661 8.062258
1 42 52.368104 22.022716
1 21 93.075179 5.830952
1 11 90.887158 33.526109
2 96 68.402787 56.222771
2 73 73.083408 34.785054
2 66 54.290639 56.727418
2 65 53.730058 28.160256
2 58 82.847994 93.085982
2 20 58.874660 11.401754
3 96 56.236196 37.000000
3 94 92.904982 35.468296
3 90 75.078613 16.763055
3 89 59.608118 32.557641
3 73 69.071738 55.803226
3 66 65.554008 39.217343
3 59 74.833949 26.400758
3 50 72.847150 17.804494
3 25 77.005639 41.617304
3 16 89.973965 19.416488
3 6 91.497260 48.166378
4 88 55.016776 31.827661
4 87 50.644266 12.806248
4 85 64.056258 12.727922
4 77 79.043138 24.413111
4 66 87.180179 23.345235
4 65 55.127599 58.137767
4 62 71.692081 22.022716
4 50 81.137140 39.623226
4 26 56.483184 24.186773
4 22 75.713001 28.861739
4 7 54.295627 8.246211
4 6 55.655614 9.433981
5 93 51.656260 74.726167
5 79 65.218198 22.472205
5 39 59.313946 7.071068
5 35 81.094185 60.108236
5 31 76.888818 30.066593
5 24 80.671750 6.082763
5 16 95.322487 35.128336
5 12 52.005454 15.524175
5 8 63.851423 11.045361
5 7 57.007345 53.009433
6 98 56.023856 20.615528
6 85 83.176717 4.123106
6 73 96.376062 43.657760
6 72 63.306456 27.313001
6 69 77.571275 16.124515
6 61 50.746521 20.223748
6 58 69.031990 25.000000
6 56 51.824782 31.575307
6 55 87.264568 8.062258
6 54 70.090601 24.083189
6 50 94.705622 37.161808
6 45 75.504179 22.022716
6 42 70.589049 39.962482
6 36 92.956829 49.819675
6 22 78.827731 23.021729
6 7 77.313710 16.278821
7 95 56.570003 7.000000
7 93 57.314554 31.016125
7 77 63.908117 31.112698
7 74 64.404563 17.691806
7 55 73.698944 8.246211
7 54 64.087918 30.413813
7 44 64.644475 7.810250
7 37 51.142851 73.061618
7 27 88.423201 34.205263
7 25 70.203278 53.338541
7 24 78.240288 48.877398
7 10 98.130814 69.260378
8 98 82.299666 40.224371
8 90 56.705356 9.486833
8 88 82.266455 26.400758
8 80 61.827122 6.324555
8 60 67.891333 31.953091
8 59 76.160285 15.811388
8 55 83.900887 43.680659
8 39 90.745380 4.472136
8 36 96.747955 27.073973
9 85 63.542193 39.051248
9 79 61.296272 52.952809
9 60 98.769473 63.007936
9 55 81.482300 36.619667
9 28 89.831210 84.403791
9 12 52.709810 40.199502
9 11 61.479670 14.560220
9 10 78.732055 48.083261
10 83 50.565568 70.724819
10 80 91.537519 28.017851
10 65 81.725260 57.314920
10 64 55.911501 10.630146
10 59 51.869038 33.241540
10 49 57.460699 22.022716
10 28 88.031382 50.000000
10 22 70.320088 40.447497
10 16 63.174533 36.069378
11 92 52.001846 27.018512
11 81 78.647737 33.241540
11 61 50.893773 41.340053
11 53 72.171780 91.482239
11 50 54.948382 21.470911
11 49 93.270082 40.459857
11 48 82.257150 47.434165
11 29 99.849882 5.000000
11 26 64.886618 46.173586
11 24 76.779590 41.617304
11 19 71.911332 41.194660
11 17 68.799047 11.661904
12 80 99.498657 11.180340
12 59 86.687644 9.219544
12 32 64.938368 48.662100
12 28 63.461964 48.373546
12 22 60.588353 12.165525
13 96 65.172035 29.206164
13 95 73.119577 6.324555
13 90 91.903464 40.311289
13 87 74.275897 18.027756
13 74 87.687366 19.798990
13 70 70.574149 43.266615
13 67 90.608861 7.615773
13 62 94.976098 23.409400
13 59 84.204832 48.918299
13 55 55.561561 8.062258
13 51 68.921581 16.763055
13 48 70.993495 49.497475
13 45 54.364640 9.219544
13 26 82.345906 24.331050
14 82 76.612237 32.449961
14 70 77.649917 11.704700
14 68 74.711080 20.396078
14 65 53.375851 55.317267
14 63 65.451992 16.552945
14 61 95.027864 37.336309
14 44 83.168202 48.877398
14 18 74.555960 42.801869
15 86 64.222518 103.077641
15 79 88.495125 51.312766
15 50 98.884809 29.732137
15 49 75.643343 23.706539
15 48 72.499641 40.607881
15 40 93.414712 52.345009
15 36 65.688657 42.720019
16 90 75.284147 21.587033
16 80 91.341988 26.076810
16 74 67.299802 29.410882
16 60 75.715908 54.451814
16 59 64.776366 37.336309
16 54 75.505925 22.203603
16 50 73.908600 5.830952
16 40 89.355068 54.129474
16 39 53.763112 28.071338
16 29 98.234849 17.720045
17 96 62.749537 43.185646
17 92 55.481953 34.205263
17 85 67.019650 36.345564
17 74 86.751570 6.000000
17 45 51.199530 29.206164
17 30 99.365563 31.000000
18 97 90.039433 13.416408
18 96 66.594657 12.165525
18 94 68.886838 14.317821
18 92 71.140595 52.009614
18 81 66.803990 10.198039
18 79 61.311787 24.758837
18 77 51.978473 26.000000
18 59 94.483943 32.893768
18 56 93.483928 25.961510
18 55 68.499095 14.142136
18 41 60.509845 43.278170
18 40 73.073025 36.796739
18 36 51.569906 45.486262
18 28 85.462201 67.178866
18 20 72.181470 77.103826
19 98 94.316837 35.128336
19 97 89.784746 16.124515
19 95 66.585092 28.653098
19 94 99.997555 8.062258
19 88 95.323127 6.082763
19 40 89.965957 22.671568
19 37 81.668279 44.384682
19 36 89.996952 31.764760
19 35 63.523463 43.965896
19 27 56.513580 42.449971
19 24 95.842629 28.861739
19 22 98.264995 20.808652
20 73 64.455537 45.694639
20 58 60.099217 104.484449
20 53 62.317229 17.464249
20 40 55.688556 40.459857
20 32 68.240754 24.000000
20 25 86.841099 43.931765
20 22 57.791761 68.963759
21 98 76.125481 24.596748
21 95 56.835627 23.706539
21 74 95.414708 23.021729
21 61 65.815989 27.658633
21 58 81.238992 25.079872
21 45 86.023146 13.000000
21 44 95.764724 20.880613
21 42 51.172954 21.931712
21 38 77.803627 74.060786
21 30 96.833636 9.433981
21 29 71.113499 34.365681
22 91 52.654573 49.477268
22 90 58.124492 9.219544
22 80 93.499260 13.892444
22 79 99.772848 24.331050
22 74 92.891823 31.304952
22 73 62.748794 42.755117
22 70 68.214623 56.462377
23 99 73.595615 2.236068
23 96 72.906569 53.338541
23 94 90.828053 52.153619
23 89 74.415108 48.104054
23 78 54.855448 46.872167
23 75 93.636834 34.928498
23 71 58.722058 33.286634
23 70 81.093781 62.481997
23 56 98.424017 39.051248
23 38 70.069390 39.812058
23 34 68.110862 42.154478
23 31 91.288464 28.017851
23 25 64.459785 31.400637
24 82 95.632110 73.593478
24 65 78.539620 39.357337
24 58 74.715042 65.000000
24 56 81.553786 50.089919
24 48 54.035156 14.212670
24 47 83.981533 20.024984
24 39 77.898700 1.000000
24 36 67.581447 22.000000
24 33 84.851612 19.209373
24 31 81.601020 36.124784
25 85 53.692900 35.227830
25 81 68.394635 25.553865
25 66 69.780372 24.698178
25 60 74.645124 7.211103
25 49 90.048278 29.410882
25 33 63.311442 31.320920
25 32 65.512789 30.364453
25 28 62.152407 33.970576
26 96 76.751810 46.097722
26 93 89.652370 6.708204
26 88 86.946767 52.839379
26 86 71.155127 46.173586
26 85 56.291421 35.114100
26 75 64.151191 60.166436
26 68 74.525989 23.000000
26 56 51.484125 47.885280
26 42 62.322078 11.180340
26 38 68.875064 56.293872
26 29 52.600536 50.960769
26 27 52.160435 16.031220
27 93 77.726258 10.198039
27 84 82.193764 15.033296
27 77 51.791927 5.099020
27 75 93.535154 45.310043
27 72 56.088581 27.586228
27 68 54.488336 7.071068
28 99 93.451482 28.861739
28 97 54.373632 64.350602
28 81 54.488773 58.898217
28 53 57.643543 13.453624
28 46 89.202728 21.840330
28 34 56.263871 69.462220
28 31 95.184353 10.630146
29 99 52.601225 85.005882
29 98 71.330002 13.416408
29 97 97.992154 49.739320
29 96 84.944723 33.734256
29 95 82.669519 28.017851
29 94 72.115272 34.365681
29 84 78.225203 51.244512
29 77 76.494001 54.644304
29 72 62.571112 58.830264
29 65 99.930579 69.007246
29 39 70.527913 38.078866
29 38 70.093174 78.294317
30 98 87.953363 34.000000
30 94 66.876620 57.489129
30 77 88.004824 41.109610
30 70 56.734083 56.435804
30 61 82.951328 32.062439
31 96 95.750016 47.010637
31 77 71.096798 77.524190
31 65 59.922569 21.023796
31 60 96.581267 16.278821
31 58 60.797983 84.023806
31 36 84.156110 14.317821
31 35 76.305745 45.880279
32 89 58.638734 37.443290
32 74 55.867345 91.214034
32 73 54.527622 25.455844
32 65 76.234462 19.209373
32 57 79.609730 8.544004
33 79 75.265062 35.057096
33 65 79.265148 40.224371
33 48 95.108817 24.020824
33 39 74.953176 19.849433
34 75 77.952097 7.280110
34 72 73.280964 21.931712
34 67 82.595062 63.505905
34 63 93.997611 6.324555
34 49 73.301674 72.401657
34 46 73.216014 48.041649
34 40 95.774096 47.539457
34 38 58.621802 3.162278
34 35 87.523284 22.203603
35 83 93.348101 14.560220
35 79 60.592595 40.816663
35 75 92.765887 15.556349
35 73 64.456664 24.041631
35 60 66.433883 40.000000
35 57 57.755468 27.073973
35 55 77.215531 66.007575
35 51 83.890929 89.358827
36 90 71.055570 30.805844
36 64 96.691109 24.839485
36 59 62.195442 15.652476
36 57 92.617869 28.653098
36 48 82.683525 14.212670
36 39 99.837664 23.000000
37 88 82.866865 47.885280
37 79 67.626977 42.201896
37 73 56.757435 26.400758
37 70 84.467099 42.720019
37 68 58.856152 50.537115
37 67 96.410653 75.239617
37 63 68.238287 22.360680
37 56 99.288764 26.000000
37 54 64.304840 66.189123
38 90 98.376502 65.192024
38 83 52.031062 30.675723
38 82 95.896050 15.132746
38 78 51.627184 12.806248
38 75 50.148490 5.000000
38 72 94.014646 19.924859
38 68 98.150463 34.176015
38 63 79.800354 9.486833
38 49 78.897777 69.339743
38 41 54.743827 18.027756
39 97 92.985613 45.122057
39 90 69.523610 9.899495
39 89 57.869903 25.000000
39 81 66.327940 28.000000
39 80 59.591664 4.472136
39 56 78.329238 50.537115
39 55 55.465827 43.081318
39 48 83.951735 15.000000
39 47 55.580957 19.026298
40 73 63.389031 13.601471
40 65 85.655702 12.083046
40 60 83.931629 4.123106
40 58 95.697332 64.031242
40 57 91.603365 23.021729
41 91 84.903025 44.922155
41 88 69.787543 52.554733
41 86 97.641944 1.414214
41 83 74.679565 48.332184
41 78 90.977339 18.681542
41 61 62.469091 38.897301
41 55 85.013557 52.201533
42 84 59.868639 12.083046
42 80 55.872712 74.094534
42 64 89.235256 94.921020
42 58 76.502008 17.204651
43 91 63.537422 6.403124
43 87 83.979472 55.154329
43 82 96.079370 22.472205
43 75 65.171485 19.416488
43 66 87.128005 42.296572
43 65 53.167960 16.552945
44 95 80.872373 5.099020
44 80 60.929946 45.880279
44 79 70.884366 42.638011
44 77 56.469422 23.345235
44 76 93.940486 52.392748
44 68 65.688304 30.413813
44 67 51.832929 8.944272
44 61 63.438178 13.892444
44 58 67.501643 16.278821
44 55 90.250077 7.280110
45 92 61.645225 56.718604
45 84 93.964171 16.552945
45 77 80.981610 25.495098
45 70 79.694499 40.853396
45 67 96.754707 2.236068
45 51 61.142603 14.560220
46 79 78.304019 25.632011
46 59 77.748231 30.265492
46 53 84.860044 20.000000
47 61 81.254248 58.549125
47 56 69.035239 60.827625
47 55 64.672418 39.115214
47 54 50.594920 16.643317
47 50 52.642144 5.656854
48 91 87.259997 33.015148
48 77 82.979176 56.753854
48 72 89.803991 41.303753
48 57 78.301112 36.345564
48 55 86.258313 41.773197
49 89 78.955973 25.553865
49 80 52.974473 6.000000
49 70 53.634262 71.589105
49 64 88.181307 15.231546
50 92 82.621912 13.601471
50 73 55.900575 59.135438
50 54 91.870858 16.401219
50 51 97.894454 46.818800
51 88 85.885019 53.338541
51 75 73.314255 78.057671
51 59 57.266522 63.780875
51 55 60.122460 24.698178
52 85 75.384431 40.224371
52 78 50.895822 19.697716
52 76 91.280791 7.071068
52 72 50.109252 12.041595
52 66 80.372629 39.051248
52 58 83.860404 41.303753
52 57 70.441120 49.193496
53 98 83.534471 88.022724
53 85 55.668637 71.693793
53 65 77.203950 26.870058
53 57 66.771666 16.552945
54 96 96.232416 14.866069
54 80 51.266587 13.601471
54 69 85.900029 28.425341
54 59 79.852659 20.615528
54 58 71.368764 48.259714
54 57 74.879705 58.008620
55 98 95.314214 14.212670
55 93 62.039427 31.144823
55 74 55.555136 23.259407
55 69 88.451976 24.186773
56 85 58.974280 31.622777
56 84 56.416606 47.010637
56 80 65.828223 48.020829
56 75 86.539363 17.464249
56 66 72.529708 27.802878
57 69 71.497138 46.141088
57 65 64.194471 12.649111
57 64 84.157284 53.254108
58 97 66.996028 31.400637
58 83 83.217290 70.830784
58 62 59.720119 3.000000
59 97 76.317383 37.013511
59 95 78.720949 43.600459
59 88 50.191940 15.132746
59 74 91.790733 51.429563
59 69 67.355660 30.016662
59 67 54.906644 56.222771
59 66 84.586961 22.472205
59 62 62.225124 63.694584
60 95 90.786843 54.203321
60 91 74.945023 23.021729
60 90 63.466275 33.060551
60 89 50.117277 24.738634
60 82 63.746261 51.478151
60 80 54.292242 28.442925
60 76 70.696255 50.487622
61 87 59.427855 5.830952
61 77 71.583745 10.295630
61 69 84.317318 29.068884
62 82 57.547607 67.082039
63 78 79.546176 5.099020
63 71 52.200935 30.413813
64 81 56.006522 44.181444
65 83 68.431792 13.453624
65 79 80.951698 21.095023
65 78 59.145755 48.662100
65 73 75.750226 6.708204
66 90 95.155846 22.472205
66 87 65.402320 27.513633
66 85 69.268457 10.630146
66 81 69.306145 1.000000
66 67 77.977482 35.468296
67 97 81.824525 36.674242
67 95 69.733750 12.727922
67 86 77.606046 57.008771
67 80 71.138535 52.773099
67 72 88.575285 43.011626
68 87 83.858602 18.439089
68 86 67.819498 23.345235
68 85 51.409855 34.785054
68 75 90.357063 38.483763
69 97 71.395916 7.280110
69 96 88.555442 13.601471
69 95 53.962838 25.495098
69 94 56.091780 14.764823
69 83 65.085948 39.293765
69 76 88.812233 33.301652
69 73 82.786075 28.178006
69 72 56.109928 15.811388
70 93 96.554323 26.172505
70 85 74.811919 38.587563
70 84 82.767301 31.000000
70 82 79.724227 40.496913
70 77 85.479482 15.524175
71 97 97.191686 16.155494
71 94 55.380138 27.784888
71 87 77.659799 36.674242
71 86 95.061679 34.058773
72 85 72.595320 28.301943
72 81 96.982197 27.802878
73 93 64.905065 65.764732
73 92 87.595319 72.235725
73 83 61.983240 13.341664
73 81 85.878117 33.241540
74 98 95.309465 10.049876
74 96 70.405049 37.215588
74 94 86.285435 38.470768
74 84 82.352872 42.485292
75 92 50.427292 91.400219
75 91 54.654997 24.000000
75 82 89.041852 12.165525
76 94 64.431549 47.423623
76 83 88.839232 34.539832
76 82 80.722046 18.681542
76 77 56.691281 35.355339
77 80 76.711148 60.000000
78 83 51.236512 39.051248
79 97 78.497216 24.515301
79 96 73.307615 16.155494
79 91 95.567632 25.298221
79 88 94.501296 8.246211
79 85 64.364362 26.627054
80 96 79.836455 22.090722
80 95 59.652118 40.853396
80 87 57.736022 50.358713
81 97 90.995170 18.867962
81 96 87.866812 2.000000
81 94 80.400721 4.123106
82 85 87.972701 61.032778
83 96 81.390959 46.010868
83 91 78.284407 7.071068
84 95 54.886666 26.019224
85 98 97.853411 20.396078
85 97 77.622509 19.235384
85 95 60.268576 12.206556
85 92 55.377954 46.615448
86 99 84.317609 59.506302
86 94 74.526158 54.589376
87 93 92.921809 17.720045
88 96 67.864651 8.062258
90 98 95.193405 31.240999
90 97 54.215144 40.718546
90 96 78.642712 20.248457
91 94 70.260030 38.209946
92 98 59.905365 34.713110
92 95 97.035632 48.104054
93 98 97.429508 42.379240
94 96 66.963564 2.236068
94 95 91.220051 25.455844
