100 246
53 0 136.879415 144.668818 147.812271
58 43 109.252249 135.858261 132.958248
70 42 117.102645 121.057353 110.001896
59 24 124.639925 111.521914 114.522359
52 25 93.807499 92.833415 95.204153
56 33 57.616603 56.656410 60.085107
44 22 93.001696 82.054329 52.558349
43 4 96.785389 67.649172 98.617590
49 30 77.142313 58.379543 57.507733
46 13 70.512191 97.068662 57.357869
29 25 54.402868 88.455811 96.084917
40 26 75.478839 67.275571 90.765502
52 14 72.686024 94.504793 90.023813
51 13 52.417433 76.677748 52.646193
37 13 86.002444 82.734740 74.995373
58 12 63.892201 68.587641 52.340812
80 17 98.539111 81.633702 78.499345
69 24 52.004509 64.220616 81.039180
85 29 59.457128 83.172587 89.979911
69 25 86.216741 77.378430 93.472759
67 8 64.210616 85.174001 56.133232
76 14 90.047198 67.240880 75.022996
61 8 70.619960 60.678245 98.401433
85 13 85.070949 69.519496 79.115230
66 17 95.398913 51.373287 83.804642
64 9 65.721195 94.547130 79.222444
52 23 60.624826 56.936948 78.415486
46 6 62.295246 53.851515 86.191936
58 1 61.264261 93.008382 86.304985
50 30 53.767432 88.033580 56.556930
68 2 59.318062 95.546147 83.423234
55 24 58.552451 93.216941 59.722571
61 15 65.685823 74.949449 92.732514
54 21 95.773016 98.531369 80.693618
39 15 72.174249 99.398660 83.962590
38 4 55.410119 55.909057 82.894010
84 59 81.754967 66.982469 62.589026
57 64 84.560320 58.389207 90.795373
59 62 84.663805 97.343801 69.989533
61 47 52.605677 59.612003 71.829263
58 63 67.602867 93.747597 68.965829
82 51 57.874573 69.920275 63.909973
53 11 76.496273 65.327017 70.209636
69 21 84.683232 94.950842 84.513801
55 21 73.577666 80.034025 74.359973
61 12 85.732395 66.482677 85.254631
39 34 90.707243 55.411469 79.264940
58 23 80.951699 61.763503 93.179702
56 28 61.766547 67.406213 54.091586
38 54 75.742910 73.283304 55.277112
64 36 64.769864 75.789189 55.130062
63 39 54.866098 61.108018 96.581563
45 26 59.978556 91.555263 84.523194
50 21 55.215784 59.391903 58.927664
44 26 68.107378 97.433608 63.905600
30 38 69.780607 59.806151 70.844491
40 43 61.553797 68.752093 65.081806
35 44 64.842031 67.164028 67.841063
56 24 99.621607 97.142949 88.756829
61 31 75.754913 71.743361 63.287714
57 49 97.041231 74.978537 81.832462
67 25 93.574089 58.636016 97.722052
76 24 69.407428 91.697835 76.205106
64 31 92.204122 81.678594 89.332639
66 22 86.937700 87.126982 53.407184
62 43 69.184838 55.816368 98.661393
45 42 71.359764 65.050688 96.089689
66 39 69.559345 52.116762 75.956054
65 55 97.039592 91.505664 88.644380
57 56 76.231767 96.186001 61.046928
67 59 92.372728 94.811063 51.693914
64 55 74.881524 87.469402 77.150777
46 29 83.686203 74.489776 69.955630
61 36 53.041243 94.193397 73.136154
72 57 95.348224 66.214848 85.654628
58 34 85.396595 68.404785 64.308860
47 50 74.941706 56.410129 50.323423
43 36 87.333784 74.261388 69.369328
61 37 96.154426 84.782825 73.845200
37 44 85.202998 65.582465 83.894714
60 59 85.164349 80.761860 59.787058
47 43 53.324142 65.916773 77.383667
53 55 61.933566 73.217168 74.400449
37 34 78.204580 79.386898 96.368215
65 28 71.712244 92.256851 99.194014
40 31 58.374267 83.001458 64.601491
56 32 50.080054 56.323390 58.820453
53 39 81.924396 79.322375 62.935572
47 40 93.960782 50.016962 97.204244
35 37 90.397184 66.318875 82.634020
46 41 51.324079 66.683949 54.418082
40 22 65.363416 72.662515 64.737015
60 29 55.259600 94.861950 97.181320
66 41 81.585497 55.077151 68.888872
75 24 52.999902 56.965226 86.401502
80 26 92.250746 70.976546 63.605244
72 16 89.074025 52.031120 50.790213
47 46 78.452396 86.709862 54.475474
49 27 75.299075 96.952382 73.182361
64 18 63.356464 61.910463 66.112845
0 92 146.518929 29.832868
0 84 146.099122 30.463092
0 52 100.594688 27.202941
0 78 140.426022 37.854986
0 44 136.453051 21.095023
0 29 108.291142 30.149627
0 17 147.658873 28.844410
0 12 131.553534 14.035669
0 4 129.864288 25.019992
0 2 158.145605 45.310043
0 3 192.029495 24.738634
1 7 131.133362 41.785165
1 7 138.939903 41.785165
1 6 139.342212 25.238859
1 93 127.241032 8.246211
1 63 130.151805 13.416408
1 53 137.817302 23.409400
1 44 110.388134 22.203603
1 40 108.357580 20.000000
1 2 178.517271 12.041595
1 3 197.588539 19.026298
2 99 109.764992 24.738634
2 49 124.592875 34.176015
2 49 108.872137 34.176015
2 40 124.963658 24.186773
2 61 107.385562 17.262677
2 24 106.918090 25.317978
2 19 148.078856 17.029386
2 88 146.958600 23.086793
2 80 115.727722 19.723083
2 69 127.183394 19.104973
2 3 150.107857 21.095023
3 24 116.532761 9.899495
3 4 135.601006 7.071068
3 70 137.299768 35.902646
3 88 143.203321 20.000000
3 95 123.710140 21.095023
4 5 70.322411 8.944272
4 7 76.243515 22.847319
5 6 72.853668 16.278821
6 7 81.996116 18.027756
8 9 85.785239 17.262677
8 11 70.182443 9.848858
9 10 69.835933 20.808652
9 12 78.444939 6.082763
9 14 84.705468 9.000000
10 12 65.066903 25.495098
10 14 89.261713 14.422205
10 15 50.344299 31.780497
11 12 56.304236 16.970563
11 13 85.403385 17.029386
11 15 94.751514 22.803509
12 13 56.848690 1.414214
12 14 50.830582 15.033296
12 15 77.897603 6.324555
13 14 95.057539 14.000000
13 15 71.369458 7.071068
15 93 82.830892 30.083218
16 18 91.420046 13.000000
16 19 79.702967 13.601471
16 20 72.717229 15.811388
16 24 87.113352 14.000000
16 25 83.331402 17.888544
17 18 51.112742 16.763055
17 20 75.975035 16.124515
17 23 76.892675 19.416488
17 24 95.900006 7.615773
17 25 57.429247 15.811388
17 26 96.998103 17.029386
18 35 91.662431 53.235327
18 19 57.599621 16.492423
18 21 50.563156 17.492856
18 22 56.645068 31.890437
18 23 54.600112 16.000000
18 24 87.037709 22.472205
18 26 73.899624 33.541020
19 20 64.428095 17.117243
19 21 77.962877 13.038405
19 22 66.791866 18.788294
19 23 79.762748 20.000000
19 24 51.894687 8.544004
19 25 71.979046 16.763055
20 21 78.245022 10.816654
20 22 67.984724 6.000000
20 23 74.936580 18.681542
20 25 67.268577 3.162278
20 26 98.021610 21.213203
22 98 63.942105 22.472205
22 23 94.212315 24.515301
22 24 67.629116 10.295630
23 24 64.614285 19.416488
23 26 73.529587 34.481879
24 26 59.937337 15.231546
27 30 61.909600 22.360680
27 32 76.151311 17.492856
27 33 97.147055 17.000000
27 34 61.158441 11.401754
27 35 78.009114 8.246211
28 31 67.143445 23.194827
28 33 64.453801 20.396078
29 30 95.145780 33.286634
29 33 76.600735 9.848858
29 34 75.853975 18.601075
30 93 90.093976 39.051248
30 34 52.651988 31.780497
30 35 96.269166 30.066593
31 33 61.998710 3.162278
32 59 79.480227 16.000000
32 33 61.419418 9.219544
32 35 75.412582 25.495098
33 35 92.967510 23.345235
36 38 79.678613 25.179357
36 41 55.740367 8.246211
37 40 77.962099 1.414214
37 41 99.129407 28.178006
38 39 57.015859 15.132746
38 40 99.121855 1.414214
42 83 68.527694 28.017851
42 43 91.423909 18.867962
42 44 97.052411 10.198039
42 45 84.721014 8.062258
42 47 55.958923 13.000000
43 44 95.769114 14.000000
43 47 88.446376 11.180340
43 48 74.219759 14.764823
44 45 69.659645 10.816654
45 46 50.160374 31.112698
45 47 78.370572 11.401754
46 48 85.368799 18.027756
47 79 60.910784 29.698485
47 48 94.355110 5.385165
49 50 73.584035 31.622777
49 53 62.943029 35.114100
49 56 92.758427 11.180340
49 58 74.674416 34.985711
50 80 64.375317 23.345235
50 52 72.777984 21.470911
50 56 97.386786 25.000000
51 53 96.791575 22.203603
51 54 74.244503 23.021729
51 55 56.394690 33.015148
51 56 53.955185 23.345235
51 57 73.319860 28.442925
51 58 69.628440 16.552945
52 54 64.903089 1.000000
52 56 82.629819 17.720045
52 57 99.472887 20.591260
52 58 60.861952 11.180340
53 54 99.887571 7.810250
53 55 51.449009 26.248809
53 58 72.675621 6.708204
54 55 59.438034 18.439089
54 57 59.089236 20.124612
54 58 79.548517 12.165525
55 58 92.715086 29.529646
56 57 99.642789 5.099020
56 58 87.803031 24.839485
59 60 90.457903 18.439089
59 61 69.334778 8.485281
59 63 87.574169 3.000000
59 65 52.524599 12.041595
60 63 55.371800 19.313208
60 66 55.323296 13.892444
60 67 64.034462 13.453624
61 63 94.931836 6.708204
61 64 93.913190 3.162278
61 66 62.753112 27.802878
61 67 71.760130 14.035669
62 64 57.925887 10.198039
62 65 98.897859 23.600847
62 66 79.288269 35.846897
62 67 84.098563 18.027756
63 65 72.394315 12.165525
63 66 99.424342 21.954498
63 67 68.250291 8.246211
65 67 96.740166 5.656854
66 67 60.234596 21.213203
68 71 59.119322 1.000000
68 72 77.514190 32.202484
68 74 82.108013 7.280110
69 70 61.301712 10.440307
69 71 97.692122 7.071068
69 72 80.059987 29.154759
69 73 77.025226 20.396078
69 74 65.678183 15.033296
69 75 69.259507 22.022716
70 71 71.643817 5.000000
70 73 98.674543 23.769729
70 75 87.704285 26.570661
70 76 55.391870 21.931712
71 73 81.795441 19.235384
71 75 59.017583 21.840330
71 76 66.177383 17.720045
73 74 56.733335 23.706539
73 75 67.269683 3.605551
74 76 85.317736 25.961510
75 76 75.461192 19.416488
77 79 95.883779 10.000000
77 82 99.277058 21.470911
77 83 54.162732 6.324555
78 79 56.183113 25.000000
78 81 98.419571 15.231546
78 83 53.728254 24.186773
78 85 50.550750 21.840330
78 86 77.361361 7.071068
79 82 62.589640 19.416488
79 83 94.365760 10.000000
79 86 93.696537 22.472205
80 81 93.373952 20.615528
80 84 57.329003 31.400637
80 85 94.371311 34.409301
81 82 67.869221 13.416408
81 83 53.632314 13.453624
81 84 91.235074 23.430749
82 83 52.508741 26.400758
82 84 67.878413 29.546573
82 85 90.290722 27.294688
82 86 62.028193 23.194827
83 85 79.953836 4.242641
83 86 96.141451 19.104973
84 85 98.214365 25.179357
84 86 81.179690 9.848858
85 86 52.590838 16.031220
87 88 89.155681 6.082763
87 89 93.113939 18.110770
87 90 53.917390 7.280110
87 91 86.601608 21.400935
88 90 92.995986 1.414214
89 90 92.205677 11.704700
89 91 57.095185 15.811388
90 91 84.498059 19.924859
92 93 93.716301 13.416408
92 97 70.660410 21.400935
92 99 73.900755 11.704700
93 95 73.337644 20.518285
93 98 85.897049 22.022716
93 99 99.359537 23.086793
94 95 71.498205 5.385165
94 96 59.739621 8.544004
94 97 72.853815 35.608988
94 99 76.743475 12.529964
95 96 63.892266 12.806248
95 97 50.187381 38.587563
95 98 79.654346 31.016125
96 97 99.552973 39.051248
98 99 67.699762 17.492856
