100 570
33 42 79.590153 69.602311 60.721120
99 19 81.745423 59.091678 65.163245
12 84 91.823690 57.564060 70.254886
68 84 89.130876 63.963481 84.663407
72 31 62.999375 55.357727 60.096837
49 76 62.298417 74.804143 71.644362
64 36 84.496225 53.295958 65.567479
80 33 71.445326 63.847057 52.811395
60 77 83.906749 90.298884 73.971857
93 65 94.788842 98.617751 85.048081
59 99 61.477965 66.373379 57.684794
89 51 70.774302 65.602239 61.184437
53 61 55.992881 59.941253 84.981976
79 31 96.154024 78.620328 99.155253
32 3 58.595300 90.545887 58.672170
69 98 88.317354 51.078780 83.907815
84 73 67.570111 74.872171 75.928452
99 45 79.260981 84.144779 82.404943
58 37 91.733916 86.136615 72.874532
48 47 91.977973 85.828240 51.018547
5 93 75.504884 81.455779 99.903375
94 22 57.504919 51.116248 95.529730
65 59 96.161129 82.092238 64.018079
3 55 77.271136 96.129863 94.262356
55 75 55.000543 82.676667 53.703376
34 60 64.423315 64.268065 57.496090
75 7 83.854413 79.975401 56.824317
59 6 80.895569 77.646289 85.876605
11 85 93.108174 50.120492 50.320177
89 56 80.015520 72.034815 66.818201
99 14 63.861246 51.305642 81.324880
19 78 95.423433 98.098407 98.804648
5 69 74.409417 93.099493 78.781740
43 90 66.918208 98.672588 82.749235
19 16 64.222952 51.849545 94.799046
6 34 94.006390 91.379196 61.785293
33 75 65.595753 97.773908 70.622515
7 30 74.045644 57.200779 62.178739
20 19 96.664006 85.295777 78.693199
56 75 99.349777 62.806475 87.703145
31 62 99.047110 92.250708 97.350820
30 4 53.638949 90.779954 87.176711
85 2 96.855968 66.046152 72.770729
13 42 81.641226 84.207723 94.570323
74 28 95.423984 69.055779 53.195552
81 22 59.891570 80.843305 95.073876
17 64 51.621356 68.131448 73.911805
75 74 71.853907 98.498330 50.718682
44 66 59.552333 61.486649 87.580940
58 77 82.332313 87.225157 68.855738
79 70 54.142199 99.084833 50.269070
95 26 54.973782 71.190215 68.706294
30 17 83.822000 85.265839 53.144092
1 76 68.712852 62.082107 88.664235
66 60 70.102679 96.521333 50.846504
72 35 98.731754 65.537156 51.626582
33 30 76.927631 70.060669 73.737408
8 61 75.128146 84.860001 71.132779
71 12 81.777446 60.834972 87.277469
47 68 52.573747 70.281103 80.216699
30 66 57.164712 86.872711 69.066380
67 16 99.719799 61.141145 54.349876
71 9 56.251339 54.532377 80.910606
17 10 98.990290 86.968128 88.479212
52 91 65.018619 77.251816 73.135047
20 57 55.563132 55.322001 84.001819
55 47 91.974018 59.875293 62.460646
82 24 87.406622 92.478951 63.215584
52 7 99.919704 78.761298 60.665561
48 38 76.884378 54.416935 67.661479
43 7 53.632625 80.424917 85.889106
31 37 52.296939 71.736091 52.888182
39 25 56.178643 95.720527 69.722246
23 51 78.724360 70.290452 91.289881
93 45 77.153587 71.868384 80.511426
17 23 83.884944 81.045669 66.172240
23 16 74.489323 81.952906 74.125824
58 11 89.271425 62.293226 68.241727
12 9 72.941443 77.222758 52.585504
41 55 51.318657 69.486094 75.270265
58 71 50.834703 97.578085 78.337419
56 47 91.946884 96.367547 99.694811
5 21 60.594235 76.549136 56.336770
10 48 97.716150 79.036210 75.632265
74 7 86.420650 78.312518 53.031340
63 40 83.956858 98.716440 78.023105
29 3 74.116557 91.323527 70.635815
64 21 82.071179 81.552952 92.210665
49 53 89.608320 59.042126 60.764359
36 90 82.769965 98.482109 82.584827
63 68 92.414470 67.276811 63.301421
17 47 65.581231 76.644276 58.775004
90 78 68.775421 97.831340 86.038033
69 4 68.479441 64.833359 65.617659
55 51 79.565729 80.620125 62.480928
73 33 62.375001 62.796254 67.930457
56 49 77.850913 77.066171 86.555218
46 31 60.390842 65.333504 71.141397
83 44 79.760204 62.829078 86.438943
4 57 53.637707 86.459813 85.808893
0 96 31.771500 24.041631
0 90 43.389238 39.698866
0 82 45.806593 35.000000
0 71 40.527191 5.385165
0 70 35.489586 36.400549
0 69 25.542276 15.524175
0 61 41.993582 42.801869
0 59 34.359337 29.529646
0 49 37.676936 43.011626
0 37 29.964168 28.635642
0 22 35.574427 36.235342
1 84 33.017409 27.730849
1 77 34.683399 41.773197
1 74 39.227009 26.683328
1 72 35.067346 60.299254
1 56 48.023951 66.910388
1 51 39.479830 8.062258
1 42 27.482205 22.022716
1 21 23.796946 5.830952
1 11 30.238079 33.526109
2 96 25.159505 56.222771
2 73 36.994970 34.785054
2 66 48.003749 56.727418
2 65 45.752574 28.160256
2 58 47.489832 93.085982
2 20 33.109347 11.401754
3 96 33.605115 37.000000
3 94 34.077938 35.468296
3 90 48.346170 16.763055
3 89 48.432298 32.557641
3 73 49.629459 55.803226
3 66 21.637527 39.217343
3 59 38.304577 26.400758
3 50 44.422908 17.804494
3 25 34.137481 41.617304
3 16 31.266319 19.416488
3 6 40.723298 48.166378
4 88 29.604601 31.827661
4 87 34.530780 12.806248
4 85 48.454645 12.727922
4 77 49.758855 24.413111
4 66 38.911408 23.345235
4 65 24.575198 58.137767
4 62 43.525158 22.022716
4 50 35.577310 39.623226
4 26 20.370432 24.186773
4 22 47.040181 28.861739
4 7 27.645280 8.246211
4 6 35.619643 9.433981
5 93 30.597295 74.726167
5 79 47.710177 22.472205
5 39 44.124284 7.071068
5 35 38.479600 60.108236
5 31 36.315074 30.066593
5 24 24.763921 6.082763
5 16 28.245891 35.128336
5 12 32.355807 15.524175
5 8 48.929305 11.045361
5 7 42.715488 53.009433
6 98 46.315092 20.615528
6 85 44.259760 4.123106
6 73 40.956165 43.657760
6 72 44.566319 27.313001
6 69 47.454613 16.124515
6 61 41.058109 20.223748
6 58 48.542967 25.000000
6 56 26.906965 31.575307
6 55 45.398589 8.062258
6 54 31.754523 24.083189
6 50 30.016090 37.161808
6 45 25.280826 22.022716
6 42 31.037609 39.962482
6 36 26.794027 49.819675
6 22 41.544398 23.021729
6 7 25.256553 16.278821
7 95 26.737267 7.000000
7 93 44.253611 31.016125
7 77 38.869807 31.112698
7 74 43.491242 17.691806
7 55 34.651370 8.246211
7 54 38.744813 30.413813
7 44 48.608423 7.810250
7 37 38.716148 73.061618
7 27 29.691474 34.205263
7 25 28.730591 53.338541
7 24 32.559112 48.877398
7 10 21.800048 69.260378
8 98 21.841086 40.224371
8 90 29.091320 9.486833
8 88 46.828046 26.400758
8 80 48.721088 6.324555
8 60 24.924801 31.953091
8 59 31.364128 15.811388
8 55 31.637737 43.680659
8 39 35.045251 4.472136
8 36 42.353279 27.073973
9 85 49.494041 39.051248
9 79 40.090228 52.952809
9 60 46.716816 63.007936
9 55 49.015094 36.619667
9 28 27.455094 84.403791
9 12 29.505064 40.199502
9 11 20.553426 14.560220
9 10 39.659859 48.083261
10 83 44.844017 70.724819
10 80 43.974033 28.017851
10 65 47.769990 57.314920
10 64 43.583691 10.630146
10 59 41.708963 33.241540
10 49 36.363551 22.022716
10 28 28.860073 50.000000
10 22 23.381274 40.447497
10 16 35.543632 36.069378
11 92 20.921390 27.018512
11 81 27.879696 33.241540
11 61 38.015871 41.340053
11 53 47.969028 91.482239
11 50 24.101299 21.470911
11 49 32.683255 40.459857
11 48 23.489848 47.434165
11 29 25.686132 5.000000
11 26 44.119602 46.173586
11 24 39.878420 41.617304
11 19 22.245633 41.194660
11 17 45.730465 11.661904
12 80 45.428136 11.180340
12 59 38.582713 9.219544
12 32 33.260501 48.662100
12 28 33.890572 48.373546
12 22 43.065666 12.165525
13 96 48.580411 29.206164
13 95 20.221665 6.324555
13 90 20.625807 40.311289
13 87 36.050216 18.027756
13 74 32.585221 19.798990
13 70 47.142643 43.266615
13 67 40.003866 7.615773
13 62 38.686879 23.409400
13 59 29.501099 48.918299
13 55 30.319365 8.062258
13 51 22.894479 16.763055
13 48 43.397002 49.497475
13 45 26.256184 9.219544
13 26 30.659708 24.331050
14 82 23.688936 32.449961
14 70 29.693813 11.704700
14 68 45.929704 20.396078
14 65 41.516063 55.317267
14 63 30.656396 16.552945
14 61 26.008288 37.336309
14 44 31.412012 48.877398
14 18 41.195521 42.801869
15 86 46.320863 103.077641
15 79 27.535532 51.312766
15 50 27.342870 29.732137
15 49 40.067465 23.706539
15 48 21.195670 40.607881
15 40 36.052148 52.345009
15 36 29.538300 42.720019
16 90 49.652829 21.587033
16 80 37.996240 26.076810
16 74 25.378200 29.410882
16 60 29.688605 54.451814
16 59 39.185684 37.336309
16 54 36.877535 22.203603
16 50 26.441652 5.830952
16 40 39.765838 54.129474
16 39 33.388295 28.071338
16 29 45.760722 17.720045
17 96 49.271207 43.185646
17 92 24.560737 34.205263
17 85 47.288329 36.345564
17 74 23.525795 6.000000
17 45 45.801068 29.206164
17 30 29.863367 31.000000
18 97 36.191946 13.416408
18 96 39.773082 12.165525
18 94 47.267082 14.317821
18 92 22.418754 52.009614
18 81 22.918569 10.198039
18 79 44.824090 24.758837
18 77 28.643016 26.000000
18 59 26.593588 32.893768
18 56 28.687842 25.961510
18 55 42.053233 14.142136
18 41 49.190432 43.278170
18 40 26.406576 36.796739
18 36 47.797873 45.486262
18 28 41.249314 67.178866
18 20 27.368818 77.103826
19 98 26.292015 35.128336
19 97 41.331491 16.124515
19 95 23.073593 28.653098
19 94 37.663918 8.062258
19 88 49.305104 6.082763
19 40 37.083767 22.671568
19 37 43.071502 44.384682
19 36 45.254575 31.764760
19 35 42.082351 43.965896
19 27 29.282507 42.449971
19 24 43.886817 28.861739
19 22 46.689248 20.808652
20 73 36.645971 45.694639
20 58 24.080672 104.484449
20 53 21.128659 17.464249
20 40 37.051441 40.459857
20 32 21.892964 24.000000
20 25 36.720322 43.931765
20 22 34.996378 68.963759
21 98 39.894450 24.596748
21 95 25.549818 23.706539
21 74 48.665672 23.021729
21 61 45.720650 27.658633
21 58 39.763158 25.079872
21 45 29.147677 13.000000
21 44 28.910792 20.880613
21 42 46.111051 21.931712
21 38 45.980959 74.060786
21 30 29.699243 9.433981
21 29 27.219459 34.365681
22 91 42.016471 49.477268
22 90 21.184360 9.219544
22 80 25.185631 13.892444
22 79 29.686168 24.331050
22 74 30.834847 31.304952
22 73 24.668577 42.755117
22 70 27.519314 56.462377
23 99 33.006761 2.236068
23 96 46.045088 53.338541
23 94 40.981668 52.153619
23 89 46.340104 48.104054
23 78 36.204633 46.872167
23 75 37.078739 34.928498
23 71 46.197727 33.286634
23 70 45.400563 62.481997
23 56 48.292851 39.051248
23 38 46.763905 39.812058
23 34 40.971481 42.154478
23 31 41.300724 28.017851
23 25 38.548348 31.400637
24 82 34.637264 73.593478
24 65 25.518819 39.357337
24 58 47.007838 65.000000
24 56 26.904896 50.089919
24 48 49.148910 14.212670
24 47 20.854851 20.024984
24 39 47.679984 1.000000
24 36 21.901276 22.000000
24 33 22.113491 19.209373
24 31 41.558203 36.124784
25 85 47.161572 35.227830
25 81 49.676253 25.553865
25 66 22.712758 24.698178
25 60 31.524334 7.211103
25 49 34.643541 29.410882
25 33 37.998657 31.320920
25 32 27.856359 30.364453
25 28 28.272287 33.970576
26 96 25.505833 46.097722
26 93 45.867157 6.708204
26 88 24.311980 52.839379
26 86 36.825937 46.173586
26 85 21.598925 35.114100
26 75 21.607962 60.166436
26 68 34.970484 23.000000
26 56 31.995463 47.885280
26 42 49.739641 11.180340
26 38 38.869132 56.293872
26 29 25.949615 50.960769
26 27 42.583860 16.031220
27 93 35.227696 10.198039
27 84 29.721665 15.033296
27 77 21.116876 5.099020
27 75 29.885183 45.310043
27 72 28.489785 27.586228
27 68 24.253298 7.071068
28 99 41.632814 28.861739
28 97 20.872920 64.350602
28 81 24.178936 58.898217
28 53 20.965002 13.453624
28 46 24.503816 21.840330
28 34 27.744671 69.462220
28 31 48.085550 10.630146
29 99 33.318359 85.005882
29 98 45.256994 13.416408
29 97 47.075164 49.739320
29 96 26.536173 33.734256
29 95 47.205644 28.017851
29 94 27.139830 34.365681
29 84 26.944883 51.244512
29 77 37.127141 54.644304
29 72 28.785018 58.830264
29 65 34.098905 69.007246
29 39 49.788753 38.078866
29 38 33.962734 78.294317
30 98 38.162565 34.000000
30 94 45.276022 57.489129
30 77 43.571542 41.109610
30 70 32.846487 56.435804
30 61 29.993555 32.062439
31 96 32.336628 47.010637
31 77 38.966101 77.524190
31 65 39.982518 21.023796
31 60 33.603624 16.278821
31 58 35.985233 84.023806
31 36 38.461352 14.317821
31 35 31.387439 45.880279
32 89 37.056283 37.443290
32 74 26.363549 91.214034
32 73 36.895568 25.455844
32 65 25.235968 19.209373
32 57 39.559337 8.544004
33 79 24.138841 35.057096
33 65 36.492831 40.224371
33 48 43.467695 24.020824
33 39 29.023643 19.849433
34 75 30.856932 7.280110
34 72 25.181718 21.931712
34 67 24.166109 63.505905
34 63 43.872109 6.324555
34 49 35.491703 72.401657
34 46 28.346035 48.041649
34 40 42.881807 47.539457
34 38 40.013404 3.162278
34 35 21.120707 22.203603
35 83 26.648900 14.560220
35 79 36.839945 40.816663
35 75 20.875969 15.556349
35 73 24.255768 24.041631
35 60 44.545436 40.000000
35 57 44.216056 27.073973
35 55 49.464773 66.007575
35 51 41.274749 89.358827
36 90 24.014359 30.805844
36 64 45.650930 24.839485
36 59 34.335761 15.652476
36 57 38.596170 28.653098
36 48 39.566523 14.212670
36 39 46.450527 23.000000
37 88 25.928676 47.885280
37 79 47.044113 42.201896
37 73 29.094859 26.400758
37 70 31.751590 42.720019
37 68 33.429185 50.537115
37 67 25.745899 75.239617
37 63 31.704350 22.360680
37 56 41.769156 26.000000
37 54 21.961065 66.189123
38 90 48.527368 65.192024
38 83 31.217494 30.675723
38 82 49.068090 15.132746
38 78 34.560839 12.806248
38 75 46.420634 5.000000
38 72 35.450333 19.924859
38 68 49.545573 34.176015
38 63 26.225026 9.486833
38 49 48.536976 69.339743
38 41 39.885497 18.027756
39 97 25.317988 45.122057
39 90 33.029326 9.899495
39 89 32.053767 25.000000
39 81 37.652890 28.000000
39 80 32.810826 4.472136
39 56 28.135589 50.537115
39 55 22.284838 43.081318
39 48 37.043145 15.000000
39 47 35.452778 19.026298
40 73 48.783522 13.601471
40 65 21.270963 12.083046
40 60 37.784960 4.123106
40 58 44.506221 64.031242
40 57 20.487091 23.021729
41 91 22.823120 44.922155
41 88 37.208136 52.554733
41 86 39.722169 1.414214
41 83 27.544784 48.332184
41 78 36.777659 18.681542
41 61 27.088683 38.897301
41 55 44.037613 52.201533
42 84 27.409542 12.083046
42 80 35.238485 74.094534
42 64 28.769404 94.921020
42 58 39.799227 17.204651
43 91 33.203973 6.403124
43 87 26.486149 55.154329
43 82 32.052990 22.472205
43 75 39.306859 19.416488
43 66 40.345028 42.296572
43 65 24.278092 16.552945
44 95 34.901634 5.099020
44 80 45.486901 45.880279
44 79 30.839637 42.638011
44 77 32.633929 23.345235
44 76 20.088474 52.392748
44 68 23.808618 30.413813
44 67 48.408776 8.944272
44 61 48.629959 13.892444
44 58 41.616716 16.278821
44 55 39.813927 7.280110
45 92 28.519431 56.718604
45 84 34.852900 16.552945
45 77 30.004718 25.495098
45 70 39.360933 40.853396
45 67 22.020294 2.236068
45 51 26.862739 14.560220
46 79 41.522793 25.632011
46 59 47.446398 30.265492
46 53 23.194443 20.000000
47 61 47.485114 58.549125
47 56 30.728760 60.827625
47 55 41.711692 39.115214
47 54 29.960555 16.643317
47 50 45.747854 5.656854
48 91 23.867855 33.015148
48 77 48.582871 56.753854
48 72 44.819495 41.303753
48 57 42.589967 36.345564
48 55 24.073358 41.773197
49 89 39.523639 25.553865
49 80 37.512364 6.000000
49 70 28.182307 71.589105
49 64 44.481103 15.231546
50 92 49.597797 13.601471
50 73 24.583026 59.135438
50 54 44.415135 16.401219
50 51 42.776598 46.818800
51 88 27.247854 53.338541
51 75 41.191261 78.057671
51 59 21.979367 63.780875
51 55 35.801684 24.698178
52 85 33.920149 40.224371
52 78 44.082510 19.697716
52 76 42.400885 7.071068
52 72 46.817647 12.041595
52 66 40.413319 39.051248
52 58 49.533943 41.303753
52 57 39.856153 49.193496
53 98 22.513059 88.022724
53 85 40.905488 71.693793
53 65 46.679480 26.870058
53 57 25.297618 16.552945
54 96 27.949000 14.866069
54 80 24.126229 13.601471
54 69 26.877030 28.425341
54 59 38.070167 20.615528
54 58 37.220164 48.259714
54 57 24.591267 58.008620
55 98 36.906686 14.212670
55 93 45.205013 31.144823
55 74 32.462473 23.259407
55 69 39.105174 24.186773
56 85 25.041275 31.622777
56 84 32.445794 47.010637
56 80 29.647044 48.020829
56 75 43.633477 17.464249
56 66 30.034855 27.802878
57 69 26.887968 46.141088
57 65 46.459780 12.649111
57 64 34.452040 53.254108
58 97 40.368066 31.400637
58 83 29.601012 70.830784
58 62 27.523966 3.000000
59 97 25.908366 37.013511
59 95 44.895149 43.600459
59 88 34.794499 15.132746
59 74 24.655328 51.429563
59 69 43.897016 30.016662
59 67 24.647130 56.222771
59 66 47.098634 22.472205
59 62 40.263503 63.694584
60 95 38.303413 54.203321
60 91 21.275137 23.021729
60 90 23.489768 33.060551
60 89 37.067080 24.738634
60 82 39.328202 51.478151
60 80 27.248248 28.442925
60 76 38.536459 50.487622
61 87 20.871807 5.830952
61 77 47.767708 10.295630
61 69 37.401610 29.068884
62 82 39.136855 67.082039
63 78 23.753804 5.099020
63 71 23.730599 30.413813
64 81 24.138390 44.181444
65 83 23.635673 13.453624
65 79 27.284068 21.095023
65 78 22.634367 48.662100
65 73 39.890174 6.708204
66 90 38.707267 22.472205
66 87 32.037038 27.513633
66 85 37.504948 10.630146
66 81 33.170541 1.000000
66 67 31.636618 35.468296
67 97 37.212711 36.674242
67 95 33.403866 12.727922
67 86 37.813724 57.008771
67 80 44.166117 52.773099
67 72 30.804166 43.011626
68 87 25.331886 18.439089
68 86 40.625778 23.345235
68 85 39.081480 34.785054
68 75 33.138177 38.483763
69 97 44.938158 7.280110
69 96 29.749947 13.601471
69 95 35.294744 25.495098
69 94 47.719657 14.764823
69 83 26.092108 39.293765
69 76 27.938214 33.301652
69 73 25.955047 28.178006
69 72 26.649596 15.811388
70 93 41.129886 26.172505
70 85 42.515054 38.587563
70 84 37.890044 31.000000
70 82 46.336599 40.496913
70 77 23.331071 15.524175
71 97 34.084194 16.155494
71 94 44.896674 27.784888
71 87 26.282244 36.674242
71 86 26.054270 34.058773
72 85 22.428404 28.301943
72 81 29.896175 27.802878
73 93 29.066614 65.764732
73 92 42.268956 72.235725
73 83 36.488089 13.341664
73 81 48.035490 33.241540
74 98 38.406284 10.049876
74 96 21.415137 37.215588
74 94 34.647173 38.470768
74 84 42.993640 42.485292
75 92 27.056644 91.400219
75 91 24.797013 24.000000
75 82 28.605938 12.165525
76 94 49.547121 47.423623
76 83 25.994071 34.539832
76 82 39.858225 18.681542
76 77 21.103824 35.355339
77 80 34.350729 60.000000
78 83 44.952542 39.051248
79 97 27.720691 24.515301
79 96 23.181431 16.155494
79 91 49.096609 25.298221
79 88 30.867238 8.246211
79 85 25.679842 26.627054
80 96 24.357715 22.090722
80 95 30.050512 40.853396
80 87 23.544692 50.358713
81 97 41.555400 18.867962
81 96 37.992431 2.000000
81 94 47.449333 4.123106
82 85 42.352857 61.032778
83 96 38.226978 46.010868
83 91 28.868536 7.071068
84 95 37.234028 26.019224
85 98 27.844590 20.396078
85 97 24.761745 19.235384
85 95 46.649796 12.206556
85 92 39.885120 46.615448
86 99 40.624655 59.506302
86 94 27.625720 54.589376
87 93 38.171526 17.720045
88 96 23.752101 8.062258
90 98 39.459252 31.240999
90 97 29.893035 40.718546
90 96 28.006543 20.248457
91 94 36.270100 38.209946
92 98 27.267417 34.713110
92 95 42.416648 48.104054
93 98 42.004583 42.379240
94 96 33.648308 2.236068
94 95 49.594212 25.455844
