25166     	1.0                 	131.876969          	194.45367900000002  	0.678192203295881   	0.012903543829075315	0.002970960782076224
25208     	0.6666666666666666  	363.34246499999995  	590.263854          	0.6155594020161701  	0.01713688781473029 	0.0038697371668740717
25250     	0.6                 	398.15405799999996  	631.809062          	0.6301809865462169  	0.019005244463324692	0.00411657086470108 
25270     	0.6666666666666666  	662.317094          	1107.563582         	0.5979946476788364  	0.027492454086764276	0.006287563425793556
25291     	0.7142857142857143  	754.990993          	1259.255612         	0.5995534074300397  	0.0344642223984019  	0.008304240183857111
25312     	0.75                	949.449841          	1485.601718         	0.639101200204724   	0.04249339516115301 	0.010165165947604889
25333     	0.7777777777777778  	1443.667928         	2189.8556679999997  	0.65925254759758    	0.05377173715831334 	0.012691278219367781
25458     	0.5333333333333333  	1612.178726         	2433.0759419999995  	0.6626092914612365  	0.04280252243340245 	0.010037375291743821
25541     	0.47368421052631576 	1771.004192         	2633.4257909999997  	0.6725096253148986  	0.04285756928283447 	0.009918959269589737
25583     	0.47619047619047616 	1990.9955380000001  	2966.7250329999997  	0.6711088880342488  	0.04779632193621301 	0.01105335455410866 
25604     	0.5                 	2075.142273         	3079.8027019999995  	0.6737906527753934  	0.0545484613694123  	0.012597398130019722
25666     	0.48                	2572.9112569999998  	3852.4611809999997  	0.6678616957101015  	0.057503637512077266	0.013369181500746013
25687     	0.5                 	2978.388508         	4601.0632399999995  	0.6473261402075404  	0.06528629423999144 	0.015605574471033948
25729     	0.5                 	3129.513166         	4827.795107         	0.6482282484321679  	0.0703838391824239  	0.01715455169228467 
25875     	0.42857142857142855 	3274.769451         	4990.689157         	0.6561758001711586  	0.06288488054764002 	0.015565623572534269
25895     	0.4444444444444444  	3450.814443         	5237.436243         	0.65887474002421    	0.06804781563834389 	0.01700676759195609 
26044     	0.40476190476190477 	3928.4202760000003  	5876.817412         	0.6684604949574363  	0.06317368710770663 	0.01568617922735915 
26088     	0.4090909090909091  	4015.1700600000004  	5989.758541         	0.670339218603904   	0.06509022440514013 	0.016075429233597734
26133     	0.41304347826086957 	4147.414307         	6137.12735          	0.6757908171809406  	0.06717811551276243 	0.01645297769398925 
26155     	0.425531914893617   	4303.983345         	6407.609979999999   	0.671698708010315   	0.07084251490557138 	0.017254599572650204
26177     	0.4375              	4805.284183         	7264.219171999999   	0.6615004406147343  	0.0749366910648444  	0.018281027890196963
26222     	0.44                	4892.816460999999   	7351.751449999999   	0.6655307234305371  	0.07741242506333934 	0.018904057664606448
26244     	0.45098039215686275 	5304.7845879999995  	7969.642537999999   	0.6656239050504827  	0.08183396721732888 	0.020050501300061613
26288     	0.4528301886792453  	5537.136307999999   	8304.114582999999   	0.6667943045168842  	0.0848183021280892  	0.020847125149882555
26466     	0.4098360655737705  	5813.033340999999   	8779.694832999998   	0.6620997029590039  	0.07919791809798783 	0.019555198059327216
26600     	0.3880597014925373  	5900.905333999999   	8914.548947999998   	0.661940987527348   	0.07718833140176445 	0.01915249484539251 
26644     	0.391304347826087   	5996.072450999999   	9037.719920999998   	0.6634496868029244  	0.08004245250665387 	0.01992352044665206 
26777     	0.37333333333333335 	6263.4519709999995  	9506.540127999999   	0.6588571537769036  	0.0784269657913662  	0.019618609754849733
26977     	0.34523809523809523 	6344.471737999999   	9600.607495999999   	0.6608406541610375  	0.07342969188114067 	0.01841391729113411 
27044     	0.3488372093023256  	6804.503610999999   	10237.104103999998  	0.6646902817312602  	0.07501989449285038 	0.01884055523283395 
27133     	0.34444444444444444 	7052.111365999999   	10574.603642999999  	0.6668913184909998  	0.07504914285379223 	0.018861724850884328
27155     	0.3516483516483517  	7460.748208999999   	11203.676418        	0.6659196437531386  	0.07789662720948208 	0.01961149122870637 
27177     	0.358695652173913   	7634.083627999999   	11394.602508999998  	0.6699736670910843  	0.08088543935910301 	0.02036182963341388 
27200     	0.3655913978494624  	7959.214897999999   	11822.991784999998  	0.673198040118574   	0.08394251677604705 	0.021146575735103246
27355     	0.35                	8089.789099         	11976.467053999999  	0.6754737488546846  	0.08171193341737187 	0.020618855957868568
27466     	0.34285714285714286 	8358.53877          	12346.397621999999  	0.6770022338423599  	0.08047533201228982 	0.020337653296590458
27555     	0.3394495412844037  	8600.194773         	12684.724083        	0.677996203679821   	0.08019279692479578 	0.020293979695203815
27622     	0.3392857142857143  	8845.033737         	13020.019815        	0.6793410350120884  	0.0805684955189194  	0.02038699415816895 
27644     	0.34513274336283184 	9125.265028         	13386.30898         	0.681686418685967   	0.08263573438205533 	0.020876450450320612
27666     	0.3508771929824561  	9238.01767          	13525.093859999999  	0.6830279897222096  	0.08481331787563405 	0.02136863805555655 
27688     	0.3565217391304348  	9440.110041999998   	13800.746549        	0.6840289406433616  	0.08716103714827456 	0.02187478086243859 
27711     	0.3620689655172414  	9675.276630999999   	14195.587769        	0.6815692867701221  	0.08910728635007871 	0.022284136794520282
27800     	0.35833333333333334 	9754.400553         	14355.344547        	0.679496094368455   	0.08847465617519717 	0.02205973756642817 
27933     	0.3492063492063492  	9979.802381         	14677.136757        	0.6799556716156038  	0.08620502089281658 	0.021426150440815046
27955     	0.3543307086614173  	10173.38431         	14913.22464         	0.6821720020707741  	0.08748622453824544 	0.021673175045651517
28151     	0.3458646616541353  	10433.650168        	15337.260092        	0.6802812305075435  	0.08536582667684803 	0.021068415657902403
28212     	0.34814814814814815 	10503.471572        	15410.323436        	0.6815867048878986  	0.08596423418072938 	0.021124866830064065
28333     	0.34532374100719426 	10561.964608        	15484.594958000001  	0.6820949877376831  	0.0848434967269402  	0.020758289718751245
28393     	0.3475177304964539  	10713.529700000001  	15682.092624        	0.6831696481376426  	0.08506538097982713 	0.02071742186856698 
28424     	0.352112676056338   	10928.465648000001  	15996.899044000002  	0.6831615063607575  	0.08605796578977032 	0.020852152956045367
28515     	0.35172413793103446 	11176.410768000002  	16322.669176000001  	0.6847171040158806  	0.08582123356761603 	0.020680464269301892
28575     	0.35374149659863946 	11323.828406000002  	16505.0507          	0.6860826186980451  	0.08629729636619243 	0.02066474636502682 
28606     	0.3581081081081081  	11522.937753000002  	16839.404099        	0.6842841756902958  	0.08726080511261701 	0.0207871446965193  
28636     	0.3624161073825503  	12097.456995000002  	17830.918792        	0.678453933648536   	0.08853977733281707 	0.02101676722055162 
28696     	0.36423841059602646 	12506.409327000003  	18444.059902        	0.6780724739266248  	0.08924948534004426 	0.02114049554441259 
28818     	0.36129032258064514 	12660.419436000004  	18651.251220000002  	0.6787973249979098  	0.08890359120187531 	0.021000716689394766
29055     	0.35185185185185186 	12906.085383000003  	19027.607811        	0.6782820789242302  	0.08671611495130423 	0.020478297716552723
29111     	0.35365853658536583 	12944.925444000004  	19079.926682        	0.678457819034087   	0.08721197120260672 	0.020567698803077582
29138     	0.3575757575757576  	13165.470636000004  	19412.08786         	0.6782099241951404  	0.08831824107610874 	0.020818568426097805
29222     	0.35714285714285715 	13620.028534000005  	20135.193350999998  	0.6764289915956321  	0.08855652106232219 	0.020880928966442766
29416     	0.3485714285714286  	13723.681695000005  	20264.44402         	0.677229618609591   	0.08628075648911093 	0.020368524171451144
29472     	0.3502824858757062  	13913.395040000005  	20580.39657         	0.6760508716475139  	0.08644251919459064 	0.020430903859740022
29527     	0.35195530726256985 	14091.407635000005  	20842.494361        	0.6760902697600113  	0.08658320692884895 	0.02047697712744439 
29611     	0.3516483516483517  	14318.344611000006  	21208.205689000002  	0.6751322964783607  	0.08612931054876007 	0.020349907510597575
29666     	0.3532608695652174  	14459.640336000006  	21406.123989000003  	0.6754908241879942  	0.08621786578976322 	0.020352345119572988
29694     	0.3567567567567568  	14754.944372000005  	21896.819029000002  	0.6738396272288981  	0.08690760915479696 	0.0205185038142696  
29722     	0.3602150537634409  	14815.598645000005  	21963.139189        	0.6745665324754777  	0.0876315305688413  	0.020684337505288038
29750     	0.36363636363636365 	14977.198541000005  	22167.04486         	0.6756515645450814  	0.08841292047789852 	0.020865192440698618
29805     	0.36507936507936506 	15310.164707000005  	22663.453565000003  	0.6755442043768674  	0.08874356216647411 	0.020959414215192387
29833     	0.3684210526315789  	15651.392343000005  	23155.941642000005  	0.6759125836891761  	0.08969252987543042 	0.021203524016729505
29944     	0.36597938144329895 	15714.330614000006  	23218.879913000004  	0.6767910714418967  	0.08923371339307772 	0.02111158563579754 
30129     	0.36180904522613067 	15782.748097000005  	23291.467259000005  	0.6776193153267932  	0.08806907633614096 	0.02082572654221796 
30161     	0.365               	16047.447958000004  	23675.035641000006  	0.677821491014329   	0.08883548721702429 	0.020991492941986684
30322     	0.36097560975609755 	16340.460967000005  	24190.663925000004  	0.6754862544352429  	0.08797614251932956 	0.020788514600671562
30387     	0.36231884057971014 	16555.117933000005  	24487.933401000006  	0.67605206457822    	0.08843106301090477 	0.02088219352239163 
30419     	0.36538461538461536 	16738.657285000005  	24748.022960000006  	0.6763634134352686  	0.08940776139279519 	0.021088470763584048
30451     	0.3684210526315789  	16790.116978000005  	24852.978847000006  	0.6755776473059178  	0.0903978391802065  	0.021301909852908352
30548     	0.36792452830188677 	16936.698794000007  	25082.318565000005  	0.675244545280338   	0.09052077821230899 	0.02131933298091787 
30580     	0.37089201877934275 	17241.609371000006  	25511.662232000006  	0.6758324571016531  	0.09162124609913888 	0.0215627897679723  
31000     	0.35398230088495575 	17519.750218000005  	25972.340364000007  	0.674554159250275   	0.08754974445086576 	0.020618591393020656
31071     	0.35526315789473684 	17611.002570000004  	26085.276746000007  	0.6751319045407684  	0.0880125176265831  	0.020735161154883285
31095     	0.35807860262008734 	17766.988847000004  	26287.964364000007  	0.6758601997852282  	0.0888928035153732  	0.020952198378406728
31119     	0.36086956521739133 	17915.852656000003  	26460.720347000006  	0.6770735044645608  	0.08978809268394515 	0.021159143005259177
31142     	0.36363636363636365 	18031.436848        	26653.477965000005  	0.6765134693370212  	0.09060463512624284 	0.021345697695647568
31166     	0.36637931034482757 	18262.925069        	26970.797842000007  	0.6771369974291321  	0.09151546651181576 	0.021548718624206178
31261     	0.3644067796610169  	18459.852877        	27207.88973600001   	0.678474260816153   	0.09134316405204532 	0.021480814314406113
31309     	0.36554621848739494 	18549.457459        	27300.77534300001   	0.6794480092945834  	0.09197511991053327 	0.021598451326006535
31333     	0.3682008368200837  	18875.321502000003  	27742.086895000008  	0.680385782563529   	0.09306703044019055 	0.021820607966679086
31357     	0.37083333333333335 	18993.626912000003  	27906.673940000008  	0.6806123493196193  	0.09419209313023068 	0.022049670143236794
31380     	0.37344398340248963 	19374.287304000005  	28496.108834000006  	0.6798923816883959  	0.0953996538149424  	0.022319016298764708
31476     	0.37142857142857144 	19799.296004000003  	29146.793626000006  	0.6792958518201573  	0.0953195124204003  	0.02230848322572886 
31523     	0.3724696356275304  	20305.464268000003  	29879.724584000007  	0.6795733411436186  	0.09607500282464239 	0.022515992294029213
31571     	0.37349397590361444 	20419.843380000002  	30042.381110000006  	0.6797012295807334  	0.09666779293204661 	0.022682916976538143
31595     	0.376               	20633.405044000003  	30328.444143000004  	0.6803318016154258  	0.09770847360672126 	0.022951760247104224
31666     	0.37549407114624506 	20798.096926000002  	30576.198383000003  	0.6802054547619463  	0.09801338409861708 	0.02305082388234799 
31690     	0.3779527559055118  	20978.435973000003  	30806.902794        	0.6809654353532025  	0.09916211628687241 	0.0233400184191261  
31714     	0.3803921568627451  	21299.949860000004  	31281.098661        	0.6809207723434572  	0.10040264907631538 	0.023655622809109437
31738     	0.3828125           	21415.882330000004  	31443.172674        	0.6810980097981191  	0.10153169201830842 	0.02395391530474934 
31809     	0.38223938223938225 	21561.758284000003  	31592.727701        	0.68249118873384    	0.10177610372460386 	0.02404510338634884 
31833     	0.38461538461538464 	21647.024704000003  	31682.600565        	0.6832464607691842  	0.10285254547737473 	0.024320374963184007
31880     	0.38549618320610685 	21857.468957000005  	31969.28442         	0.6837021645478546  	0.10360088407194419 	0.024513237880934933
32150     	0.375               	22029.198367000005  	32227.419208        	0.6835545292913672  	0.10087798805488746 	0.023902180419123214
32175     	0.3772893772893773  	22085.824120000005  	32284.044961        	0.684109570119862   	0.10161105917492338 	0.024105317664543185
32250     	0.37681159420289856 	22150.816931000005  	32349.037772        	0.684744229090265   	0.10142345969578845 	0.024069720444862084
32350     	0.375               	22235.251526000004  	32433.472367        	0.6855649396523958  	0.10081266679296634 	0.023933586151301273
32425     	0.3745583038869258  	22295.302238000004  	32512.236428999997  	0.6857511105607372  	0.10051514868709946 	0.023873014645361266
32450     	0.3767605633802817  	22586.562200000004  	32896.533754        	0.6865939849134904  	0.10088467201437604 	0.02396486254606385 
32650     	0.3698630136986301  	22720.990314000002  	33092.590296999995  	0.6865884510726793  	0.0987584998270122  	0.02346349337210745 
32700     	0.3707482993197279  	22805.545932        	33177.145914999994  	0.6873872149951632  	0.09876106698661692 	0.02345958780282174 
32725     	0.3728813559322034  	23319.464301        	33866.08106299999   	0.6885787658046275  	0.09893780396302092 	0.023494998036042887
32750     	0.375               	23539.951279        	34103.73196299999   	0.6902456102029858  	0.09918164004193636 	0.02353856722741812 
32800     	0.37583892617449666 	23708.920265        	34320.72278199999   	0.6908048066352057  	0.09915342108930682 	0.02351263898476994 
32825     	0.3779264214046823  	24162.114959000002  	35040.24990999999   	0.6895531573279241  	0.09960198994255344 	0.02360425745333624 
33044     	0.3713355048859935  	24433.708484000002  	35488.907866999994  	0.6884885997497864  	0.09774406450464104 	0.023160387999996247
33066     	0.37337662337662336 	24581.650689000002  	35694.841546999996  	0.6886611516858235  	0.09805877219197102 	0.02322970925066359 
33155     	0.3717948717948718  	24777.959071        	35919.660835999995  	0.6898160643590104  	0.09742298434915155 	0.023075060683593742
33200     	0.37261146496815284 	25033.904846        	36340.346967        	0.6888735781398243  	0.09748893423741266 	0.023094961939624802
33222     	0.3746031746031746  	25281.342914        	36727.158054        	0.6883555454203345  	0.09779137665166325 	0.023169166717246815
33377     	0.3695652173913043  	25563.20417         	37088.311884        	0.6892522973262646  	0.09634272273536082 	0.02282257141941512 
33422     	0.37037037037037035 	25843.111670000002  	37478.210209000004  	0.6895503153935042  	0.09646665495418733 	0.02284710526274292 
33533     	0.3677811550151976  	26075.638397000002  	37751.536157        	0.6907172807103104  	0.09579430414995245 	0.022670138775847632
33577     	0.3685800604229607  	26103.394463000004  	37782.881197        	0.690878875194744   	0.09595420691196663 	0.0226841574152366  
33600     	0.3704819277108434  	26287.519153000005  	38023.004878        	0.6913582773730197  	0.09643916557613139 	0.02277734605745938 
33666     	0.3701492537313433  	26383.214425000006  	38176.461873        	0.6910858977127822  	0.09630613356050209 	0.02273349606356904 
33688     	0.37202380952380953 	26531.056703000006  	38379.794018        	0.6912766830003576  	0.09679203861205384 	0.022832263415586262
33800     	0.36950146627565983 	26789.940474000006  	38687.684441        	0.6924668886517505  	0.09605857539445066 	0.02262894100067735 
33844     	0.37026239067055394 	26875.760217000006  	38775.304434        	0.6931153890163679  	0.09614695183561921 	0.022622322474141872
33866     	0.37209302325581395 	27044.350928000007  	38996.183205        	0.6935127672836567  	0.09656871502585572 	0.02268850040055163 
33955     	0.3706896551724138  	27621.29151600001   	39849.609958        	0.693138315409155   	0.09623828834925455 	0.02257195661415185 
33977     	0.37249283667621774 	27796.183061000007  	40080.188236        	0.6935142843474346  	0.09671030673341167 	0.02264499973482316 
34125     	0.36901408450704226 	27882.251193000007  	40173.891833        	0.694039086601431   	0.09582967566162445 	0.022401347539613904
34270     	0.36464088397790057 	28245.12383300001   	40747.733255        	0.6931704312542135  	0.09470559106674778 	0.022110451321466534
34354     	0.3633879781420765  	28305.309009000008  	40822.847639        	0.6933692930808336  	0.09435927346156829 	0.02198975870576128 
34395     	0.3641304347826087  	28495.846724000006  	41037.965553        	0.6943776656568901  	0.09457834406044821 	0.021998344320466927
34500     	0.36193029490616624 	28939.264155000008  	41685.115509        	0.6942349517719794  	0.09405608392497909 	0.021851163165763427
34520     	0.36363636363636365 	29058.59123900001   	41843.338019        	0.694461594479036   	0.09450365181436793 	0.021937754586855995
34895     	0.3494897959183674  	29177.349605000007  	41979.224622        	0.6950426042340255  	0.09062171081836351 	0.021029168574183986
34979     	0.3484848484848485  	29358.313660000007  	42228.666226        	0.6952223757880429  	0.09010542099642697 	0.020895634311365846
35270     	0.34236453201970446 	29485.55791500001   	42355.910481        	0.6961379788595651  	0.08813533823377313 	0.02042366774622964 
35405     	0.340632603406326   	29650.912256000007  	42634.119383        	0.6954737821516507  	0.08729988362147688 	0.020220910418103297
35432     	0.3422330097087379  	30170.539079000006  	43491.544913        	0.6937104473835735  	0.08740822180410722 	0.020256194585706384
35459     	0.34382566585956414 	30491.672139000006  	43959.882239        	0.6936249731794921  	0.08758150323704926 	0.020308373877073845
35486     	0.34541062801932365 	30624.494811000004  	44152.128340999996  	0.6936131045479379  	0.0877907619700835  	0.02036685828858303 
35540     	0.34615384615384615 	31097.793059000003  	45063.00365         	0.6900958777744503  	0.08785887586155496 	0.02042210680292087 
35621     	0.3460620525059666  	31254.215269000004  	45262.879268        	0.6905043553227103  	0.08773434282690036 	0.02042826055846997 
35675     	0.34679334916864607 	31344.386846000005  	45353.050845        	0.6911196989398477  	0.08783899364243318 	0.02048494259712641 
35756     	0.3466981132075472  	31444.536581000004  	45508.475924        	0.6909600012426909  	0.08772119236011129 	0.020487759349804076
35783     	0.34823529411764703 	31757.485329000003  	45979.492621        	0.6906880332667167  	0.08805062329954848 	0.02059644228336677 
36000     	0.3441108545034642  	31769.83015         	45993.99355         	0.6907386747241913  	0.08681692963158737 	0.020321352872297332
36264     	0.3401360544217687  	32160.688102        	46471.196314        	0.6920563844471379  	0.085561686259307   	0.02004438151435497 
36294     	0.3416289592760181  	32659.676896        	47294.335985        	0.6905621194546094  	0.08576330455028762 	0.020124484652619734
36352     	0.34234234234234234 	32931.711888        	47789.390127        	0.6891009029511401  	0.08577532577576082 	0.020174154894692573
36647     	0.3370044052863436  	33046.676903        	47942.926846999995  	0.689292020248611   	0.08414167108848587 	0.019807484944807482
36852     	0.33405639913232105 	33150.270424        	48067.66768499999   	0.6896583924404737  	0.0831334923729685  	0.019585181684853837
37108     	0.3304904051172708  	33467.470142000006  	48510.855856999995  	0.6898965097761872  	0.08200388093099849 	0.019332558028074907
37378     	0.325678496868476   	33664.344016        	48753.162875999995  	0.6905058468026521  	0.08054348333092178 	0.019003068252345465
37486     	0.3250517598343685  	33841.463247        	48999.961731999996  	0.6906426464594448  	0.08013081694862548 	0.018907224102746593
37540     	0.32577319587628867 	34096.581849        	49423.93547899999   	0.6898799441717361  	0.08008667159749762 	0.018906431578958396
37594     	0.3264887063655031  	34217.437909        	49577.78306899999   	0.6901768451682845  	0.08006190807262932 	0.01890990514369817 
37621     	0.32786885245901637 	34497.207457        	49916.16667699999   	0.6911028981898037  	0.08024707553077738 	0.01896185975710483 
37648     	0.3292433537832311  	34990.620775999996  	50587.994499999986  	0.691678354159701   	0.08050517256059618 	0.019033786347688927
37783     	0.32793522267206476 	35118.94401199999   	50733.620054999985  	0.6922223167581532  	0.08005251246612757 	0.01893759566917501 
37918     	0.32665330661322645 	35241.37321799999   	50865.99409299999   	0.6928277692473093  	0.07955727719878647 	0.018823463401509487
37972     	0.3273453093812375  	35402.312999999995  	51050.36458599999   	0.6934781619504574  	0.0795788708120816  	0.01882798822760558 
38045     	0.32803180914512925 	35514.732328        	51248.62481099999   	0.6929889818307305  	0.07961687722646234 	0.018840559185361712
38159     	0.32677165354330706 	35586.602162999996  	51320.494645999985  	0.6934189237354453  	0.07920242581036155 	0.018742919230334474
38181     	0.3280943025540275  	35620.698442999994  	51357.19436399999   	0.6935873130166383  	0.07942585245563463 	0.01879393516165639 
38409     	0.3236994219653179  	35724.04659299999   	51556.44638199999   	0.6929113447483922  	0.07819262808116187 	0.018500474353787585
38431     	0.325               	35936.77721899999   	51974.59649199999   	0.6914296530331204  	0.07836738476023496 	0.018549792993493835
38454     	0.32629558541266795 	35975.23212199999   	52039.49173999999   	0.6913063698188993  	0.07854917542085879 	0.018600549149935718
38522     	0.32633587786259544 	35996.310625999984  	52078.14372799999   	0.6911980352833975  	0.07839978254402416 	0.018579652943989056
38545     	0.32761904761904764 	36178.21347799998   	52337.57240299999   	0.6912474502911077  	0.07857574944328068 	0.018636868126589778
38613     	0.32765151515151514 	36768.186039999986  	53268.82113899999   	0.6902384031374911  	0.07846738847753813 	0.01863502667953893 
38863     	0.3228200371057514  	37009.34182899998   	53726.354498999994  	0.6888489303641258  	0.07717082984426503 	0.01835038717534153 
39200     	0.3170289855072464  	37211.09221699998   	53996.03945499999   	0.6891448445586738  	0.07567184468913597 	0.0180167775709402  
39650     	0.3087719298245614  	37280.50334199998   	54082.92558899999   	0.6893211292841473  	0.07351026566003076 	0.017529568939996465
39725     	0.3089005235602094  	37341.20319699998   	54157.79704199999   	0.6894889607131075  	0.07335822386299459 	0.017520456734338007
39900     	0.30689655172413793 	37546.48559299998   	54474.18730199999   	0.6892527902223791  	0.07274527527435669 	0.01739738976216873 
39975     	0.307032590051458   	37690.734284999984  	54693.04768599999   	0.6891320904511935  	0.07266023864224705 	0.017403356334829524
40076     	0.30664395229982966 	37827.571006999984  	54910.96215199999   	0.6888892404086605  	0.07240494520237914 	0.017356662744365304
40096     	0.3078231292517007  	37997.43497599998   	55132.50816299999   	0.6892020015425393  	0.07254786575575799 	0.017403895509599386
40134     	0.30847457627118646 	38069.32005299998   	55210.92571999999   	0.6895251176563678  	0.07256440469745479 	0.017420025150820563
40307     	0.3055091819699499  	38193.63916699998   	55359.75211499999   	0.6899170915299534  	0.07159571785667868 	0.01718015613422313 
40326     	0.30666666666666664 	38719.62127999998   	56129.82045699999   	0.6898226462288858  	0.07167419325237025 	0.017191975026098493
40346     	0.30782029950083195 	39108.26745999998   	56732.057277999986  	0.68935041908247    	0.07180589990672362 	0.01722036126294025 
40384     	0.30845771144278605 	39336.29024299998   	57054.29623699999   	0.6894536053796805  	0.0718266165543604  	0.0172221608908449  
40442     	0.3085808580858086  	39456.09697299998   	57214.32318899999   	0.6896192207441125  	0.07174615681936444 	0.017199456731544983
40500     	0.30870279146141216 	39552.37541299998   	57340.05425699999   	0.6897861525509715  	0.07168258434712965 	0.017179500669952576
40538     	0.309328968903437   	39682.72100299998   	57560.43076299999   	0.6894097295134932  	0.07176356128673013 	0.017193350211966493
40576     	0.3099510603588907  	40082.549549999974  	58108.17999599999   	0.6897918598166238  	0.07190014223043922 	0.017220728757245903
40711     	0.30806451612903224 	40483.64212599998   	58717.30060299999   	0.6894670175612873  	0.07148185333305383 	0.017125020749315992
40750     	0.3086816720257235  	40551.563948999974  	58808.04873699999   	0.6895580591417639  	0.07165286419313086 	0.01717081844340554 
40769     	0.3097913322632424  	40740.228863999975  	59075.84302999999   	0.6896258567704435  	0.07196477769918407 	0.017249952502544078
40788     	0.3108974358974359  	40926.91042099998   	59347.94213399999   	0.6896095963798088  	0.0722898134843953  	0.01733135028206947 
40826     	0.31150159744408945 	40981.89355899998   	59420.92358299999   	0.6896879262025588  	0.0725057002689417  	0.017385914235094148
40865     	0.31210191082802546 	41523.770692999984  	60367.17774699999   	0.6878534369624982  	0.07277482844768944 	0.017471645720882747
40942     	0.31170886075949367 	41626.993356999985  	60560.770032999986  	0.6873590499975007  	0.07280828884437053 	0.017502658383180932
41344     	0.30745341614906835 	41970.64301999998   	61040.200526999986  	0.6875901890498386  	0.07177343386298903 	0.017270202784053182
41379     	0.3085271317829457  	42086.632818999984  	61216.121863999986  	0.6875089688383268  	0.07199473614942795 	0.017341185364300998
41413     	0.30959752321981426 	42315.026650999986  	61525.09203799999   	0.6877686038220762  	0.07224317755682243 	0.017415496409915705
41448     	0.3106646058732612  	42387.66274499999   	61688.00678399999   	0.6871297186407727  	0.07249818832357069 	0.017495069639878038
41586     	0.3102918586789555  	42469.57847899999   	61783.58402999999   	0.6873926002476356  	0.072390308003527   	0.01748829646234224 
41793     	0.3089802130898021  	42561.68197099999   	61897.09431999999   	0.6876200319026542  	0.0719406032231369  	0.017378643854300012
41827     	0.3100303951367781  	42606.44157799999   	61959.49627599999   	0.6876499025784301  	0.07204755037026037 	0.01740331818376252 
42058     	0.30873493975903615 	42844.952461999994  	62264.82727199999   	0.688108428773672   	0.07158890159698808 	0.017290371856650028
42235     	0.3074626865671642  	43186.890912999996  	62779.935244999986  	0.6879091344147181  	0.07106566318304251 	0.01716262865182781 
42264     	0.30849478390462    	43496.463112        	63230.860534999985  	0.6878992748789736  	0.0711148836847185  	0.01717406361962295 
42441     	0.3072378138847858  	43653.558804        	63460.828250999984  	0.6878819581638872  	0.07064224119262813 	0.01706003119849394 
42647     	0.3055555555555556  	43955.669438        	63887.230995999984  	0.6880196363613268  	0.07006453294455257 	0.016917269074082808
42705     	0.30612244897959184 	44386.880643        	64529.861869999986  	0.687850234863675   	0.07004870508057243 	0.01691604135298992 
42794     	0.3062409288824383  	44549.196173        	64727.96986099998   	0.6882526405303168  	0.06995463382982435 	0.016893551079254585
42852     	0.3068017366136035  	44694.553494        	64903.569739999984  	0.6886301273264913  	0.0699841256993887  	0.016898568590503253
42882     	0.3078034682080925  	44787.135637        	65011.33603999999   	0.6889127091534236  	0.07013473063620079 	0.01692904122273433 
42970     	0.3079136690647482  	44880.726110999996  	65108.99485799999   	0.6893168326263214  	0.07004498586592522 	0.016897827225204897
43137     	0.30758226037195996 	45147.108361        	65471.65275299999   	0.6895672625116571  	0.06988519125233981 	0.016850175065341824
43206     	0.30813124108416545 	45421.666248        	65847.60014499999   	0.6897998734650773  	0.06997470418980316 	0.016857373416671362
43241     	0.3091168091168091  	46049.210894        	66661.604761        	0.6907906141638649  	0.07024311492135889 	0.01690564134040315 
43344     	0.30921985815602837 	46087.134564        	66699.796055        	0.6909636504135185  	0.07025454763326572 	0.01689242298368343 
43379     	0.3101983002832861  	46264.422305        	66969.46827         	0.6908285745748538  	0.07049252506766548 	0.016931694588132158
43413     	0.31117397454031115 	46491.602527        	67320.561352        	0.690600339529385   	0.07073641073875987 	0.016975149720924627
43448     	0.3121468926553672  	46941.856866        	67927.093196        	0.6910623531401789  	0.07102594597940826 	0.017028041506046088
43517     	0.3126760563380282  	47335.311498        	68488.608658        	0.6911413799391131  	0.07124738752683547 	0.017071304588800056
43586     	0.31320224719101125 	47571.174646        	68816.393327        	0.6912767779030862  	0.07146261587045047 	0.017115015666286176
44102     	0.3076923076923077  	47861.506508        	69180.013059        	0.6918400906802581  	0.0701169574537511  	0.016781357816271072
44183     	0.3073770491803279  	48100.844624        	69495.268048        	0.6921456089755206  	0.06998819495951379 	0.016737720119330477
44204     	0.3083219645293315  	48344.983097        	69920.117551        	0.6914316621641401  	0.07016942916206112 	0.016772457920435538
44367     	0.30634278002699056 	48478.582415        	70071.86013100001   	0.6918409519080674  	0.06954495018707088 	0.016619981038323618
44428     	0.3064516129032258  	48669.109569        	70314.13870600001   	0.6921667599811898  	0.06941604880704123 	0.016585809335180005
44448     	0.3073825503355705  	49057.69129         	70966.37344200001   	0.6912807983642321  	0.06951474496551359 	0.016611916228209275
44591     	0.3058510638297872  	49116.853853        	71025.53600500002   	0.6915379540330719  	0.06903280860066198 	0.016500110391409046
44612     	0.30677290836653387 	49184.082959        	71129.93678600002   	0.6914681100726149  	0.06911420933834135 	0.01652273542227715 
44653     	0.3072847682119205  	49456.242554        	71597.57704200002   	0.6907530198261926  	0.06910937792859086 	0.01652539560051462 
44734     	0.3069828722002635  	49668.240109        	71883.75451900002   	0.6909522247599337  	0.06892055105296677 	0.016483327429947077
45121     	0.3015463917525773  	49825.720304999995  	72089.23806100003   	0.6911672483323902  	0.06756834682798805 	0.016165575580522885
45317     	0.2997448979591837  	49857.180329999996  	72127.55894500003   	0.6912362078968729  	0.06702107191546625 	0.016039830216301825
45463     	0.29873417721518986 	50028.755874999995  	72334.56906000002   	0.6916299706368912  	0.06665755695074352 	0.015954080079891995
45487     	0.2996207332490518  	50150.57352299999   	72513.55179600003   	0.6916027732869428  	0.0667308573822295  	0.01597373577520286 
45512     	0.3005050505050505  	50366.47805599999   	72822.09355500003   	0.6916373259436701  	0.0668296369840917  	0.015998611192215396
45609     	0.30025125628140703 	50558.577916999995  	73083.64081000003   	0.6917906299775103  	0.06670207372987982 	0.01596741242386105 
45634     	0.30112923462986196 	50662.14228199999   	73237.67486500002   	0.6917497363943652  	0.06684142596143615 	0.01599893347762418 
45658     	0.30200501253132833 	50859.495166999994  	73551.95303300003   	0.6914771541713003  	0.0669703249730009  	0.0160261051369745  
45707     	0.3025              	51315.559698        	74326.36765000003   	0.6904085497577787  	0.06706444896123108 	0.01604949968213884 
45756     	0.3029925187032419  	51703.326238999995  	74926.62251200003   	0.690052807741592   	0.06720966198190793 	0.01608326035451298 
45804     	0.3034825870646766  	51774.491148999994  	75015.85253400003   	0.6901806671534371  	0.06732620474457816 	0.016103619573272915
45902     	0.3032178217821782  	52106.27146899999   	75513.64872900004   	0.6900245498134598  	0.06728099930493887 	0.016091119449944066
46000     	0.30295566502463056 	52281.78234599999   	75736.67348900004   	0.6903099903588105  	0.06721567600350832 	0.016069925675331567
46157     	0.3023255813953488  	52716.44022499999   	76512.12944700004   	0.6889945503544856  	0.06710236876360827 	0.01604531422772765 
46210     	0.3028083028083028  	52795.40204799999   	76640.91066300005   	0.6888671023253908  	0.06724229428228333 	0.016082278803236993
46263     	0.3032886723507917  	53020.34255099999   	76979.20280000004   	0.6887619074044238  	0.06738157245048554 	0.016121284164118132
46631     	0.2994011976047904  	53080.103739999984  	77047.06435900004   	0.6889309045270533  	0.06646476420618336 	0.01591127505702554 
47214     	0.2928821470245041  	53164.63745199998   	77136.42763500004   	0.6892286703186258  	0.06492907696815017 	0.015544959957588408
47285     	0.2930232558139535  	53304.42190399998   	77332.06356100005   	0.689292635543769   	0.0648876745707536  	0.015535437394352458
47404     	0.292485549132948   	53834.71734299998   	78260.32299900004   	0.687892859114418   	0.06472171761800924 	0.015505643324636878
47500     	0.29228998849252014 	54072.42553699998   	78595.09121500004   	0.6879873119439824  	0.06465676173471804 	0.015499745184904108
47547     	0.2927669345579793  	54423.93729199998   	79102.53743800004   	0.6880175915299436  	0.06477763412745305 	0.015538373503226883
47571     	0.29357798165137616 	54588.74621099998   	79277.63746400004   	0.6885768541701147  	0.06499351421816099 	0.015596644133327685
47619     	0.2940503432494279  	54720.357936999986  	79439.94554400005   	0.6888267302083129  	0.06515472780014603 	0.015638502994182794
47642     	0.2948571428571429  	54855.539392999985  	79638.47218200004   	0.688807028688811   	0.06540177022985809 	0.01570148039992046 
47690     	0.2953249714937286  	55108.72277799998   	80024.02476200004   	0.6886522259021485  	0.06559807675169678 	0.015753185314638218
47714     	0.296127562642369   	55167.36199599998   	80090.59466300004   	0.688811991322197   	0.06587561745573145 	0.015823112043725145
47761     	0.29659090909090907 	55296.867621999976  	80293.15966300004   	0.6886871540998949  	0.0660874756410198  	0.015878553677594432
47857     	0.29638009049773756 	55480.59224899998   	80558.06233100004   	0.6887031619633452  	0.06616779200262435 	0.015901382350912617
48095     	0.2945128779395297  	55634.68144099998   	80797.89223500004   	0.6885659997068605  	0.06581762371647067 	0.015821918650697573
48214     	0.29398663697104677 	56025.66906999998   	81388.08590300004   	0.6883767869510102  	0.06581130668041185 	0.015824111612002516
48333     	0.29346622369878184 	56060.84584599998   	81429.90945600004   	0.6884552152952103  	0.06574999428451724 	0.01581139450373907 
48380     	0.29392265193370165 	56287.78654299998   	81768.23858600004   	0.688382035816989   	0.06590847128673792 	0.01585255888564191 
48476     	0.29372937293729373 	56426.43580899998   	81934.53860800003   	0.6886770434988517  	0.06588762903268386 	0.01584897116061126 
48714     	0.2916213275299238  	56539.05932299998   	82072.23319300004   	0.6888938819301217  	0.06541734485152223 	0.01573897297115197 
49093     	0.2883172561629153  	56715.17122199998   	82323.70444500004   	0.6889288037310206  	0.06466289605547863 	0.015563778611152927
49218     	0.288153681963714   	56892.34193599998   	82563.18621100004   	0.6890763855770397  	0.0645856205046695  	0.015552187349090418
49281     	0.288604898828541   	57017.29913899998   	82701.31866100004   	0.68943639668817    	0.0646596886744935  	0.015575710671816158
49343     	0.28905419766206164 	57186.014782999984  	82973.86742500005   	0.6892051263572876  	0.06475729348467726 	0.015603456043091976
49375     	0.2898089171974522  	57749.957119999985  	83712.74634800004   	0.6898585895143037  	0.06498123094275525 	0.015660225486733483
49656     	0.288117770767613   	57820.105868999985  	83797.26345600004   	0.6899999294053314  	0.06462598057571481 	0.015576365039246996
49687     	0.28886554621848737 	58096.22685599999   	84176.13542600004   	0.6901745555552723  	0.06483991423555976 	0.015630491584515762
49718     	0.28961175236096537 	58310.75525199999   	84489.48457200003   	0.6901539942797128  	0.06503406860399201 	0.01567176467962303 
49750     	0.29035639412997905 	58576.35531999999   	84893.96623000003   	0.6899943296476604  	0.06525217917346926 	0.01571923496213758 
49812     	0.2907949790794979  	59056.965135999984  	85685.04847200004   	0.6892330247709259  	0.06542174038784927 	0.01575833521817121 
49843     	0.29153605015673983 	59196.96571099998   	85872.93369400004   	0.6893553435817471  	0.06567126132694584 	0.015815785792085268
50121     	0.2898550724637681  	59346.47419799998   	86065.43319900004   	0.6895506359769245  	0.06528852884669316 	0.015720286432275667
50243     	0.2893923789907312  	59753.204947999984  	86584.16199600004   	0.690117032613429   	0.06518437375116447 	0.015690150217758894
50292     	0.289825282631038   	59954.68933599998   	86924.69391500004   	0.6897313828292236  	0.06529975818695374 	0.01571427706580118 
50341     	0.29025641025641025 	60136.52096099998   	87114.40642400004   	0.6903166012324725  	0.0654338443234108  	0.01573994345812348 
50365     	0.29098360655737704 	60318.17295399998   	87373.82373700004   	0.6903460369957135  	0.06564569742567176 	0.01578657877235071 
50390     	0.2917093142272262  	60637.85661499998   	87806.17663700004   	0.6905875980192515  	0.06589242926415365 	0.015838363255544118
50414     	0.29243353783231085 	61033.54617899998   	88391.64867500005   	0.6904899625009733  	0.06616804128824574 	0.01590008825878989 
50463     	0.29285714285714287 	61349.84594999998   	88863.59748200004   	0.6903822002302668  	0.06640263514137812 	0.015952133850076336
50560     	0.2926829268292683  	61533.606188999984  	89114.98105000005   	0.6904967656838205  	0.06649745623752915 	0.015971235469870827
50829     	0.2904522613065327  	61746.37965699998   	89497.56814500004   	0.6899224295900555  	0.06606890198238713 	0.015869327455407575
50902     	0.2905811623246493  	62003.242988999984  	89845.39487600003   	0.6901104177300756  	0.06618455295557156 	0.015896504000590072
50926     	0.2912912912912913  	62052.725321999984  	89908.30963700003   	0.6901778664567773  	0.06640452146044833 	0.015950081485392315
50951     	0.292               	62380.518180999985  	90398.33218700002   	0.6900627110238964  	0.06665494228767391 	0.016010068354881196
