25166     	1.0                 	131.876969          	194.45367900000002  	0.678192203295881   	0.012903543829075315	0.002970960782076224
25187     	1.0                 	538.0164540000001   	789.4085            	0.681543781198201   	0.029379279753396263	0.0075939032076920935
25208     	1.0                 	769.4819500000001   	1117.695212         	0.6884541883498737  	0.04406297372390028 	0.01042108443582788 
25229     	1.0                 	900.4493380000001   	1347.6516940000001  	0.6681617676206476  	0.055235159018704974	0.012729154614776049
25250     	1.0                 	935.2609310000001   	1395.9305170000002  	0.6699910343746716  	0.06296648134617047 	0.01419872090378536 
25270     	1.0                 	1199.4239670000002  	1793.9603130000003  	0.6685900230391552  	0.07204335940758849 	0.016220078686546277
25291     	1.0                 	1292.097866         	1945.6523430000002  	0.6640949348678167  	0.07930548724082907 	0.018112918833282716
25312     	1.0                 	1486.556714         	2255.820177         	0.6589872407192322  	0.08695863661804232 	0.020073670204691516
25333     	1.0                 	1980.774801         	2916.527449         	0.6791552061953523  	0.09769283950451269 	0.022650661999317426
25354     	1.0                 	2375.467316         	3448.3190440000003  	0.6888768949999744  	0.10910533649903043 	0.02557130988923482 
25375     	1.0                 	2644.5113610000003  	3817.061286         	0.6928134401979315  	0.12056891811418426 	0.028407999068903067
25395     	1.0                 	2935.9554260000004  	4212.371607         	0.6969839558127096  	0.13210507141541225 	0.031226096790913843
25416     	1.0                 	3301.7818180000004  	4771.99668          	0.6919078196005787  	0.1440072072492568  	0.03428178640713881 
25458     	0.9333333333333333  	3470.292616         	5007.86499          	0.6929684851587823  	0.14476279535912137 	0.03467556581026757 
25479     	0.9375              	3834.216694         	5524.980301         	0.6939783465483166  	0.15621310768901872 	0.037678279870545124
25500     	0.9411764705882353  	4194.804            	6099.18099          	0.6877651289374183  	0.16754866388731893 	0.040908934079242176
25520     	0.9444444444444444  	4665.163789         	6865.284821         	0.6795295330981578  	0.17923904580897285 	0.044507368351902936
25541     	0.9473684210526315  	4823.989255         	7088.985262         	0.6804908004053346  	0.1885079605579326  	0.04736836167108622 
25562     	0.95                	5333.148737         	7834.955268         	0.6806865584519635  	0.1989277820120658  	0.05054162653907997 
25583     	0.9523809523809523  	5553.140083         	8124.548521         	0.6835013747098034  	0.20902626107103184 	0.05363573902611231 
25604     	0.9545454545454546  	5637.2868180000005  	8208.695255999999   	0.6867457789810782  	0.21858930178317698 	0.056489414203775734
25625     	0.9565217391304348  	5910.968627         	8638.868794999998   	0.6842294711572826  	0.2279847023801864  	0.05943265876919329 
25645     	0.9583333333333334  	6205.2969650000005  	9091.110240999998   	0.6825675633119849  	0.2375697261816255  	0.0623723417674572  
25687     	0.9230769230769231  	6610.774216000001   	9846.502385999998   	0.671382990309266   	0.23777076986507062 	0.06314079961337173 
25729     	0.8928571428571429  	6761.898874         	10050.771181999999  	0.6727741336018012  	0.23841653506902247 	0.06387609359596537 
25750     	0.896551724137931   	7104.961354         	10586.280176999999  	0.6711480553326377  	0.24780038650722186 	0.0669309644411661  
25770     	0.9                 	7633.359015         	11387.188928999998  	0.6703462164889493  	0.2575791281880967  	0.07021807328085962 
25791     	0.9032258064516129  	8008.763935         	11968.458089999998  	0.6691558657578088  	0.26738738831613157 	0.07361979920239546 
25812     	0.90625             	8439.16582          	12668.253744999998  	0.6661664653923461  	0.27645710107999694 	0.07709493753049276 
25937     	0.7894736842105263  	8766.521569         	13156.121571999998  	0.6663454363068272  	0.24637861302906694 	0.06959963853563601 
26000     	0.7560975609756098  	9110.109882         	13733.757811999998  	0.6633370128341682  	0.24080220273690534 	0.0687586768014275  
26088     	0.7272727272727273  	9196.859666         	13891.536711999997  	0.6620476810211666  	0.23488168800246745 	0.06768890877367083 
26133     	0.717391304347826   	9329.103913         	14063.099095999998  	0.6633746835826181  	0.23430553701879456 	0.067969724342607   
26155     	0.723404255319149   	9485.672951         	14333.581725999999  	0.6617796676593213  	0.23898878959805758 	0.06977299905643511 
26200     	0.7142857142857143  	9789.287407         	14741.261707999998  	0.6640739172066533  	0.23822366744689635 	0.06998372984029093 
26222     	0.72                	9876.819685         	14874.810860999998  	0.6639963208470676  	0.24178529775362867 	0.0714591668753427  
26266     	0.7115384615384616  	10204.662156        	15333.279563999999  	0.6655237787458632  	0.2410478720284011  	0.0715881389057616  
26355     	0.6785714285714286  	10343.211287        	15537.698018        	0.66568492160278    	0.23196187028676377 	0.06921463744833448 
26422     	0.6610169491525424  	10405.195422        	15617.819646        	0.6662386720969053  	0.22714529142476464 	0.06797952942736744 
26511     	0.6349206349206349  	10508.945053000001  	15756.85844         	0.666944181355481   	0.2187898322571945  	0.0656355378312506  
26555     	0.6307692307692307  	10733.762889000001  	16010.198136        	0.6704328577211307  	0.21829549470599197 	0.06556203640838049 
26577     	0.6363636363636364  	11087.984657        	16567.887608        	0.6692455260045364  	0.22113963692506206 	0.06654218510728005 
26600     	0.6417910447761194  	11175.856650000002  	16702.741723        	0.6691031230286361  	0.22397505738738663 	0.06753553813112297 
26622     	0.6470588235294118  	11638.481766        	17547.571744        	0.6632531233262813  	0.22707942509993342 	0.06873077592071315 
26644     	0.6521739130434783  	11733.648883000002  	17670.742717        	0.6640156031309162  	0.23024746485997247 	0.06991008085636294 
26688     	0.647887323943662   	11862.625364000001  	17825.267347        	0.6654949478778216  	0.2298508479482322  	0.06986039002030237 
26711     	0.6527777777777778  	12400.570090000001  	18716.990435        	0.6625301291393219  	0.23323594714270104 	0.07099202290086735 
26733     	0.6575342465753424  	12926.544140000002  	19520.071342        	0.6622180786904627  	0.23708857803208455 	0.07228574891821452 
26755     	0.6621621621621622  	13395.480631000002  	20243.739419999998  	0.6617097934863658  	0.24110598665506103 	0.07357733593143226 
26777     	0.6666666666666666  	13662.860151000003  	20634.95916         	0.6621219865307455  	0.24528048213062145 	0.0749060119951125  
26800     	0.6710526315789473  	14065.757407000003  	21377.782701        	0.6579614735415026  	0.24931206159057914 	0.07631486578467946 
26822     	0.6753246753246753  	14342.598414000004  	21803.127411        	0.6578229876675376  	0.2534995220759401  	0.07777201262343943 
26844     	0.6794871794871795  	14452.825645000004  	21944.605180000002  	0.6586049521716664  	0.25755620533597695 	0.07919366207786889 
26933     	0.6585365853658537  	14604.936123000005  	22136.523656        	0.6597664723675528  	0.25144440849624095 	0.07741143507053767 
26955     	0.6626506024096386  	14968.683594000006  	22741.939728        	0.6581973117961649  	0.2551068087040176  	0.0786493580277375  
26977     	0.6666666666666666  	15049.703361000005  	22836.007096        	0.6590339238262077  	0.25877996976497847 	0.07986666615214245 
27066     	0.6551724137931034  	15563.487536000006  	23737.901433000003  	0.6556387294777426  	0.2565631872500593  	0.07935565809930578 
27111     	0.651685393258427   	15659.686032000007  	23862.439377000002  	0.6562483317231061  	0.25680289525737215 	0.07968915149458658 
27133     	0.6555555555555556  	15907.293787000006  	24284.938960000003  	0.6550271266154339  	0.2598794161878318  	0.08085532545990547 
27311     	0.6122448979591837  	16030.533090000006  	24412.650013000002  	0.6566486260796583  	0.24309969905038342 	0.07579122441611082 
27333     	0.6161616161616161  	16457.567756000008  	25019.569418000003  	0.6577878092562147  	0.24525584297143893 	0.07659308942702682 
27355     	0.62                	16588.141957000007  	25236.993933        	0.6572946841861891  	0.24747269667677874 	0.07741518472873615 
27400     	0.6176470588235294  	17102.470188000007  	26062.527237000002  	0.6562092015282488  	0.24736504435730602 	0.07753594236830755 
27422     	0.6213592233009708  	17626.783622000006  	26833.41397         	0.6568967944856703  	0.25001876133330164 	0.07851821326170565 
27444     	0.625               	17931.534640000005  	27369.425841        	0.655166635360621   	0.2524199519126879  	0.07948434421996362 
27511     	0.616822429906542   	18115.896784000004  	27669.600612000002  	0.6547220192308573  	0.2500827321063983  	0.07896441392348173 
27533     	0.6203703703703703  	18407.880706000004  	28157.943959000004  	0.6537366766836104  	0.25222596893723315 	0.07987487016476179 
27555     	0.6238532110091743  	18649.536709000004  	28491.924684000005  	0.6545551736444426  	0.2545844634745991  	0.08080973752948234 
27577     	0.6272727272727273  	18921.589705000002  	28824.454289000005  	0.6564422526542285  	0.25717831199661023 	0.08175923941104853 
27600     	0.6306306306306306  	19168.053056        	29134.457637000003  	0.657916934470648   	0.2598585557261882  	0.08273621565047069 
27622     	0.6339285714285714  	19412.89202         	29482.35304         	0.6584580272022954  	0.2624759951008727  	0.08367686268122021 
27644     	0.6371681415929203  	19693.123311        	29858.774044        	0.6595422599059204  	0.2653075243033803  	0.08464605522872932 
27666     	0.6403508771929824  	19805.875953        	29971.526686        	0.6608230591820844  	0.26800337216412173 	0.08558479028506537 
27688     	0.6434782608695652  	20007.968324999998  	30198.416545        	0.6625502464735274  	0.2708288418315292  	0.086523451168395   
27711     	0.646551724137931   	20243.134914        	30584.457356        	0.661876543316494   	0.27375492951351343 	0.08750434074061476 
27733     	0.6495726495726496  	20537.012983999997  	31014.494736        	0.6621746753836911  	0.276517491078193   	0.08842844470187791 
27822     	0.6363636363636364  	21049.007468999996  	31823.23114         	0.6614352696116576  	0.2724905621226953  	0.08717910237367436 
27866     	0.6341463414634146  	21471.368557999995  	32546.295838        	0.6597177345426426  	0.2728414831118258  	0.08743431326758538 
27911     	0.632               	21930.239477999996  	33320.10339         	0.6581684102631471  	0.27315817256689356 	0.08771408488460382 
27933     	0.6349206349206349  	22155.641305999994  	33603.395380999995  	0.6593274594664091  	0.2755063995126092  	0.08859729926752867 
27955     	0.6377952755905512  	22349.223234999994  	33906.821578999996  	0.6591364862356153  	0.2778744987713046  	0.08947518911970546 
28000     	0.6356589147286822  	22716.360599999993  	34463.383433999996  	0.659144817963203   	0.2779627903283436  	0.0896090547124095  
28060     	0.6384615384615384  	23211.602369999993  	35145.09050699999   	0.6604507780504034  	0.2799997189108116  	0.09019520579002396 
28090     	0.6412213740458015  	23790.167783999994  	36038.45505299999   	0.6601328427928711  	0.28232155668589864 	0.09087951891573628 
28121     	0.6439393939393939  	24090.391525999992  	36517.71486899999   	0.6596905532676254  	0.2847562023334626  	0.09158874961872203 
28151     	0.6466165413533834  	24350.65738399999   	36831.11910799999   	0.6611435648370197  	0.2871254526031652  	0.09228441266544306 
28212     	0.6444444444444445  	24420.47878799999   	36904.182451999994  	0.6617265893848988  	0.28705984034540716 	0.09216622545566912 
28242     	0.6470588235294118  	24743.19118399999   	37427.10208599999   	0.6611035801581722  	0.28912128586662394 	0.09276783581674986 
28272     	0.6496350364963503  	25254.35340299999   	38405.20723799999   	0.6575762824685945  	0.2913837535243215  	0.0934984080964041  
28303     	0.6521739130434783  	25428.44034499999   	38669.43415199999   	0.6575850126238485  	0.29372835368401945 	0.09424781946907498 
28333     	0.6546762589928058  	25486.93338099999   	38727.92718799999   	0.6581021818512721  	0.29566130446932803 	0.09486072785625789 
28363     	0.6571428571428571  	26097.235555999992  	39813.28564599999   	0.6554906266225722  	0.2976783437794735  	0.09555813305105869 
28393     	0.6595744680851063  	26248.800647999993  	40066.249055999986  	0.6551349643764367  	0.2997517191036109  	0.09627352703647965 
28424     	0.6619718309859155  	26463.73659599999   	40382.393462999986  	0.6553285807649604  	0.3019635375500129  	0.09700659047234003 
28454     	0.6643356643356644  	26926.45134799999   	41058.528171999984  	0.6558065412184596  	0.30424121768979895 	0.09770710331706774 
28515     	0.6620689655172414  	27174.39646799999   	41381.505565999985  	0.6566797436758104  	0.3043743407386028  	0.09767835029886672 
28575     	0.6598639455782312  	27321.81410599999   	41561.488756999985  	0.6573829504940032  	0.3043287805610717  	0.09756760590867967 
28606     	0.6621621621621622  	27520.923452999992  	41853.87818899999   	0.6575477505029158  	0.3062584622834652  	0.09811996929912942 
28636     	0.6644295302013423  	28095.44269499999   	42904.18995399999   	0.6548414671183096  	0.30846735655233154 	0.09878462080857728 
28666     	0.6666666666666666  	28347.44029099999   	43221.060092999985  	0.6558710089480452  	0.31058490936908506 	0.09941614300966962 
28696     	0.6688741721854304  	28756.392622999992  	43820.09682899999   	0.6562375417657478  	0.31271502843536547 	0.10006106023013268 
28727     	0.6710526315789473  	29283.448159999993  	44770.71235299999   	0.6540759934555246  	0.31478671795823276 	0.10074828652557857 
28757     	0.673202614379085   	29613.192769999994  	45258.56004199999   	0.6543114218065913  	0.31703765135335776 	0.10146878422400464 
28787     	0.6753246753246753  	29781.983471999993  	45476.36644599999   	0.6548892490644348  	0.31933855192230354 	0.10219813441229997 
28818     	0.6774193548387096  	29935.99358099999   	45681.303848999996  	0.6553226606655912  	0.3217066810792661  	0.10293043753313354 
28848     	0.6794871794871795  	30184.281688999992  	46027.14378         	0.6557930649200061  	0.3241636371219887  	0.10367949124252107 
28878     	0.6815286624203821  	30599.925719999992  	46651.394464        	0.6559273537603121  	0.3265210228771979  	0.10435710762270313 
28909     	0.6835443037974683  	30998.374948999994  	47243.691546999995  	0.6561378659024034  	0.32862057196838357 	0.10498123185362795 
28969     	0.68125             	31270.691146999994  	47655.31183299999   	0.6561847975433014  	0.3285149122703599  	0.1049029787513031  
29111     	0.6707317073170732  	31309.531207999993  	47700.891298999995  	0.656372037405858   	0.32392496637878565 	0.10335785496801773 
29138     	0.6727272727272727  	31530.076399999994  	48009.724136        	0.6567435445095013  	0.32522640636745453 	0.10370466030038408 
29166     	0.6746987951807228  	31896.466570999994  	48699.098808999996  	0.6549703660040884  	0.3264035612925401  	0.10404738412752913 
29194     	0.6766467065868264  	32104.644528999994  	48997.61549799999   	0.6552287127178762  	0.32750248811593036 	0.10435317941498073 
29222     	0.6785714285714286  	32559.202426999993  	49664.026116999994  	0.6555892659667997  	0.32859951291592615 	0.10467679285595757 
29250     	0.6804733727810651  	32933.55475599999   	50203.77413699999   	0.6559975882715177  	0.3295651477886724  	0.10496594439707171 
29277     	0.6823529411764706  	33485.16614299999   	51310.69125199999   	0.6525962782014714  	0.3303971395276338  	0.10525685052073924 
29388     	0.6724137931034483  	33569.53251099999   	51430.17672299999   	0.6527205358792287  	0.32500314979788514 	0.10355107852172407 
29416     	0.6742857142857143  	33673.18567199999   	51585.02489999999   	0.6527705615588449  	0.32530182205426894 	0.10366391528951313 
29472     	0.672316384180791   	33862.89901699999   	51855.96292499999   	0.6530184207740269  	0.3236277311701621  	0.10316391836634976 
29527     	0.6703910614525139  	34040.91161199999   	52150.338209999994  	0.6527457497000956  	0.32208434971895755 	0.10270458095235489 
29555     	0.6722222222222223  	34185.88755899999   	52349.734511999995  	0.6530288620883768  	0.322443738481425   	0.10283628236324924 
29583     	0.6740331491712708  	34804.14506799999   	53309.444604        	0.6528701494929571  	0.3230030697267571  	0.10305591267535397 
29611     	0.6758241758241759  	35031.08204399999   	53675.155931999994  	0.6526498421053528  	0.32343961672209814 	0.10320619727562387 
29638     	0.6775956284153005  	35162.273965999986  	53892.276488999996  	0.6524547904963152  	0.3239174635816083  	0.10337567451315922 
29666     	0.6793478260869565  	35303.56969099999   	54068.580421        	0.6529405694788362  	0.3244522357167604  	0.10355365804620491 
29694     	0.6810810810810811  	35598.87372699999   	54555.11693         	0.652530426663316   	0.3251053845201058  	0.10377429904419493 
29722     	0.6827956989247311  	35659.52799999999   	54621.43709         	0.6528485865584902  	0.3257885786941282  	0.10399372191173292 
29750     	0.6844919786096256  	35821.12789599999   	54819.817672        	0.653433911625287   	0.3265200780969855  	0.10422569683521786 
29777     	0.6861702127659575  	36187.51818999999   	55365.420361        	0.6536122719568633  	0.32723994474648166 	0.10445008947320633 
29833     	0.6842105263157895  	36528.74582599999   	55821.805356        	0.6543813048152106  	0.3262409548141734  	0.10414892105978592 
29888     	0.6822916666666666  	36717.98150699999   	56109.661435999995  	0.6543967753019039  	0.32530518711568485 	0.10387461748011144 
29916     	0.6839378238341969  	36850.14603799999   	56279.53488199999   	0.6547699108612544  	0.3260389306033747  	0.1041464600221444  
29944     	0.6855670103092784  	36913.08430899999   	56342.47315299999   	0.6551555557165764  	0.326793352740895   	0.10441776407540805 
29972     	0.6871794871794872  	37433.87171299999   	57411.291464999995  	0.6520297794697937  	0.3276965094282236  	0.10480380321253453 
30000     	0.6887755102040817  	37776.481178999995  	57961.592232999996  	0.651750231897395   	0.3287301087877198  	0.10523409769320832 
30064     	0.6903553299492385  	38230.37794499999   	58782.938937        	0.6503652018143053  	0.32945115967230554 	0.10551258433401986 
30129     	0.6884422110552764  	38298.79542799999   	58854.952887        	0.6507319018933325  	0.32834248624218487 	0.10520872747095095 
30161     	0.69                	38563.49528899999   	59221.014441        	0.6511792419128444  	0.3290400308721295  	0.10546256595650558 
30354     	0.6747572815533981  	38828.59733999999   	59635.294746        	0.651100954650759   	0.3213816414880325  	0.10304688609471675 
30387     	0.6763285024154589  	39043.254305999995  	59923.747117        	0.6515489465264709  	0.32175096146039317 	0.10319486288261266 
30419     	0.6778846153846154  	39226.793657999995  	60171.128184        	0.6519205280320923  	0.3221971725783277  	0.10335620529993025 
30451     	0.6794258373205742  	39278.25335099999   	60276.084071        	0.6516391029107601  	0.3226550305597086  	0.10352409255309077 
30483     	0.680952380952381   	39784.58770899999   	61138.514989999996  	0.6507287217477769  	0.32329135997317987 	0.10376307707465547 
30580     	0.676056338028169   	40089.498285999995  	61548.989854        	0.6513429120623435  	0.3208606655442666  	0.10300039050361418 
30612     	0.677570093457944   	40450.36212099999   	62056.424919        	0.6518319766857079  	0.32159095311961317 	0.10325090508354631 
30645     	0.6790697674418604  	40807.86654099999   	62568.646672999996  	0.652209512445946   	0.3223168889545456  	0.10350378251813655 
30774     	0.6712328767123288  	40943.44958299999   	62754.578064999994  	0.6524376522871613  	0.3183554996216573  	0.10224808608509361 
30838     	0.669683257918552   	41291.152978999984  	63375.608788        	0.6515306719517991  	0.3173617367174245  	0.10189243124739361 
30903     	0.6681614349775785  	41646.54340799998   	63821.130644        	0.6525510123019936  	0.31642776877788137 	0.10150692381738365 
30935     	0.6696428571428571  	41974.99512599998   	64328.371288999995  	0.6525113924837952  	0.3168971567996981  	0.101585577104784   
30967     	0.6711111111111111  	42463.93389299998   	65236.372405999995  	0.6509242057287422  	0.31750943198366854 	0.1017393306386748  
31000     	0.672566371681416   	42742.07473999998   	65673.99182499999   	0.650821939587498   	0.31802035689043173 	0.10184781368554459 
31047     	0.6740088105726872  	43180.38996899998   	66318.13670399999   	0.6511098187472982  	0.3185425223754503  	0.101937996277785   
31071     	0.6754385964912281  	43271.642320999985  	66431.07308599999   	0.6513765367749157  	0.3191034860585361  	0.10203300552093114 
31095     	0.6768558951965066  	43427.62859799998   	66729.76191599999   	0.6507984945707893  	0.31958422616139337 	0.10211821589519902 
31119     	0.6782608695652174  	43576.49240699998   	66900.74145999999   	0.651360380408555   	0.32012847784487747 	0.10221008349059957 
31142     	0.6796536796536796  	43692.076598999985  	67054.912365        	0.65158651406732    	0.32071155375756627 	0.1023107265961304  
31166     	0.6810344827586207  	43923.564819999985  	67380.963168        	0.6518690555147747  	0.32139501036992807 	0.10243001062716972 
31190     	0.6824034334763949  	44142.47486899998   	67761.090577        	0.6514428043161272  	0.322145602785778   	0.10257787686068835 
31214     	0.6837606837606838  	44486.91516199998   	68338.596075        	0.6509778912223576  	0.3229960315936665  	0.10276768026310318 
31238     	0.6851063829787234  	45106.84146499998   	69209.339335        	0.6517450086709455  	0.32401946192514536 	0.10301208201987716 
31261     	0.6864406779661016  	45303.76927299998   	69445.50945         	0.6523642728205227  	0.324925651564491   	0.10322350614837747 
31285     	0.6877637130801688  	45891.28727199999   	70528.057565        	0.6506812870850116  	0.32598957057061256 	0.10351721885431728 
31333     	0.6861924686192469  	46217.15131499999   	70986.13717999999   	0.6510729157977264  	0.3257760607919183  	0.1033958033405796  
31357     	0.6875              	46335.45672499999   	71150.72422499998   	0.6512295866233679  	0.32681431040461784 	0.10366883686245987 
31380     	0.6887966804979253  	46716.11711699999   	71743.73285499998   	0.651152585152171   	0.327951424768107   	0.10398341335649203 
31404     	0.6900826446280992  	47183.414177999985  	72516.81600699999   	0.6506547967225341  	0.3291917925193987  	0.10435198217955897 
31428     	0.691358024691358   	47483.68158299998   	73005.95979699999   	0.6504082915289775  	0.3304949815502812  	0.10475327129078069 
31500     	0.6869918699186992  	47752.97232899998   	73371.27771399998   	0.6508401354974391  	0.3285747750700267  	0.1041210378793449  
31547     	0.6854838709677419  	48005.00130499998   	73785.27300799997   	0.6506041022548655  	0.3280008133553626  	0.1039428702785937  
31571     	0.6867469879518072  	48119.380416999986  	73899.65211999997   	0.6511448841310189  	0.3286193184759777  	0.10414831758545    
31595     	0.688               	48332.94208099999   	74183.48864199997   	0.6515323418429212  	0.3293003233821857  	0.10436653712728093 
31666     	0.6837944664031621  	48497.633962999986  	74380.23804099996   	0.6520231077543347  	0.327261759634331   	0.1036866594357552  
31690     	0.6850393700787402  	48677.97300999999   	74617.77014999997   	0.6523643484942709  	0.3279019846286355  	0.10384410475772957 
31714     	0.6862745098039216  	48999.48689699999   	75131.82485299997   	0.6521801778789547  	0.3285116162409399  	0.1039630821700979  
31738     	0.6875              	49115.41936699999   	75327.95297399997   	0.6520211611744257  	0.32884285770443955 	0.1039944560277994  
31761     	0.688715953307393   	49503.60547899999   	75907.28523399997   	0.65215881883267    	0.3291795676351814  	0.10404411919906044 
31785     	0.689922480620155   	49573.00764199999   	75999.82094899997   	0.6522779530660497  	0.3295448451952635  	0.10409643739248932 
31809     	0.6911196911196911  	49718.88359599999   	76195.58387599998   	0.6525166035463691  	0.32997192761424055 	0.10416002673293413 
31833     	0.6923076923076923  	49804.15001599999   	76280.85029599998   	0.6529050190544563  	0.33044102907249473 	0.10422330519114831 
31880     	0.6908396946564885  	50014.594268999994  	76576.49382899997   	0.6531324662197994  	0.3296528727439682  	0.1038759523229205  
31904     	0.6920152091254753  	50374.466840999994  	77240.24282599997   	0.6521790325605159  	0.33020652598024136 	0.10397614266540695 
31928     	0.6931818181818182  	50970.34021899999   	78195.09582699997   	0.6518355106536036  	0.3307780192446191  	0.10411803260279374 
31952     	0.6943396226415094  	51159.14841599999   	78434.60487599997   	0.6522522615735655  	0.3314015688099502  	0.1042675581077633  
31976     	0.6954887218045113  	51351.540018999985  	78659.90392199997   	0.6528299356927862  	0.33204805936905646 	0.104421823721418   
32000     	0.6966292134831461  	51788.809147999986  	79333.45032299997   	0.6527991526543454  	0.33281227818414666 	0.10461373826189478 
32050     	0.6977611940298507  	51907.49125699999   	79487.08232599997   	0.6530305269491721  	0.33353404447325463 	0.10478613612330608 
32125     	0.6937269372693727  	52126.80058499999   	79747.84970499997   	0.6536452177434922  	0.3317078327516188  	0.10417001877757778 
32175     	0.6923076923076923  	52183.42633799999   	79820.66321199997   	0.6537583657931184  	0.33100163561279566 	0.10390556673421006 
32200     	0.6934306569343066  	52334.62642199999   	80021.18449199997   	0.6540096444989775  	0.33152462193433135 	0.10402273178932042 
32225     	0.6945454545454546  	52664.039629999985  	80577.86272399998   	0.6535795049614054  	0.3320051191444706  	0.10412842388017451 
32250     	0.6956521739130435  	52729.03244099998   	80662.28137099998   	0.6537012286880015  	0.3323474418132331  	0.10418228663527838 
32275     	0.6967509025270758  	52876.06616399998   	80842.72428299997   	0.6540609143613315  	0.33273058836197444 	0.10424175854817051 
32300     	0.697841726618705   	53167.17245499998   	81276.14214099997   	0.6541547255375898  	0.33320318935258614 	0.10432259672322741 
32350     	0.6964285714285714  	53251.60704999998   	81438.78301599997   	0.6538851033608623  	0.33235178186034003 	0.10400800890077617 
32375     	0.697508896797153   	53614.42675099998   	81995.02576899997   	0.6538741374634716  	0.33268325222415257 	0.10408395931561493 
32400     	0.6985815602836879  	54141.24927299998   	82929.39364799997   	0.6528595820054657  	0.3330016732623827  	0.10418398554084224 
32425     	0.6996466431095406  	54201.299984999976  	82989.44435999996   	0.6531107709298561  	0.3333014938933347  	0.10427240306630713 
32450     	0.7007042253521126  	54492.55994699997   	83494.01428499997   	0.6526522938637743  	0.33368496999541947 	0.10439157342268246 
32500     	0.6993006993006993  	54778.73927199997   	83952.86096499997   	0.6524940144069334  	0.3328588331630323  	0.10415115337253252 
32525     	0.7003484320557491  	55145.85911499997   	84473.99842199998   	0.6528145955577032  	0.333279602790814   	0.10430563544627146 
32550     	0.7013888888888888  	55285.88224099997   	84708.62322599998   	0.6526594357872982  	0.3337327021429355  	0.10447370344739121 
32575     	0.7024221453287197  	55409.22044299997   	84834.65276099998   	0.653143717097556   	0.3341690380321272  	0.10463375649255571 
32600     	0.7034482758620689  	55909.43179599997   	85657.41160499997   	0.6527097976509068  	0.3346480704095355  	0.10481757715928228 
32625     	0.7044673539518901  	56134.31501499997   	86071.07625699998   	0.6521855826153293  	0.3350514092657715  	0.10499822196100239 
32650     	0.7054794520547946  	56268.74312899997   	86206.02354999998   	0.6527240303151645  	0.33549793461333455 	0.10517971899534741 
32675     	0.7064846416382252  	56743.48591899997   	87112.89722199999   	0.6513787019893725  	0.33604525127437246 	0.1054112594928537  
32700     	0.7074829931972789  	56828.04153699997   	87212.31712699999   	0.6516056837963158  	0.3366260088345527  	0.10564409875543553 
32725     	0.7084745762711865  	57341.95990599997   	88061.38307099999   	0.6511589746412192  	0.3371594469685472  	0.10587773740856732 
32750     	0.7094594594594594  	57562.44688399997   	88418.92459299999   	0.6510195317231569  	0.33763063485791717 	0.10607339906764367 
32800     	0.7080536912751678  	57731.41586999997   	88697.94301399999   	0.650876603315228   	0.3370099782276455  	0.10592399702747926 
32825     	0.7090301003344481  	58184.610563999966  	89322.979906        	0.6513957620450098  	0.33765512630866273 	0.10615891165093916 
32850     	0.71                	58342.828296999964  	89544.918167        	0.6515481781801555  	0.33833955539685107 	0.10640279597387646 
32875     	0.7109634551495017  	58455.37342299996   	89701.249755        	0.6516673243980263  	0.3389476550096251  	0.10662712873990712 
32900     	0.7119205298013245  	58690.90099699996   	90065.98491099999   	0.6516433596434461  	0.3396089894620037  	0.10686892596590443 
32925     	0.7128712871287128  	58947.07307399996   	90424.38436999999   	0.6518935515535208  	0.34033246850264637 	0.1071253109157073  
32975     	0.7114754098360656  	59219.60975899996   	90879.29810899998   	0.6516292598119804  	0.33970699048249503 	0.10694974846470855 
33000     	0.7124183006535948  	59341.139700999964  	91008.64062899999   	0.6520385239342962  	0.3402291508546983  	0.10713115186936747 
33044     	0.7133550488599348  	59612.73322599996   	91392.23518699998   	0.6522735011790096  	0.34073569394339837 	0.10731279150042562 
33066     	0.7142857142857143  	59760.67543099996   	91592.43329799999   	0.652463017731672   	0.34116424550774543 	0.10745575129094119 
33088     	0.7152103559870551  	60084.34049699996   	92067.31386099999   	0.6526131585386883  	0.3416003139590573  	0.10761532922336862 
33133     	0.7138263665594855  	60682.37541199996   	92859.65417899999   	0.6534848309366539  	0.3411028381887081  	0.1074609432984073  
33155     	0.7147435897435898  	60878.68379399996   	93184.99182         	0.6533099655317431  	0.3415493742670977  	0.10761427768641223 
33177     	0.7156549520766773  	61371.21782399996   	93901.87023999999   	0.6535675771647972  	0.3420975423651353  	0.1078064534977992  
33200     	0.7165605095541401  	61627.16359899996   	94349.32908299999   	0.6531807295077421  	0.3427001954285686  	0.10802273969165185 
33244     	0.7151898734177216  	61995.489600999965  	95026.34411199999   	0.6524031854569804  	0.34209659218964866 	0.10789136191282944 
33266     	0.7160883280757098  	62421.65787999996   	95751.83668699999   	0.6519108148708213  	0.3426651364448246  	0.10813514864553056 
33288     	0.7169811320754716  	62744.540065999965  	96222.385281        	0.6520784106813184  	0.34331461931299495 	0.10840394303775046 
33311     	0.7178683385579937  	63388.04269499997   	97263.822499        	0.6517124359949115  	0.34410273168478533 	0.10872501228597667 
33355     	0.7165109034267912  	63703.431057999966  	97750.155597        	0.6516964670688979  	0.34387756742863484 	0.10872928773460894 
33377     	0.717391304347826   	63985.29231399996   	98099.875637        	0.6522464162010297  	0.34473859590052963 	0.10905606588551547 
33400     	0.718266253869969   	64223.26506599996   	98461.33183200001   	0.6522689046658553  	0.3456045641713886  	0.1093952619062573  
33422     	0.7191358024691358  	64503.172565999965  	98862.01686700001   	0.6524565713925974  	0.3465412243891193  	0.1097483352672086  
33444     	0.72                	64615.943802999966  	99031.02105300002   	0.652481849787436   	0.3474944775763404  	0.11010791499202661 
33466     	0.7208588957055214  	64894.05411299996   	99421.99099700002   	0.6527132826675951  	0.34851688866305375 	0.11048070303043599 
33488     	0.7217125382262997  	64951.04806299996   	99482.61438700001   	0.6528884314432282  	0.3495455447190912  	0.11085306073605383 
33511     	0.7225609756097561  	65171.45891599996   	99765.61047400002   	0.6532457287271783  	0.350612531156739   	0.11123395456364958 
33533     	0.723404255319149   	65403.985642999956  	100016.25559700001  	0.6539335556265491  	0.3517384802516975  	0.11161861313261118 
33555     	0.7242424242424242  	65506.67199499995   	100161.39012000001  	0.6540112104726042  	0.3528782206281181  	0.1120067641984961  
33577     	0.7250755287009063  	65534.428060999955  	100189.14618600001  	0.6541070620497756  	0.35384351347698234 	0.112331749150285   
33600     	0.7259036144578314  	65718.55275099995   	100503.74259700002  	0.6538915969977184  	0.35477820161225526 	0.1126569927005878  
33622     	0.7267267267267268  	66292.20948599995   	101473.26672000001  	0.6532972834009886  	0.3557493267890264  	0.1130077129232746  
33666     	0.7253731343283583  	66387.90475799995   	101639.81015800001  	0.6531683270049339  	0.35562531711217976 	0.11301845435414777 
33688     	0.7261904761904762  	66535.74703599994   	101864.558749       	0.6531785721464495  	0.35660141707151277 	0.11337368977221252 
33755     	0.7227138643067846  	66655.15007399995   	102035.161445       	0.6532566727983182  	0.3553904248041285  	0.11301456677626935 
33777     	0.7235294117647059  	66791.40479599994   	102212.635398       	0.6534554611171571  	0.35630320395665604 	0.1133218261003335  
33800     	0.7243401759530792  	67050.28856699994   	102675.192574       	0.6530329954694314  	0.35721501045505427 	0.1136115413127588  
33822     	0.7251461988304093  	67399.96139399994   	103247.357768       	0.6528008353051488  	0.3581432558012122  	0.1139155546595895  
33844     	0.7259475218658892  	67485.78113699994   	103368.993709       	0.6528629012969116  	0.35908553144034117 	0.11422372905507233 
33866     	0.7267441860465116  	67654.37184799994   	103595.11855300001  	0.6530652485656211  	0.3599430802444776  	0.11450652178656807 
33933     	0.723342939481268   	68170.21206499994   	104408.86948400001  	0.652915910323563   	0.3588178959845229  	0.11416126910941693 
33977     	0.7220630372492837  	68345.10360999995   	104655.71351100001  	0.6530470369667531  	0.35855181231333744 	0.11409281776355842 
34000     	0.7228571428571429  	68625.39900899994   	105077.68927500001  	0.6530920072804384  	0.359363093292866   	0.11437083192241239 
34041     	0.7236467236467237  	69153.76776199994   	105879.81395000001  	0.6531345795021577  	0.36014434809411794 	0.11465176394047524 
34104     	0.7203389830508474  	69775.76141199995   	106956.424559       	0.6523755978165648  	0.35901117056056125 	0.11433178542070153 
34125     	0.7211267605633803  	69861.82954399995   	107109.469272       	0.6522469957029547  	0.35993144751732    	0.1146660020931945  
34145     	0.7219101123595506  	70220.04664799994   	107635.522335       	0.652387289295166   	0.3608421303428758  	0.11496905910749    
34166     	0.7226890756302521  	70410.36981199995   	107969.990285       	0.6521290742561258  	0.36168983468567034 	0.11524739114734675 
34187     	0.723463687150838   	70824.07318499994   	108564.337989       	0.6523695948127645  	0.36257676924085536 	0.11554981246069397 
34229     	0.7222222222222222  	70883.62077299994   	108666.57027400001  	0.6523038372727572  	0.3622722264126803  	0.11546398717548158 
34250     	0.7229916897506925  	71156.78732799995   	109106.54371400001  	0.6521770821970365  	0.36294799440335795 	0.11569964892565998 
34270     	0.7237569060773481  	71519.65996799995   	109712.30300300001  	0.6518836813228166  	0.3636868839265227  	0.11596145582969092 
34312     	0.7225274725274725  	71800.97169499994   	110145.847129       	0.6518718005855316  	0.3633022214312785  	0.11586902385383317 
34354     	0.7213114754098361  	71861.15687099994   	110220.961513       	0.651973598166482   	0.3629039839748542  	0.11575681362920028 
34395     	0.720108695652174   	72051.69458599994   	110557.937016       	0.6517098322445415  	0.3625514559590047  	0.11565799520178946 
34479     	0.7150537634408602  	72638.25182499994   	111510.522713       	0.6514026663829072  	0.3602384743415051  	0.11493298788166806 
34520     	0.713903743315508   	72757.57890899995   	111668.745223       	0.6515482802614525  	0.3598152459873821  	0.11482489502083583 
34541     	0.7146666666666667  	72851.99815899995   	111789.007469       	0.6516919669333534  	0.3603082209067525  	0.1150020415689657  
34583     	0.713527851458886   	73062.02262399995   	112095.34568500001  	0.6517846229700928  	0.3598074560562507  	0.11487344324406618 
34625     	0.712401055408971   	73263.89202199994   	112428.52523000001  	0.6516486085014523  	0.35935190303942927 	0.11476099226825791 
34645     	0.7131578947368421  	73370.47075299994   	112615.28554300002  	0.651514316189207   	0.3598733668874115  	0.11495859199157646 
34687     	0.7120418848167539  	73849.44683099995   	113405.19317500002  	0.6511998680434322  	0.35934849225032645 	0.11482938843578597 
34729     	0.7109375           	74330.55091299996   	114096.20939700003  	0.6514725713136124  	0.35890618267971736 	0.11472557781865089 
34791     	0.7080103359173127  	74593.80434599996   	114511.90895500002  	0.6514065220527696  	0.35747221115663597 	0.11429120802514336 
34833     	0.7069408740359897  	74801.74860799997   	114763.62067700003  	0.6517897236662481  	0.35684946591684474 	0.11409149352325493 
34875     	0.7058823529411765  	74984.15895499996   	115037.37714200003  	0.6518243097844703  	0.35622071431576013 	0.11389789329489501 
34958     	0.7012658227848101  	75326.25740799996   	115517.74166600003  	0.6520752251701134  	0.3538276777555776  	0.11312941959066317 
34979     	0.702020202020202   	75507.22146299997   	115753.86096500003  	0.6523084485780629  	0.35407787575428873 	0.1132037924232251  
35000     	0.7027707808564232  	75872.43778999997   	116371.00914400003  	0.6519874524428482  	0.35439008281582307 	0.11330623043702524 
35054     	0.7035175879396985  	76461.07686499997   	117265.30494900003  	0.6520349467240437  	0.35478990202584654 	0.1134467225509339  
35081     	0.7042606516290727  	76653.11664699997   	117497.43849600003  	0.6523811721189946  	0.355172278643175   	0.11356997680422445 
35135     	0.7032418952618454  	76832.68609699997   	117763.96961300004  	0.652429485431666   	0.35459657295315333 	0.11337930741326918 
35162     	0.7039800995024875  	77300.66951199996   	118431.38170200004  	0.6527042782166116  	0.3549848519010265  	0.11349589691111857 
35189     	0.7047146401985112  	77443.55437099996   	118670.36232100004  	0.6525938983949278  	0.3553878532120519  	0.11362298789751533 
35216     	0.7054455445544554  	77927.06277799996   	119535.00938900004  	0.6519183223084353  	0.3558646093888251  	0.1137880307346404  
35243     	0.7061728395061728  	78327.50268199996   	120216.87061200004  	0.6515516689400607  	0.35641917638083936 	0.1139775641500859  
35270     	0.7068965517241379  	78454.74693699996   	120387.70040200005  	0.6516840729993424  	0.3570015541731487  	0.1141727786499476  
35297     	0.7076167076167076  	78943.32606299996   	121178.56934900004  	0.6514627667837819  	0.3575473936955756  	0.11437099961671764 
35324     	0.7083333333333334  	79552.39455599996   	122244.80151000005  	0.6507630064701957  	0.35817719355230393 	0.11461704208457656 
35351     	0.7090464547677262  	79911.21387999995   	122806.01225300005  	0.6507109254176421  	0.3588068341794672  	0.1148566728171081  
35378     	0.7097560975609756  	80369.93256799995   	123442.91004800005  	0.651069652657642   	0.35942784901543995 	0.11509550913219499 
35405     	0.7104622871046229  	80535.28690899994   	123674.70121000004  	0.6511864279522355  	0.3600817757502485  	0.11534172241317882 
35432     	0.7111650485436893  	81054.91373199994   	124529.51480500004  	0.6508891796368379  	0.3608102316596186  	0.11562600108043204 
35459     	0.711864406779661   	81376.04679199994   	125086.60906000005  	0.6505576208638484  	0.3615506554265389  	0.11592444502402958 
35486     	0.7125603864734299  	81508.86946399993   	125321.85979600005  	0.6503962644400645  	0.3621979156906817  	0.11619995162994338 
35513     	0.7132530120481928  	82117.22148499993   	126473.01178500005  	0.6492865183332275  	0.362940077196758   	0.1165205082763014  
35567     	0.7122302158273381  	82609.88019099993   	127144.69284300006  	0.6497312498368115  	0.3628635083010073  	0.11656197639495403 
35621     	0.711217183770883   	82766.30240099994   	127348.31149500006  	0.6499206894019125  	0.36279555113311107 	0.11659337011527178 
35648     	0.7119047619047619  	83306.02900899993   	128178.32824200006  	0.6499228859633631  	0.3636569965394727  	0.11692751156985094 
35675     	0.7125890736342043  	83396.20058599993   	128307.22397100006  	0.6499727607297396  	0.3644556458014943  	0.11723947115748969 
35702     	0.7132701421800948  	83869.01419699994   	129161.53618100006  	0.6493342884949154  	0.36529298638656077 	0.11757895947278424 
35729     	0.7139479905437353  	84046.09891699994   	129398.06212900006  	0.6495159010434974  	0.36616129436936945 	0.117924205062849   
35756     	0.714622641509434   	84146.24865199994   	129505.61564600005  	0.6497498060779954  	0.36700661769620296 	0.11824537699595256 
35783     	0.7152941176470589  	84459.19739999993   	129879.98689600005  	0.6502864638231731  	0.3678728200096009  	0.11856918624715622 
35810     	0.715962441314554   	84855.79822799993   	130473.41604200004  	0.6503684873298974  	0.3686230385548388  	0.11884969383560791 
35864     	0.7149532710280374  	85425.07656699992   	131396.96655500005  	0.650129746574041   	0.3685898313534382  	0.11888507259506105 
35918     	0.713953488372093   	85757.10554699993   	131852.41601200006  	0.6504022310762593  	0.3685146549269333  	0.11889254705948599 
35945     	0.7146171693735499  	86008.93693199992   	132349.82742500005  	0.649860589963666   	0.36930853977899347 	0.11919111273224095 
36000     	0.7136258660508084  	86021.28175299993   	132364.32835400006  	0.649882659646347   	0.3690989596248838  	0.11915563884826827 
36058     	0.7142857142857143  	86587.28333199993   	133250.34226700006  	0.6498090876082019  	0.36984268772785817 	0.11943235120410454 
36117     	0.713302752293578   	86744.04406299994   	133572.56402300007  	0.6494151302513242  	0.3695481304681645  	0.11939758460146502 
36176     	0.7123287671232876  	87263.19093999994   	134419.94526600008  	0.6491833542062312  	0.3691817631865101  	0.11931712513834151 
36205     	0.7129840546697038  	87638.46339899994   	135055.9851670001   	0.6489046989708216  	0.3697096901605264  	0.11953567307735806 
36235     	0.7136363636363636  	87762.60049599994   	135316.98236800008  	0.6485704821389376  	0.3701525126749017  	0.11973719347914838 
36264     	0.7142857142857143  	88153.45844799995   	135922.8399740001   	0.6485551542688655  	0.37062071731680696 	0.11994845747957159 
36323     	0.7133182844243793  	88495.62034299994   	136528.4923260001   	0.6481842642171116  	0.3703026920982262  	0.11991310545525895 
36411     	0.7107623318385651  	88652.65593499994   	136821.4489400001   	0.6479441390353682  	0.3689996674995323  	0.11955941462136567 
36441     	0.7114093959731543  	88907.98602799994   	137141.7671170001   	0.6482925508182321  	0.3694064766573272  	0.11975161822455063 
36470     	0.7120535714285714  	88989.64512599994   	137332.2541790001   	0.6479879446965899  	0.36980255611323576 	0.11994273126717434 
36529     	0.7111111111111111  	89081.48434099994   	137467.7980740001   	0.6480171035622947  	0.36938833335749977 	0.11986979867019006 
36558     	0.7117516629711752  	89362.33008099995   	137925.74856700012  	0.6479017225532073  	0.3698277965285251  	0.12008237169808622 
36617     	0.7108167770419426  	89474.12946199995   	138081.85412800012  	0.6479789109657998  	0.36933209903694364 	0.11996908443004119 
36647     	0.711453744493392   	89589.09447699995   	138273.96255300014  	0.6479100824398565  	0.36967644189300713 	0.12012563843004699 
36764     	0.7074235807860262  	89709.29878099995   	138424.25099400015  	0.6480750167460779  	0.3675242618995358  	0.11945976931683791 
36794     	0.7080610021786492  	89819.72488699995   	138534.67710000015  	0.6483555364420729  	0.3678174763847774  	0.1195839195255239  
36823     	0.7086956521739131  	89876.23882799994   	138591.19104100016  	0.6484989280553292  	0.36812032726078137 	0.1197091816984442  
36852     	0.7093275488069414  	89979.83234899995   	138737.07919600015  	0.6485636923484699  	0.3684351682379853  	0.11983776966212088 
36970     	0.7053763440860215  	90099.85803399995   	138890.54234600015  	0.6487112550078878  	0.366222480966312   	0.11911833296126417 
37000     	0.7060085836909872  	90518.46972699995   	139726.77584000013  	0.6478247936576725  	0.3664393676132816  	0.11921027107440904 
37054     	0.7066381156316917  	90671.25424699995   	140020.88120000012  	0.6475552322620283  	0.3666716493034578  	0.11931336285980351 
37081     	0.7072649572649573  	91328.84662699995   	141064.1344700001   	0.6474278311077201  	0.36696147211455266 	0.11945271248449597 
37108     	0.7078891257995735  	91646.04634499995   	141503.8982290001   	0.6476573966654003  	0.36726392270518593 	0.11959268497662091 
37135     	0.7085106382978723  	91899.42140899996   	141947.8887060001   	0.6474166135668307  	0.3676097726178862  	0.11974595625553362 
37162     	0.7091295116772823  	92294.08847799996   	142697.94349800012  	0.6467793873938585  	0.36791996112428    	0.11990755452595728 
37216     	0.7082452431289641  	92583.26666299996   	143200.8020570001   	0.6465275706077946  	0.36732261928298565 	0.1197542336637456  
37351     	0.702928870292887   	93065.95567199995   	143927.27452700012  	0.6466179254616622  	0.36440137416234636 	0.11883615318214902 
37378     	0.7035490605427975  	93262.82954599995   	144218.5802910001   	0.6466769355087042  	0.36454805645102767 	0.11892313301775412 
37459     	0.7012448132780082  	93749.92024499994   	145012.5561790001   	0.6464951912803829  	0.36324111152336536 	0.1185460753954193  
37486     	0.7018633540372671  	93927.03947599995   	145209.4759660001   	0.6468382235467359  	0.3634888242017766  	0.11866816578637662 
37513     	0.7024793388429752  	94151.09001399994   	145612.8252430001   	0.646585146994296   	0.36376788496704    	0.11880473689911603 
37567     	0.7016460905349794  	94410.97531999994   	146063.8702650001   	0.6463677509620444  	0.363199116334922   	0.11863775226895532 
37702     	0.6965376782077393  	94850.48546399994   	146694.19920700009  	0.6465864770164257  	0.36020056113036464 	0.11764839247437929 
37729     	0.6971544715447154  	95112.69674599994   	147200.0213850001   	0.6461459438054951  	0.360201992969802   	0.11764974030984511 
37756     	0.6977687626774848  	95409.90409399994   	147660.2526080001   	0.6461447979998289  	0.36019443246623    	0.11765256809922639 
37783     	0.6983805668016194  	95538.22732999994   	147800.6721720001   	0.6463991396386832  	0.36022096060298586 	0.11765679538697764 
37810     	0.6989898989898989  	95811.12175099994   	148242.9540000001   	0.6463114715792824  	0.3602895052380265  	0.11767652727730982 
37837     	0.6995967741935484  	96144.88139499995   	148735.07113100012  	0.6464170196302877  	0.3604157825206507  	0.11770995884824419 
37864     	0.7002012072434608  	96668.64922999995   	149536.68005900012  	0.6464544297215844  	0.3606051490486343  	0.11777181338590065 
37918     	0.6993987975951904  	96791.07843599995   	149748.3574630001   	0.6463581976845064  	0.3600583127375256  	0.11759920209559363 
38000     	0.6972111553784861  	96995.41379499996   	150139.51158200012  	0.646035229320864   	0.3588070195438465  	0.11719426711181005 
38045     	0.6978131212723658  	97107.83312299996   	150292.02968100013  	0.6461276311798743  	0.35900693897606684 	0.11726267086229164 
38068     	0.6984126984126984  	97216.92985999996   	150469.96200500012  	0.6460886183833119  	0.35921908518727935 	0.11733752944977814 
38090     	0.699009900990099   	97617.76875699995   	151037.4755490001   	0.6463148857736996  	0.3594827417145808  	0.11743068356658326 
38113     	0.6996047430830039  	97907.99608799996   	151482.3455190001   	0.6463327178659216  	0.3597879892503933  	0.11753688526396713 
38136     	0.7001972386587771  	98076.73701999996   	151676.66991400011  	0.6466171565845226  	0.36011945246818095 	0.1176470639605675  
38159     	0.7007874015748031  	98148.60685499996   	151771.89405400012  	0.6466849970263855  	0.3604624496500678  	0.11775873676976856 
38181     	0.7013752455795678  	98182.70313499996   	151807.29205300013  	0.6467588072167288  	0.36081381891736347 	0.11787009313777753 
38204     	0.7019607843137254  	98292.13262399996   	151957.06268300014  	0.6468414885660736  	0.36105076946063525 	0.11793321925607056 
38227     	0.7025440313111546  	98620.81162399997   	152442.17705800015  	0.6469391445812099  	0.3612516077120296  	0.1179838015559549  
38272     	0.7017543859649122  	98743.05475899996   	152579.30657200015  	0.6471588905301809  	0.3607790615200247  	0.11780531616547778 
38340     	0.6996124031007752  	99093.15819999996   	153039.14025800014  	0.647502057532108   	0.35966041141656374 	0.11740284347740218 
38386     	0.6988416988416989  	99402.99926499996   	153743.33856000015  	0.6465515852331174  	0.35919679827041534 	0.11723656085890012 
38409     	0.6994219653179191  	99506.34741499997   	153894.63864400014  	0.6465874853846275  	0.35944437419966263 	0.11730065373388247 
38431     	0.7                 	99719.07804099997   	154277.03583300015  	0.6463637151347827  	0.3597139053153801  	0.11737722599875436 
38454     	0.7005758157389635  	99757.53294399998   	154341.37978800014  	0.6463434049962796  	0.3599889729148311  	0.11745546250650424 
38477     	0.7011494252873564  	100101.13663599998  	154875.02270200013  	0.6463349279283574  	0.3602383707663365  	0.11751878937464527 
38500     	0.7017208413001912  	100386.57230599999  	155331.84389900015  	0.646271683810522   	0.3605070130152314  	0.1175904069331639  
38522     	0.7022900763358778  	100407.65080999999  	155370.49588700014  	0.6462465749161653  	0.3607453654570371  	0.11766155262181327 
38545     	0.7028571428571428  	100589.55366199999  	155645.45220300014  	0.6462736446086863  	0.3610100632102318  	0.11774142969761447 
38568     	0.7034220532319392  	100889.49667099999  	156093.64198400013  	0.6463395650755674  	0.36128635625834166 	0.11782035836120995 
38590     	0.7039848197343453  	101240.80858099999  	156704.88976100014  	0.646060303130351   	0.36157323051207463 	0.11791725661832972 
38613     	0.7045454545454546  	101830.78114299999  	157646.71692000015  	0.6459429230909726  	0.36193406256788857 	0.11804536106126576 
38636     	0.7051039697542533  	102301.60951699999  	158440.58555400016  	0.6456780575462672  	0.3623622152825743  	0.11820006822799135 
38659     	0.7056603773584905  	102669.51935199999  	159055.55109700016  	0.6454947258608214  	0.36276713559777757 	0.11835198945349502 
38681     	0.7062146892655368  	102912.76816499999  	159433.34678700016  	0.6454908602181539  	0.36316478830722426 	0.1184997092903436  
38772     	0.702803738317757   	103412.28757999999  	160210.27416600016  	0.6454785007910944  	0.3615427103020919  	0.11800159022463406 
38795     	0.7033582089552238  	103745.06930199999  	160753.80690300016  	0.6453661739071623  	0.3619878522147321  	0.11818184816268605 
38818     	0.7039106145251397  	103887.562033       	160953.38462500015  	0.6454512421409722  	0.36241426618725875 	0.1183541664850138  
38886     	0.7018518518518518  	104152.46377399999  	161323.72163600015  	0.6456115859328023  	0.3615058488719434  	0.11808163149323303 
38909     	0.7024029574861368  	104468.22398899999  	161806.75139500014  	0.6456357543077654  	0.3619475951228282  	0.11823524443327632 
38931     	0.7029520295202952  	104620.249925       	162045.65959600016  	0.6456220437241652  	0.36240366368254645 	0.11839456904277948 
38954     	0.7034990791896869  	104955.49464599999  	162611.71341800014  	0.6454362508081294  	0.36286328003695867 	0.11855216011929014 
39000     	0.7027522935779816  	105181.78719599999  	162942.49572000015  	0.6455147672264946  	0.36260163608242946 	0.1184723848980096  
39050     	0.7032967032967034  	105491.76601299999  	163393.82690400016  	0.645628834404988   	0.36302545247056583 	0.11862163718140845 
39075     	0.7038391224862889  	105852.507867       	163990.39390100015  	0.6454799293359976  	0.3634986459944488  	0.11878656536803163 
39100     	0.7043795620437956  	106218.595697       	164564.32244500014  	0.6454533650967987  	0.36402217977916373 	0.11896460865751284 
39125     	0.7049180327868853  	106379.845235       	164792.25665400014  	0.6455391011384499  	0.3644531052134987  	0.11910416995356038 
39150     	0.7054545454545454  	106432.506444       	164844.91786300016  	0.6456523368979702  	0.3648116888344814  	0.11921137904045917 
39175     	0.705989110707804   	106960.266483       	165760.96444000016  	0.6452681235558085  	0.365223577000702   	0.11934772871882518 
39225     	0.705244122965642   	107160.190077       	166052.91465200015  	0.6453376039895319  	0.364963980055394   	0.11925674881300483 
39250     	0.7057761732851986  	107296.73146400001  	166251.86105300015  	0.6453866488134796  	0.3653812725609032  	0.1193865038952354  
39300     	0.7050359712230215  	107656.01965700001  	166813.22448400015  	0.6453686150484179  	0.36519027493683015 	0.119316956684136   
39325     	0.7055655296229802  	107766.14418300001  	166954.73875200015  	0.6454811944156869  	0.3656429497912475  	0.1194511072110225  
39400     	0.7035714285714286  	108048.246039       	167356.70501100016  	0.6456164754910664  	0.36477316078894173 	0.11915068224354362 
39450     	0.702846975088968   	108193.829327       	167593.24841300017  	0.6455739139346346  	0.3645474047671954  	0.11904944401069435 
39550     	0.6996466431095406  	108561.35114299999  	168214.74646300016  	0.6453735681662054  	0.36295402433796037 	0.1184975410338383  
39600     	0.698943661971831   	108686.097096       	168416.39471500018  	0.6453415493184154  	0.36260255552387566 	0.11835913662831064 
39625     	0.6994727592267135  	108860.824407       	168709.22194400016  	0.6452571065921594  	0.3628559610173593  	0.11840940983421253 
39650     	0.7                 	108930.23553199999  	168778.63306900018  	0.6454029965242524  	0.36312105040573567 	0.11846020869534102 
39675     	0.7005253940455342  	109649.212995       	169862.56340700018  	0.6455172393240902  	0.3634824451450859  	0.1185412264044842  
39700     	0.701048951048951   	110038.55748199999  	170470.57864600018  	0.6454988207114991  	0.36389057237989836 	0.11863766016659599 
39725     	0.7015706806282722  	110099.25733699999  	170545.45009900018  	0.6455713551612682  	0.36430874880520364 	0.11873481178103491 
39750     	0.7020905923344948  	110381.84046499999  	171083.98425400018  	0.645190962475607   	0.3647105592944107  	0.11883716723416456 
39800     	0.7013888888888888  	110623.80128999999  	171437.07588100017  	0.6452734959547923  	0.3644401000857319  	0.11872732690362867 
39825     	0.7019064124783362  	111074.10157099999  	172293.96973200017  	0.644677824440249   	0.3648507960547333  	0.11885039046210312 
39875     	0.7012089810017271  	111590.690114       	173032.00974300018  	0.6449135641419335  	0.36466316626187095 	0.11878143707993537 
39900     	0.7017241379310345  	111795.97250999999  	173364.6402600002   	0.6448602918238471  	0.3651211160108968  	0.11892071405979336 
39975     	0.6998284734133791  	111940.22120199999  	173583.5006440002   	0.6448782331655848  	0.3642997362606542  	0.11864864442408743 
40038     	0.6991452991452991  	112283.04755299998  	174183.0528390002   	0.6446267057724885  	0.3639447102424119  	0.11853168676260924 
40076     	0.6984667802385008  	112419.88427499999  	174345.2274220002   	0.6448119397205478  	0.3635875158063064  	0.11840487461156257 
40096     	0.6989795918367347  	112589.74824399999  	174632.1442130002   	0.6447252237060858  	0.3638757250487225  	0.11848823770497084 
40115     	0.6994906621392191  	113023.25676799999  	175385.9912250002   	0.6444257946634064  	0.3641995074424802  	0.11858588641376022 
40134     	0.7                 	113095.14184499999  	175470.9412620002   	0.6445234808203069  	0.36453887770520804 	0.11868422908780031 
40173     	0.6993243243243243  	113381.23264599999  	175865.1997620002   	0.6447053356743672  	0.3642938357780642  	0.11859004718539823 
40192     	0.6998313659359191  	113497.96913599999  	176062.9212100002   	0.6446443598457879  	0.3646816488641854  	0.11870176422313408 
40211     	0.7003367003367004  	113891.78603199999  	176670.9200590002   	0.6446549663858954  	0.3651209805635941  	0.1188286555094344  
40230     	0.7008403361344537  	114143.00580599999  	177196.8049190002   	0.6441595030913609  	0.3655833740583256  	0.11897253961779947 
40250     	0.7013422818791947  	114559.49985999998  	177820.3219710002   	0.6442430122170338  	0.3660665024007629  	0.11912429525188124 
40288     	0.7006688963210702  	115036.47973999998  	178460.9532860002   	0.6446030777143915  	0.36597752224940183 	0.11909145757499345 
40307     	0.7011686143572621  	115160.79885399998  	178676.26871900022  	0.6445220715634629  	0.36649919305709555 	0.11925658464178522 
40326     	0.7016666666666667  	115686.78096699998  	179438.16857100022  	0.6447166836816268  	0.3670438113515946  	0.11942051652290427 
40346     	0.7021630615640599  	116075.42714699998  	180115.82615200023  	0.6444487951272179  	0.3676276843246725  	0.11960334628914511 
40365     	0.7026578073089701  	116338.09687399998  	180523.83125200024  	0.6444473068577805  	0.3682131533007071  	0.11979378949244225 
40384     	0.703150912106136   	116566.11965699997  	180819.53266200025  	0.6446544681369851  	0.3688231811748668  	0.1199902879337393  
40403     	0.7036423841059603  	116986.03027299997  	181503.90941300025  	0.6445372479928568  	0.3694551538234771  	0.12019739616059341 
40442     	0.7029702970297029  	117105.83700299996  	181673.13562800025  	0.644596332849066   	0.369458381158689   	0.12020173195723473 
40461     	0.7034596375617792  	117461.45724599996  	182275.59556700024  	0.6444168067623944  	0.3701108558177447  	0.12042135565316323 
40500     	0.7027914614121511  	117557.73568599996  	182430.77926300024  	0.6443963905702752  	0.37010472762485963 	0.12041498268424107 
40538     	0.7021276595744681  	117688.08127599995  	182647.78526700023  	0.6443444200758298  	0.37010712014579045 	0.12041350802684722 
40576     	0.7014681892332789  	118087.90982299995  	183281.97788300022  	0.6442963524672485  	0.37012056716926667 	0.12041450555817353 
40596     	0.7019543973941368  	118666.14283299995  	184075.0725220002   	0.6446616655213717  	0.3707987306074252  	0.12063037055762368 
40653     	0.700162074554295   	118948.12247799995  	184510.5406650002   	0.644668440346526   	0.37023772407623085 	0.12044934105575764 
40711     	0.6983870967741935  	119349.21505399994  	185234.13255900022  	0.6443154585237426  	0.36965702890148894 	0.12027834769123463 
40769     	0.6966292134831461  	119537.87996899994  	185557.9927810002   	0.6442076580882252  	0.36906452686922997 	0.12010045637488938 
40826     	0.694888178913738   	119592.86310699994  	185630.97423000023  	0.6442505815803249  	0.36838434992545666 	0.1198949589106583  
40923     	0.6909667194928685  	119904.46910999993  	186103.60757300022  	0.6442887952237396  	0.3665345678904959  	0.11930013066343266 
40942     	0.6914556962025317  	120007.69177399993  	186297.19985900022  	0.6441733523897741  	0.3670328697172028  	0.11947013174925541 
40961     	0.6919431279620853  	120365.95039699994  	186839.1733160002   	0.6442222380925737  	0.36753588442643526 	0.11963702969015591 
40980     	0.692429022082019   	120571.91277799994  	187143.2352970002   	0.6442760946536475  	0.36807006349336757 	0.11980936575102381 
41000     	0.6929133858267716  	120699.39966299995  	187312.0105120002   	0.6443761899361349  	0.3686199421909     	0.11998500871433303 
41068     	0.6933962264150944  	121190.70792599994  	188086.22435900022  	0.6443359067843438  	0.3691760112206459  	0.12015660964183224 
41137     	0.6927899686520376  	121496.93218199995  	188540.00751400023  	0.6444092889567646  	0.36912802715134985 	0.12012209867890297 
41172     	0.6932707355242567  	121814.24399299995  	189145.06053500023  	0.6440255095662882  	0.3696502209105669  	0.12027695758988491 
41206     	0.69375             	122257.21577099996  	189805.12613900023  	0.6441196729400616  	0.37016584050701257 	0.12043520248934428 
41241     	0.6942277691107644  	122461.44589699995  	190153.26497500023  	0.6440144265369315  	0.37066422363764234 	0.12058429443106336 
41275     	0.6947040498442367  	122960.09935699996  	191071.27902300024  	0.6435299956420902  	0.37113484382041356 	0.12073583403783922 
41379     	0.6930232558139535  	123076.08915599996  	191247.20036000025  	0.643544527315034   	0.3703433552601401  	0.12047894294789857 
41413     	0.6934984520123839  	123304.48298799996  	191581.29691000024  	0.643614407965539   	0.370701748232173   	0.12059145005383014 
41448     	0.6939721792890263  	123377.11908199996  	191699.07233000023  	0.6435978932105237  	0.3710640471558491  	0.1207066330741845  
41482     	0.6944444444444444  	123723.98791099996  	192274.28300300022  	0.6434765272746819  	0.37145622946955187 	0.12083343719507711 
41517     	0.6949152542372882  	124106.23765099996  	192880.42887100021  	0.6434361349020179  	0.3717954917535688  	0.12095147507108064 
41551     	0.6953846153846154  	124190.81737899996  	192993.6690210002   	0.6434968463420755  	0.3721441845807983  	0.12107103638977107 
41586     	0.695852534562212   	124272.73311299995  	193089.2462670002   	0.6436025595188141  	0.372506555166149   	0.12119116997741847 
41655     	0.6952526799387443  	124712.72145899995  	193814.9917360002   	0.643462718450975   	0.37228254565876406 	0.12112301606900468 
41689     	0.6957186544342507  	125007.12918899996  	194281.7684550002   	0.6434321150311861  	0.37260880627076376 	0.12123468766462132 
41724     	0.6961832061068702  	125146.48228099996  	194543.0800490002   	0.6432841623021437  	0.3729132876785307  	0.1213427159680393  
41758     	0.6966463414634146  	125707.76783499996  	195546.3972250002   	0.6428539191665992  	0.3732687549658962  	0.1214775329245     
41793     	0.6971080669710806  	125799.87132699996  	195659.9075150002   	0.6429517059715238  	0.37360808931835515 	0.12159629092048016 
41827     	0.6975683890577508  	125844.63093399996  	195739.9518200002   	0.6429174512606654  	0.3739520910340871  	0.12171656623928456 
41862     	0.6980273141122914  	126019.28738999995  	195987.2283490002   	0.6429974465764358  	0.37431806568682524 	0.12184127693192315 
41896     	0.6984848484848485  	126249.56367499995  	196329.89688200018  	0.643048082233138   	0.3747126797476019  	0.12197272381525867 
41931     	0.6989409984871406  	126587.65403499996  	196945.56040100017  	0.6427545448460746  	0.3750396223605891  	0.12209460208413267 
42000     	0.698340874811463   	126750.58442399996  	197227.13200300018  	0.6426630207352599  	0.3748160340361423  	0.12203816613388169 
42058     	0.6987951807228916  	126989.09530799996  	197624.8192900002   	0.6425766549172784  	0.37514665854456075 	0.12215818476827284 
42088     	0.6992481203007519  	127322.01328499996  	198103.77697800018  	0.642703613364925   	0.37551660332895914 	0.12228688467834808 
42147     	0.6986506746626686  	127425.75287399997  	198273.0083010002   	0.6426782645096789  	0.37527696117893083 	0.12222071159705727 
42205     	0.6980568011958147  	127733.36514599997  	198700.7427500002   	0.642842917334791   	0.3749024537700266  	0.1221113778307161  
42235     	0.6985074626865672  	128075.30359699996  	199194.3806650002   	0.642966449000354   	0.375067963994921   	0.12218036754700812 
42264     	0.698956780923994   	128384.87579599996  	199674.7634270002   	0.6429699657209642  	0.37526917550955413 	0.12226076329111742 
42294     	0.6994047619047619  	128794.54841299997  	200350.6047590002   	0.6428458180494423  	0.3754828525401389  	0.12235140973679906 
42323     	0.6998514115898959  	128879.51719799997  	200481.2726780002   	0.6428506537116698  	0.37567946517775813 	0.1224412640087159  
42352     	0.7002967359050445  	129359.61088799997  	201303.7054950002   	0.6426091887872023  	0.3758474683742809  	0.12251046687841881 
42411     	0.6997041420118343  	129551.78100899997  	201580.3034990002   	0.6426807518406307  	0.3754102288916278  	0.12237382080345122 
42441     	0.7001477104874446  	129708.87670099997  	201769.2706820002   	0.6428574394037857  	0.3755500434055978  	0.12242223612772848 
42500     	0.6995581737849779  	129794.37982599997  	201854.7738070002   	0.6430087204680159  	0.37509568662772663 	0.12227601527611497 
42529     	0.7                 	130131.48566099997  	202329.0033740002   	0.6431677292476705  	0.3751828166901934  	0.12229998214921538 
42588     	0.6994134897360704  	130672.31061699997  	203329.5808100002   	0.6426625683112274  	0.3747340626808759  	0.12216347481514789 
42676     	0.6978102189781021  	130775.63587299996  	203514.7045640002   	0.6425856851629822  	0.3735776142805314  	0.12179511045968512 
42705     	0.6982507288629738  	131206.84707799996  	204243.2613310002   	0.6424047786103644  	0.37350904371035826 	0.12178433221449976 
42735     	0.6986899563318777  	131360.99345699998  	204510.6263870002   	0.6423186695855233  	0.37344171147768107 	0.12177375594600354 
42764     	0.6991279069767442  	131490.69840799997  	204687.2830860002   	0.6423979859694244  	0.3733941754655891  	0.12176621566942035 
42794     	0.6995645863570392  	131653.01393799996  	204921.4898680002   	0.6424558694298192  	0.3733530734705443  	0.12175595659894144 
42823     	0.7                 	131997.21827199997  	205522.26361300022  	0.6422526491852562  	0.37334576836525524 	0.12176161560211464 
42882     	0.6994219653179191  	132089.80041499998  	205639.9266350002   	0.6423353799841227  	0.3727682704831629  	0.12158300465418949 
42911     	0.6998556998556998  	132445.51427899997  	206177.51837900022  	0.6423858203372862  	0.3727238087509168  	0.12157933289783034 
42941     	0.7002881844380403  	132810.57194399997  	206725.27651000023  	0.6424496035808922  	0.37270466937632896 	0.12158377703119784 
42970     	0.7007194244604317  	132904.16241799996  	206820.90115600024  	0.64260508331193    	0.3726905933179906  	0.12158376692915039 
43000     	0.7011494252873564  	133041.63185099995  	207038.75984500023  	0.6425928746414522  	0.3726884893863711  	0.12159017529255393 
43103     	0.7005730659025788  	133463.06344799994  	207870.85746000023  	0.6420479767043906  	0.3721022382474071  	0.1214153712399332  
43137     	0.7010014306151645  	133729.44569799994  	208273.32002100023  	0.6420863012339554  	0.3720438614666115  	0.12139954567471839 
43172     	0.7014285714285714  	133773.85009099994  	208317.72441400023  	0.6421625930645464  	0.37197028980013047 	0.12137852890532043 
43206     	0.7018544935805991  	134048.40797799994  	208676.69828700024  	0.6423736290557873  	0.37193696603841386 	0.12136285878418474 
43241     	0.7022792022792023  	134675.95262399994  	209566.39191000024  	0.6426409854965556  	0.3719640513401587  	0.12136344292212349 
43275     	0.7027027027027027  	135145.72363499994  	210245.79356800023  	0.6427987040382308  	0.3720416465420528  	0.12137784884250044 
43310     	0.703125            	135495.12759699996  	210825.57149300023  	0.642688297427424   	0.37213502105936525 	0.12140103784622468 
43344     	0.7035460992907802  	135533.05126699994  	210863.76278700022  	0.6427517439490347  	0.37216797322831296 	0.121402288622032   
43379     	0.7039660056657224  	135710.33900799995  	211080.0054200002   	0.6429331794736687  	0.3722248212293366  	0.12140727614283751 
43413     	0.7043847241867044  	135937.51922999995  	211402.9860360002   	0.6430255398892564  	0.37230692279153116 	0.12141919303523455 
43448     	0.7048022598870056  	136387.77356899995  	212003.9117990002   	0.643326683982645   	0.3724040347276659  	0.1214248616528604  
43551     	0.7032348804500703  	136592.88128399994  	212301.5815120002   	0.6433907854627975  	0.3714100648548616  	0.12106870876404985 
43586     	0.7036516853932584  	136828.74443199995  	212675.01670900022  	0.6433700890181215  	0.3714886656304868  	0.12106275224873189 
43620     	0.7040673211781207  	137210.14332999996  	213305.28558300022  	0.6432571183361956  	0.37154110495794984 	0.12106042099959008 
43655     	0.7044817927170869  	137306.58510099998  	213413.07555200023  	0.6433841260468778  	0.3716098782849597  	0.12105887828648734 
43689     	0.7048951048951049  	137448.24845299998  	213592.43444700024  	0.6435071017794205  	0.3716732046423862  	0.12105813809638401 
43758     	0.704323570432357   	137761.35347499998  	214075.03798500024  	0.6435189958235701  	0.37123422771208675 	0.1208984983864329  
43827     	0.7037552155771906  	137907.85807        	214278.40990700023  	0.6435919425099985  	0.37081547195445475 	0.12074319127921641 
43862     	0.7041666666666667  	138345.619609       	215070.1739480002   	0.6432580448949154  	0.3709533997940188  	0.12077590142222229 
43896     	0.7045769764216366  	138739.23133299997  	215793.22762000022  	0.6429267167610653  	0.3710658246404025  	0.1208032784611712  
43931     	0.7049861495844876  	139136.720537       	216504.28202900023  	0.6426511255715625  	0.37121616124311557 	0.1208461265891249  
44000     	0.7044198895027625  	139305.468783       	216720.8505510002   	0.6427875694877715  	0.37083211592536347 	0.12072167791058735 
44040     	0.7048275862068966  	139454.658539       	216896.3306640002   	0.6429553608033732  	0.3709468614716486  	0.12075741732938682 
44061     	0.7052341597796143  	139786.991087       	217461.8125730002   	0.6428116708540477  	0.37104949358380473 	0.12079056515240673 
44081     	0.7056396148555708  	140163.05088        	218149.8665750002   	0.642508075208067   	0.3711981127560848  	0.12083976777258842 
44102     	0.7060439560439561  	140453.382742       	218619.5677610002   	0.642455678512487   	0.37138390224381157 	0.12089835474246075 
44122     	0.7064471879286695  	140656.25345299998  	219131.4036530002   	0.641880858280507   	0.3715819725534902  	0.12096995111808788 
44142     	0.7068493150684931  	140984.326309       	219608.50996900018  	0.6419802508058603  	0.3718127380612015  	0.12105105868279493 
44163     	0.707250341997264   	141266.08991        	219971.0128900002   	0.6422032069318253  	0.3720720474416184  	0.1211376528831672  
44183     	0.7076502732240437  	141505.428026       	220316.18764500017  	0.6422833906966949  	0.37235882723219443 	0.12123060941946334 
44265     	0.7051630434782609  	141840.216235       	220948.40102600018  	0.6419608178938978  	0.37098998845723236 	0.1207772133916637  
44285     	0.7055630936227951  	142116.041202       	221443.01087700017  	0.6417725293707188  	0.37111088022820216 	0.12081971207113938 
44306     	0.7059620596205962  	142655.767324       	222259.87416500016  	0.6418422032314115  	0.37118574388041364 	0.12085698021320283 
44367     	0.7044534412955465  	142789.36664199998  	222411.65717000017  	0.6420048681749583  	0.370280704512681   	0.12056943728195339 
44530     	0.69826435246996    	143123.24861599997  	222883.47758400015  	0.6421438240618791  	0.3669150866272307  	0.11948088626784886 
44551     	0.6986666666666667  	143218.10030299996  	223057.22088000015  	0.642068881419661   	0.36702430326830865 	0.11952494849821008 
44571     	0.6990679094540613  	143443.47701399995  	223337.43273900016  	0.6422724361734423  	0.3671298928279387  	0.1195620442897428  
44591     	0.699468085106383   	143502.63957699994  	223408.28152200015  	0.6423335724144519  	0.36721269722108263 	0.1195900859057649  
44612     	0.699867197875166   	143569.86868299995  	223532.11006800015  	0.6422785014614899  	0.3673046160713878  	0.11962093424054784 
44632     	0.7002652519893899  	143983.70055599994  	224183.78814500014  	0.6422574163251829  	0.3674335812080329  	0.1196652040390538  
44673     	0.6997354497354498  	144276.29530999993  	224636.58291200016  	0.6422653578492118  	0.36703499082652113 	0.11953695205795059 
44714     	0.6992084432717678  	144537.85840399994  	225049.00106900017  	0.6422506108333471  	0.36661769357373547 	0.11939565597621604 
44734     	0.6996047430830039  	144749.85595899995  	225310.95178300017  	0.6424448293059911  	0.3667113482252116  	0.11941578173422744 
44755     	0.7                 	145098.87506299996  	225774.25621100017  	0.6426723644142845  	0.3667907978453311  	0.11942587782382048 
44775     	0.7003942181340341  	145494.68040499996  	226290.3456170002   	0.6429557567217291  	0.3669192719203797  	0.11944740470224037 
44795     	0.7007874015748031  	145586.60345099997  	226435.0244650002   	0.6429509030017709  	0.3670469864877478  	0.11945879350139162 
44857     	0.6993464052287581  	146007.26854299998  	227031.8876000002   	0.6431134854511946  	0.3662007788198346  	0.11915570085499552 
44877     	0.6997389033942559  	146493.166645       	227826.2418420002   	0.6430039202709339  	0.3663679427093355  	0.11918272905223871 
44897     	0.7001303780964798  	147025.61209799998  	228737.1928050002   	0.6427709035641623  	0.3665555922718943  	0.11921147019463751 
44918     	0.7005208333333334  	147529.908887       	229694.8747190002   	0.6422864640209425  	0.36678391309936736 	0.1192649257271378  
44938     	0.7009102730819246  	147770.83903899998  	230089.1021760002   	0.6422331072680132  	0.36703028957486045 	0.11932647127865582 
44959     	0.7012987012987013  	147918.32880999998  	230284.0148450002   	0.6423299893809867  	0.3672364091802841  	0.11937908094657586 
44979     	0.7016861219195849  	148154.77359099998  	230674.7899860002   	0.6422668623649407  	0.36746248391275876 	0.11944003877071345 
45000     	0.7020725388601037  	148360.16216699997  	230959.09130900018  	0.642365543292292   	0.36770324794354814 	0.11950136719120028 
45048     	0.702457956015524   	148540.96728699998  	231201.8947740002   	0.6424729668941457  	0.3679633548534636  	0.11956691344842178 
45146     	0.7001287001287001  	148806.87184699997  	231644.60478600019  	0.6423929967394317  	0.3668150401962383  	0.11917468548159552 
45170     	0.7005141388174807  	149441.12689299998  	232655.7974580002   	0.6423271138127457  	0.3671415963243046  	0.11926774503053916 
45243     	0.6991037131882202  	149852.82189799997  	233334.9964900002   	0.6422218019251221  	0.36652810957528076 	0.11905620637110662 
45268     	0.6994884910485933  	150339.72583899996  	234100.0221510002   	0.6422029543509705  	0.36689361435594375 	0.11916698595216527 
45292     	0.6998722860791826  	150494.34684499996  	234390.56694500017  	0.6420665678082238  	0.36727031808052296 	0.11928395301317779 
45317     	0.7002551020408163  	150525.80686999997  	234428.88782900016  	0.642095811075119   	0.3676498006706914  	0.1194011091488308  
45341     	0.7006369426751592  	150901.74287199997  	234994.15778400016  	0.6421510402429004  	0.3680595405161729  	0.11952961449387697 
45365     	0.7010178117048346  	151060.51581899996  	235282.67143500014  	0.6420384250895943  	0.3684765298503424  	0.11966450154237557 
45439     	0.6996197718631179  	151337.17237899997  	235760.67095500015  	0.6419101700295289  	0.3679396407699215  	0.11949725153788442 
45463     	0.7                 	151508.74792399997  	235968.44198400015  	0.6420720781564215  	0.3683615299656799  	0.11963573507549048 
45487     	0.7003792667509482  	151630.56557199996  	236177.00226000015  	0.6420208746873434  	0.3687939581385536  	0.11977882443533071 
45512     	0.7007575757575758  	151846.47010499996  	236546.90812600014  	0.6419296337795154  	0.36918394655527803 	0.1199109904231234  
45609     	0.6984924623115578  	152038.56996599995  	236848.17605700015  	0.6419241747903948  	0.36809318976247846 	0.11954851511222002 
45634     	0.698870765370138   	152142.13433099995  	236976.97526700015  	0.6420123058773224  	0.36840559203419704 	0.11963981230141961 
45682     	0.6983729662077597  	152459.16971999995  	237501.23039300015  	0.6419300206054569  	0.3682499861697137  	0.11957716177199333 
45707     	0.69875             	152915.23425099996  	238297.98141500016  	0.6416975642974305  	0.36857989023317667 	0.11967352157573151 
45731     	0.6991260923845194  	153319.25772599995  	238897.16615000015  	0.6417793069580949  	0.36892746923306785 	0.11977787192461292 
45756     	0.699501246882793   	153707.02426699994  	239489.65967500015  	0.6418106922678345  	0.3692072046922845  	0.11986543062587557 
45804     	0.6990049751243781  	153778.18917699993  	239595.86501600014  	0.6418232183044172  	0.36893094009398836 	0.11978008452738563 
45829     	0.6993788819875777  	154180.95221499994  	240150.49550600015  	0.642018047433709   	0.3691277879114309  	0.11985233237925383 
45902     	0.698019801980198   	154512.73253499993  	240707.15936900015  	0.641911661207112   	0.36840712047576946 	0.11962675623052017 
45926     	0.6983930778739185  	154658.78180299993  	240998.51003500016  	0.6417416513510348  	0.36861173416409077 	0.11970360637926476 
45951     	0.6987654320987654  	154784.08321799993  	241156.02094600015  	0.6418420846836717  	0.36883109111475    	0.11978200155229243 
45975     	0.6991368680641183  	155345.39136599994  	241997.62794000015  	0.6419293969464676  	0.3690941178450384  	0.11987308878702785 
46000     	0.6995073891625616  	155520.90224299993  	242223.90285000016  	0.6420543159165757  	0.3693527152647778  	0.11996082826955058 
46052     	0.6998769987699877  	156041.97542899993  	243031.20078600015  	0.6420656069028844  	0.3696222577780869  	0.12005665540625444 
46078     	0.7002457002457002  	156449.52154799993  	243616.18843700015  	0.642196738040084   	0.3699305438836462  	0.12016129892227222 
46105     	0.7006134969325153  	156693.20298799992  	243998.87172100015  	0.6421882276864392  	0.3702614497716629  	0.1202728507112048  
46131     	0.7009803921568627  	156935.97177499993  	244388.36241400015  	0.6421581217077201  	0.37061519240632496 	0.12039261324204269 
46210     	0.6996336996336996  	157014.93359799992  	244566.96302300013  	0.6420120348930103  	0.3700363020597939  	0.12021220334581646 
46236     	0.7                 	157238.2403639999   	244945.29213100014  	0.6419320779592967  	0.3703639231608194  	0.1203257066540019  
46342     	0.6978155339805825  	157475.1261379999   	245261.20962400013  	0.6420710652916478  	0.3693097069308269  	0.11999290170865677 
46368     	0.6981818181818182  	157662.4333619999   	245540.18609000012  	0.6421043979506085  	0.3695739805493513  	0.12009527174275607 
46421     	0.6977025392986699  	158076.1249299999   	246251.8808550001   	0.6419285992096827  	0.3694144368994061  	0.12006852727227639 
46447     	0.6980676328502415  	158405.4824869999   	246849.0710710001   	0.6417098585776668  	0.3697114188126717  	0.12019672627393393 
46552     	0.6959134615384616  	158569.8060699999   	247132.95830000011  	0.6416376316650916  	0.3686801007383512  	0.11989856551143174 
46578     	0.6962785114045619  	158811.8874479999   	247442.95347000012  	0.6418121236467306  	0.3689520062953514  	0.12002399192293942 
46631     	0.6958083832335329  	158871.64863699992  	247510.81502900014  	0.6418776028772132  	0.36879046811758764 	0.12000553116362442 
46684     	0.6953405017921147  	159164.3116889999   	247886.58113200014  	0.6420852268894885  	0.36862426722489455 	0.11998616862020414 
46710     	0.6957040572792362  	159392.2992319999   	248207.91518900014  	0.6421725073135932  	0.3689023910342187  	0.12010837642961864 
46736     	0.6960667461263409  	159533.25618099992  	248399.14626700015  	0.6422455897232443  	0.36919688055978694 	0.12023271380955214 
46763     	0.6964285714285714  	159614.41997399993  	248512.89054900015  	0.6422782320119858  	0.3694974843323336  	0.12035895363511506 
46815     	0.6959619952494062  	159973.48765399994  	249297.00802100016  	0.6416983858888679  	0.3693854549842751  	0.12036026031100058 
46842     	0.6963226571767497  	160155.55576699993  	249537.30075900015  	0.6418100832214902  	0.3696716527423615  	0.12049026810800387 
46868     	0.6966824644549763  	160345.77369799992  	249811.31404200016  	0.6418675403590463  	0.3699556127782664  	0.12061776524940807 
46894     	0.6970414201183432  	160755.6226949999   	250514.41773700016  	0.6417020790546573  	0.37024712003964994 	0.12074568968114555 
46973     	0.6957547169811321  	161008.2555139999   	250858.16115200016  	0.6418298482880199  	0.36968878289980217 	0.12059376788889632 
47000     	0.696113074204947   	161188.8151009999   	251203.70752200016  	0.6416657488499972  	0.370016370661096   	0.12073429259150437 
47047     	0.6964705882352941  	161251.8421329999   	251269.07338700016  	0.6417496588791995  	0.3703532896583244  	0.1208746318802972  
47071     	0.6968272620446534  	161356.9188709999   	251480.01778500015  	0.6416291850629265  	0.3706986472842776  	0.12101895047875787 
47095     	0.6971830985915493  	161425.16702899992  	251567.89372500015  	0.6416763468452013  	0.37100740736052584 	0.12114706198833021 
47142     	0.6967213114754098  	161557.18766599993  	251701.04175600014  	0.6418614183671676  	0.3708701014658386  	0.12112068390097663 
47166     	0.6970760233918128  	161780.57900299993  	252021.34114200014  	0.6419320612687538  	0.37119162248137316 	0.12124144106831469 
47214     	0.6966161026837806  	161865.11271499994  	252159.63087400014  	0.6419152508828075  	0.3710479584639143  	0.12121134138760684 
47285     	0.6953488372093023  	162004.89716699993  	252392.06667800015  	0.6418779294425467  	0.37048495831409034 	0.12104473562651062 
47309     	0.6957026713124274  	162533.90474899992  	253137.32764600014  	0.6420779829685784  	0.3708241672662854  	0.12116818483998745 
47357     	0.6952491309385863  	163048.92677699993  	254089.88268900014  	0.6416978316943374  	0.3707293603427572  	0.12116233521484879 
47380     	0.6956018518518519  	163217.11355799992  	254434.64193000013  	0.6414893519212848  	0.3710520502318186  	0.12130020372778434 
47452     	0.6943483275663207  	163605.05857599992  	255134.30417400014  	0.6412507291235215  	0.3705107692616079  	0.12114838646547595 
47547     	0.6923076923076923  	163956.57033099994  	255741.08707000013  	0.6411037514911423  	0.3694667698143628  	0.12083302809560904 
47571     	0.6926605504587156  	164121.37924999994  	255955.28925900013  	0.6412111260725938  	0.36971985854735107 	0.1209376788512448  
47619     	0.6922196796338673  	164252.99097599994  	256094.69031300012  	0.6413760112529049  	0.36954073970386053 	0.12089920903468314 
47642     	0.6925714285714286  	164388.17243199993  	256324.5794240001   	0.6413281660362221  	0.36977839980658805 	0.12099934965812298 
47690     	0.6921322690992018  	164641.35581699995  	256731.1551450001   	0.6412986991158575  	0.3696133149530736  	0.12096845784397761 
47714     	0.6924829157175398  	164699.99503499994  	256797.72504600012  	0.6413608025752459  	0.3698807736015166  	0.12107596177034091 
47738     	0.6928327645051194  	165030.83412599994  	257384.6921740001   	0.6411835635292324  	0.37012607194227687 	0.12117954014248583 
47761     	0.6931818181818182  	165160.33975199994  	257587.25717400011  	0.6411821049068207  	0.37034414331457777 	0.12127749346125503 
47785     	0.6935300794551645  	165499.53404899995  	258086.1339270001   	0.6412569770052491  	0.3705963399000719  	0.1213840071691151  
47809     	0.6938775510204082  	166051.98089999994  	259118.3110600001   	0.6408346064803957  	0.3708861496562     	0.12151095951975083 
47833     	0.6942242355605889  	166460.89343599993  	259705.8582520001   	0.6409593320551057  	0.37121174462281725 	0.12164908039430593 
47857     	0.6945701357466063  	166644.6180629999   	259970.7609200001   	0.641012925735448   	0.37155533111791444 	0.1217913822092391  
47904     	0.6941309255079007  	166712.5440769999   	260060.5237240001   	0.6410528660394856  	0.3714861134904085  	0.12179657963611162 
47928     	0.6944757609921083  	167007.51193399992  	260451.7857770001   	0.64122237225508    	0.3718653542941209  	0.12194461095858666 
47976     	0.6940382452193475  	167501.8061359999   	261244.3274830001   	0.6411691604936368  	0.3718488462352179  	0.12197088000084244 
48047     	0.6936026936026936  	167866.86579399992  	261925.4012670001   	0.6408957091675149  	0.3718513894188282  	0.12201096235301905 
48071     	0.6939461883408071  	168222.37967399994  	262592.2794310001   	0.6406219559787277  	0.37220793871915686 	0.1221665434826753  
48095     	0.6942889137737962  	168376.46886599995  	262810.0413600001   	0.6406774565944229  	0.37257679522695897 	0.12232506388036171 
48119     	0.6946308724832215  	168659.38547499996  	263310.0846800001   	0.6405352293284595  	0.3729204068993537  	0.12246653524181543 
48142     	0.6949720670391062  	168811.80960799995  	263538.2002190001   	0.6405591654937213  	0.37327422649139336 	0.12261190040245691 
48166     	0.6953125           	169238.83402599994  	264143.1653940001   	0.640708737527093   	0.37364324888564493 	0.12276296386501592 
48214     	0.6948775055679287  	169629.82165499995  	264707.23471600015  	0.6408204967914567  	0.37363295265158486 	0.12278634167017158 
48238     	0.6952169076751946  	169932.42569399995  	265138.1965140001   	0.6409201990820171  	0.3740271466140702  	0.12293680379073671 
48261     	0.6955555555555556  	170213.62402599995  	265570.33951800014  	0.6409361238718566  	0.3744445460321026  	0.12309426488573139 
48285     	0.6958934517203108  	170277.81246499994  	265666.10148100014  	0.6409467053408687  	0.3748659415562605  	0.12325284552136329 
48309     	0.6962305986696231  	170635.14676199993  	266294.65097000013  	0.640775720204846   	0.3753132073907868  	0.12342358406338981 
48333     	0.6965669988925803  	170670.32353799994  	266336.4745230001   	0.6408071738715656  	0.3757438610681544  	0.12358726166700715 
48452     	0.6938325991189427  	170919.10637999992  	266829.92437800014  	0.6405544909493368  	0.37441531110106874 	0.12317896213817524 
48547     	0.6918859649122807  	171159.33028799994  	267239.26993500016  	0.6404722267413413  	0.3735029845253837  	0.12290636752559521 
48595     	0.6914660831509847  	171319.53442099993  	267527.31209200015  	0.6403814738813836  	0.3733423156262674  	0.12289177323547071 
48714     	0.6887921653971708  	171432.15793499994  	267675.57995500014  	0.6404475072541918  	0.371846904462195   	0.1224320701780078  
48738     	0.6891304347826087  	171505.14714299995  	267786.36736800015  	0.6404551091553976  	0.37195178689905967 	0.12249090782326    
48785     	0.6887201735357917  	171881.00974699995  	268355.00157000014  	0.640498625855367   	0.3716567844123164  	0.12240961221179926 
48833     	0.6883116883116883  	172042.32452399994  	268680.26117100014  	0.6403236463079977  	0.3713526253633133  	0.12233367740315142 
48880     	0.6879049676025918  	172171.41163299992  	268899.87983700016  	0.6402807310191644  	0.37103638775675973 	0.12225263808170464 
48904     	0.6882416396979504  	172244.69987699992  	269015.4749970002   	0.6402780355997016  	0.3711307283089299  	0.12230546233746706 
48928     	0.6885775862068966  	172470.7988429999   	269363.4978680002   	0.6402901662923834  	0.3712116469230196  	0.1223483110806328  
48952     	0.6889128094725512  	172666.1272299999   	269613.5708730002   	0.6404207572746151  	0.3713119800263837  	0.12239486427175754 
48976     	0.689247311827957   	173097.28272899988  	270317.2055380002   	0.6403487428204657  	0.3714466978045834  	0.12245259247551098 
49062     	0.6888412017167382  	173668.99736599988  	271087.9200680002   	0.6406371679063988  	0.37117003355795725 	0.12237073250585102 
49093     	0.6891747052518756  	173845.1092649999   	271377.3400090002   	0.640602893591758   	0.371309337728958   	0.12242474639924154 
49125     	0.6895074946466809  	174132.02941899988  	271723.8542480002   	0.6408418940652556  	0.37146164666084275 	0.12247288416125597 
49156     	0.6898395721925134  	174627.01562799988  	272494.2118590002   	0.6408466970240055  	0.3715877306575949  	0.1225191082828287  
49218     	0.6894343649946638  	174804.18634199988  	272748.4215970002   	0.6408989841938739  	0.3713144465178802  	0.12243272886755235 
49250     	0.6897654584221748  	175176.2919379999   	273437.2804810002   	0.640645239119733   	0.37146376725690694 	0.12248960397297465 
49281     	0.6900958466453674  	175301.2491409999   	273598.3343630002   	0.6407248404824595  	0.3716249059123708  	0.12254810473976296 
49343     	0.6896918172157279  	175469.9647849999   	273832.21695000015  	0.6407937193783136  	0.37140309328780813 	0.12247752135316348 
49375     	0.6900212314225053  	176033.9071219999   	274640.67802800017  	0.6409607942493242  	0.3716237690212793  	0.12255044695365327 
49406     	0.6903499469777307  	176322.6617709999   	275120.83189300017  	0.6408917149522694  	0.37186686500790134 	0.12263129754655093 
49437     	0.690677966101695   	176555.72004199988  	275465.78081000014  	0.640935217154168   	0.37210339306806334 	0.12270466028022718 
49468     	0.691005291005291   	176644.2732279999   	275575.36249300017  	0.6410016905356943  	0.37234194604274146 	0.12277733033259482 
49500     	0.6913319238900634  	176856.8835099999   	275852.1015110002   	0.6411293680245802  	0.3725888795125299  	0.12285176601217941 
49562     	0.6909282700421941  	177154.8345029999   	276375.31773500016  	0.6409936891429036  	0.37240773613006495 	0.1227779807583398  
49625     	0.6905263157894737  	177661.9539449999   	277245.48766600015  	0.6408109846643588  	0.3722351429915412  	0.12270907744703466 
49656     	0.6908517350157729  	177732.1026939999   	277330.00477400015  	0.6408686389301299  	0.372454468717869   	0.12276854648444699 
49687     	0.6911764705882353  	178008.22368099992  	277763.1419940001   	0.640863371587455   	0.37269762914164944 	0.12283505793459341 
49718     	0.6915005246589717  	178222.75207699992  	278047.5058170001   	0.6409795029569483  	0.37293731209422504 	0.12290033317392836 
49781     	0.6910994764397905  	178567.23844299992  	278724.56692100014  	0.640658412050244   	0.3727881981267845  	0.12284719833232578 
49843     	0.690700104493208   	178707.23901799993  	278912.45214300015  	0.6407287937304987  	0.37263334675373677 	0.12278391978943673 
49875     	0.6910229645093946  	179077.29873499993  	279442.98993100016  	0.640836611357535   	0.37287807072771195 	0.12285214135034764 
49906     	0.6913451511991658  	179198.58893699993  	279689.24655900017  	0.6407060376531072  	0.37313069975493796 	0.12292549592489464 
49968     	0.6909469302809573  	179627.14586099994  	280238.48159900017  	0.6409795858016125  	0.3730007942014521  	0.12287819417572483 
50000     	0.6912681912681913  	180112.01524499993  	281007.28711100016  	0.640951404131574   	0.37327417290718395 	0.12296356006211716 
50073     	0.6908713692946058  	180453.18244199993  	281518.39704500017  	0.640999609034982   	0.37313878138745554 	0.12290196409302433 
50097     	0.6911917098445596  	180860.36745399993  	282221.8185410002   	0.640844738330269   	0.3734165215484609  	0.12298158989831331 
50121     	0.6915113871635611  	181009.87594099995  	282483.0113530002   	0.6407814582336209  	0.3736674993139682  	0.12305292826602317 
50146     	0.6918304033092038  	181148.86488499996  	282775.6442210002   	0.6406098565668019  	0.3738311066308257  	0.12310132998590856 
50170     	0.6921487603305785  	181304.05255099997  	283075.3720250002   	0.6404797819535775  	0.3740027243081951  	0.1231554512239696  
50243     	0.6910401647785788  	181710.78330099996  	283671.44730900024  	0.6405677590211057  	0.37329804865271166 	0.12292621221455617 
50268     	0.691358024691358   	182192.48094199997  	284379.71916300023  	0.6406662242941847  	0.37337468598713597 	0.12295402183851453 
50292     	0.6916752312435765  	182393.96532999998  	284629.7785870002   	0.640811253957566   	0.37343764916666145 	0.12297095187838532 
50317     	0.6919917864476386  	182575.44962299996  	284899.3318800002   	0.6408419718579785  	0.3735142966905255  	0.12299241495520641 
50390     	0.6908904810644831  	182895.13328399995  	285311.5909380002   	0.6410364636175756  	0.3728274753209698  	0.12275906715495036 
50414     	0.6912065439672802  	183290.82284799995  	285896.6058300002   	0.641108775376607   	0.3729082145821319  	0.12277440570320079 
50439     	0.6915219611848825  	183453.25134399996  	286230.8906040002   	0.6409275077084784  	0.37297953120522087 	0.12279369803821986 
50463     	0.6918367346938775  	183769.55111499995  	286651.38391200016  	0.6410907514453719  	0.3730806829774835  	0.12281895073080691 
50487     	0.6921508664627931  	183821.81551899994  	286703.6483160002   	0.6411561785094358  	0.37318561220597435 	0.12284465380909461 
50536     	0.6917599186164801  	184152.57604299995  	287371.4991380002   	0.640817118591733   	0.3728882172457018  	0.12275133289413735 
50560     	0.6920731707317073  	184336.33628199995  	287660.81418100017  	0.6408114251043348  	0.37298673807883365 	0.12278827222985417 
50609     	0.691683569979716   	184613.79083799996  	288048.08323600015  	0.6409131029931012  	0.37269435992045236 	0.12269418856061134 
50634     	0.6919959473150963  	185132.64480799995  	288833.20450700016  	0.6409673192664838  	0.37279522587723984 	0.12272714471038701 
50658     	0.6923076923076923  	185643.31237499995  	289611.87043400016  	0.6410072629164084  	0.3729366601991489  	0.12277228939435543 
50682     	0.6926188068756319  	185894.78932799996  	289961.88315100013  	0.6411007795503716  	0.3730990325976622  	0.12282337764993247 
50707     	0.692929292929293   	186171.54691899996  	290460.50397800014  	0.640953053407567   	0.3732623719866404  	0.12286996283000627 
50731     	0.693239152371342   	186700.27604599996  	291279.94126300013  	0.6409650978246595  	0.3734583003773463  	0.12293007191564402 
50756     	0.6935483870967742  	186788.44357699997  	291400.88505000016  	0.6410016343805881  	0.3736258546660561  	0.12298324181763559 
50780     	0.6938569989929506  	187293.66139399997  	292196.57880000013  	0.6409851277628986  	0.37383644284685336 	0.12304755287630839 
50804     	0.6941649899396378  	187398.75253299996  	292397.27255600016  	0.6409045846934471  	0.3740527254821724  	0.12311524444469014 
50829     	0.6944723618090453  	187611.52600099996  	292745.56309800013  	0.6408688965789542  	0.374287437318824   	0.12318775268076926 
50853     	0.6947791164658634  	188031.32948899997  	293449.61330600013  	0.6407618922057557  	0.37455241579302356 	0.12327178958411542 
50878     	0.695085255767302   	188222.55396299995  	293791.24817000015  	0.6406676684054466  	0.3748288563887009  	0.12336141816658618 
50902     	0.6953907815631263  	188479.41729499996  	294195.50735900016  	0.640660419960128   	0.3751207643046063  	0.12345745874163719 
50926     	0.6956956956956957  	188528.89962799996  	294255.3598810001   	0.6406982686882678  	0.375377956053299   	0.12354509603278149 
50951     	0.696               	188856.69248699996  	294755.29941800016  	0.6407236540272593  	0.3756576120559373  	0.12363946819628964 
