25166     	1.0                 	131.876969          	197.191273          	0.6687769037324487  	0.007069102790347071	0.002847815966753598
25187     	1.0                 	538.0164540000001   	781.57596           	0.688373851723894   	0.019213673557685655	0.00779133994238969 
25208     	1.0                 	769.4819500000001   	1102.475422         	0.6979583713567813  	0.030727446828060306	0.010866477621416742
25229     	1.0                 	900.4493380000001   	1236.475838         	0.7282385230078391  	0.03867605154878692 	0.012642873784105045
25250     	1.0                 	935.2609310000001   	1271.287431         	0.7356801524139353  	0.04401383729010383 	0.01375055132788866 
25270     	1.0                 	1199.4239670000002  	1663.110076         	0.721193373973642   	0.05074630605293045 	0.015530049248637634
25291     	1.0                 	1292.097866         	1841.90632          	0.7015003162592982  	0.05627341471169136 	0.017294900034071733
25312     	1.0                 	1486.556714         	2152.074154         	0.6907553400225447  	0.062501358059305   	0.019150610394120467
25333     	1.0                 	1980.774801         	2829.359324         	0.7000789133420086  	0.07181428825368588 	0.021743714580379745
25354     	1.0                 	2375.467316         	3328.754087         	0.7136205480834609  	0.0817620624481729  	0.024659349471794916
25375     	1.0                 	2644.5113610000003  	3789.8868279999997  	0.6977810897840352  	0.09236833180843372 	0.027713039996668288
25395     	1.0                 	2935.9554260000004  	4254.588178999999   	0.6900680635769709  	0.10335751942526217 	0.030808705674613347
25416     	1.0                 	3301.7818180000004  	4761.618060999999   	0.6934159304046711  	0.11466212368577103 	0.03401267778834957 
25437     	1.0                 	3660.9113020000004  	5458.61342          	0.6706668929121565  	0.1257779081734937  	0.037783756021815496
25458     	1.0                 	3829.4221000000002  	5783.895133999999   	0.6620835978662819  	0.13631124104142778 	0.041469930101569324
25479     	1.0                 	4193.346178000001   	6307.719698999999   	0.6647958974246743  	0.147370974733965   	0.04512871760540528 
25500     	1.0                 	4553.933484000001   	6889.978050999999   	0.6609503615674147  	0.1585744200450924  	0.04901154057042346 
25520     	1.0                 	5024.293273000001   	7592.940521999999   	0.6617058646044274  	0.17020167386038884 	0.05309652406707113 
25541     	1.0                 	5183.118739000001   	7813.783820999999   	0.6633301941461534  	0.17991889960478613 	0.05635707787821159 
25562     	1.0                 	5692.278221000001   	8660.278353999998   	0.657285827120194   	0.19070854840616636 	0.059967117692348006
25583     	1.0                 	5912.269567000001   	8949.871606999997   	0.6605982551052257  	0.20134849636189378 	0.06345276035902253 
25604     	1.0                 	5996.416302000001   	9062.949275999998   	0.6616407219534353  	0.21137977666747562 	0.0666905347053301  
25625     	1.0                 	6270.098111000001   	9518.213044999997   	0.6587474015717415  	0.2212469766847873  	0.0700153875744254  
25645     	1.0                 	6564.426449000001   	9940.557772999997   	0.6603680194716981  	0.23129850070564814 	0.07333172043526993 
25666     	1.0                 	7062.195433000002   	10655.176611999997  	0.6627947794921077  	0.24208371000361273 	0.07682015254307405 
25687     	1.0                 	7467.672684000002   	11383.498573999997  	0.6560085755231899  	0.2528323993929832  	0.08059467038626097 
25708     	1.0                 	7860.775023000002   	12100.434143999997  	0.6496275199264457  	0.26352518163057836 	0.08457577090791249 
25729     	1.0                 	8011.899681000002   	12304.702939999997  	0.6511249983089802  	0.27389053117926265 	0.08836186636600243 
25750     	1.0                 	8354.962161000001   	12806.962957999998  	0.6523765383252702  	0.28405471052537495 	0.09208822707289151 
25770     	1.0                 	8883.359822000002   	13623.006891999998  	0.65208510077292    	0.2946340986379611  	0.09602450030393053 
25791     	1.0                 	9258.764742000003   	14148.491542999998  	0.6543994258229457  	0.30517157058424915 	0.09997394848445391 
25812     	1.0                 	9689.166627000002   	14883.615309999997  	0.6509955024495997  	0.3149835938325186  	0.10396675054120515 
25875     	0.9428571428571428  	9834.422912000002   	15103.677335999997  	0.651127715007484   	0.3056102748722205  	0.10151588002747904 
25895     	0.9444444444444444  	10010.467904000001  	15346.867143999996  	0.6522808733581621  	0.3146345685960073  	0.10507305319851065 
25937     	0.9210526315789473  	10337.823653000001  	15924.287558999997  	0.6491859440931366  	0.3138875562151347  	0.10549303824170361 
25979     	0.9                 	10914.548975000002  	16914.683410999998  	0.6452706627604998  	0.31425294945358134 	0.10630405599958434 
26066     	0.8604651162790697  	11356.215939000002  	17618.206301        	0.6445727643883605  	0.3062032736604269  	0.10402813404048232 
26088     	0.8636363636363636  	11442.965723000001  	17794.631627        	0.6430571850466102  	0.31292254575702266 	0.10676358226566372 
26133     	0.8478260869565217  	11575.209970000002  	17958.631729999997  	0.6445485460155379  	0.31196186276907906 	0.10673781071731167 
26155     	0.851063829787234   	11731.779008000001  	18179.140503        	0.6453428865937845  	0.317988779732492   	0.1090442110368828  
26244     	0.803921568627451   	12143.747135000001  	18846.058423        	0.6443653554729301  	0.3040601058312993  	0.10450906059796124 
26266     	0.8076923076923077  	12471.589606000001  	19276.611824        	0.6469803780803675  	0.30918812311541216 	0.10628891627181512 
26288     	0.8113207547169812  	12703.941326000002  	19687.468367        	0.645280596224056   	0.31447631863095077 	0.10811768558168439 
26333     	0.8                 	13110.885391000002  	20346.34819         	0.6443851873843314  	0.3142653560283732  	0.10808221971979025 
26355     	0.8035714285714286  	13249.434522000001  	20598.111889        	0.6432353894084628  	0.3199030460000894  	0.11006654768086502 
26377     	0.8070175438596491  	13761.008901000001  	21397.611098        	0.6431095900367223  	0.3258324495833784  	0.11221957311415344 
26422     	0.7966101694915254  	13822.993036000002  	21495.870219        	0.6430534281781245  	0.3252211045480996  	0.11205428592685346 
26444     	0.8                 	14274.816487000002  	22296.168836        	0.6402362931496776  	0.3298359072137707  	0.11379665732266978 
26466     	0.8032786885245902  	14550.713520000001  	22766.121160000002  	0.6391388949280282  	0.3346882804168523  	0.11559652423017956 
26511     	0.7936507936507936  	14654.463151000002  	22917.588305        	0.6394417665580803  	0.3341556929916764  	0.1155022458990747  
26533     	0.796875            	14778.147716000001  	23046.452396        	0.6412330827353252  	0.3390292323410298  	0.11723543289354671 
26555     	0.8                 	15002.965552000001  	23333.035435        	0.642992447073357   	0.34410012680554153 	0.11896110728295871 
26577     	0.803030303030303   	15357.18732         	23885.874794000003  	0.6429401247576513  	0.34937049245731044 	0.12077248340035582 
26644     	0.782608695652174   	15452.354437000002  	24009.045767000003  	0.6436055221419495  	0.34433216097157265 	0.11899726637632511 
26666     	0.7857142857142857  	15733.681022000002  	24478.001278000003  	0.6427682082090951  	0.3495600961829469  	0.12081063013736722 
26688     	0.7887323943661971  	15862.657503000002  	24623.522927        	0.6442074738869473  	0.3548424425522103  	0.1225837582926776  
26711     	0.7916666666666666  	16400.602229000004  	25516.037020000003  	0.6427566403099694  	0.36045443208812766 	0.12452798029484319 
26755     	0.7837837837837838  	16869.538720000004  	26210.602852000004  	0.6436150597243043  	0.3609696809632867  	0.12465490432398714 
26777     	0.7866666666666666  	17136.918240000003  	26623.643850000004  	0.6436729073056617  	0.36626920818046416 	0.12635097747129115 
26800     	0.7894736842105263  	17539.815496000003  	27401.097846000004  	0.6401136040087698  	0.3711280489375501  	0.12801390542249208 
26822     	0.7922077922077922  	17816.656503000002  	27819.612665000004  	0.6404351030169169  	0.3761204097677422  	0.1297097192782442  
26844     	0.7948717948717948  	17926.883734000003  	27992.067389000003  	0.6404272855189217  	0.3809868668018029  	0.13137063197808835 
26888     	0.7875              	18402.02298         	28750.746403000005  	0.6400537475465276  	0.38109791258656706 	0.1313983400048129  
26911     	0.7901234567901234  	18866.60341         	29497.067039000005  	0.639609469817973   	0.385584249136967   	0.13287216263654808 
26933     	0.7926829268292683  	19018.713888        	29715.082961000004  	0.6400356988052629  	0.38991616003825647 	0.134293567118543   
26955     	0.7951807228915663  	19382.461358999997  	30337.600969000003  	0.6388923560173944  	0.39428198983477075 	0.13572104069871313 
26977     	0.7976190476190477  	19463.481126        	30418.620736000004  	0.6398541635046998  	0.39865586046280665 	0.13711835656183038 
27044     	0.7906976744186046  	19923.512999        	31115.947294000005  	0.6402990984253849  	0.39821765140655163 	0.13686083646060584 
27066     	0.7931034482758621  	20437.297174        	32022.048432000003  	0.638225790501796   	0.4026764381168939  	0.1383878500268288  
27111     	0.7865168539325843  	20533.49567         	32146.586376000003  	0.6387457576313577  	0.401954555012721   	0.1382130328830197  
27133     	0.7888888888888889  	20781.103425        	32508.776896000003  	0.6392459332284809  	0.40574610658676225 	0.1395442032280415  
27155     	0.7912087912087912  	21189.740268        	33189.988323000005  	0.6384377138607166  	0.4094927750707302  	0.14088144465590713 
27177     	0.7934782608695652  	21363.075687        	33416.69244500001   	0.6392935423564478  	0.4133632716148086  	0.1422186618009386  
27200     	0.7956989247311828  	21688.206957000002  	33879.720936000005  	0.6401530578711021  	0.4172413660261469  	0.14359141759972785 
27311     	0.7653061224489796  	21811.44626         	34026.05661000001   	0.6410218648019818  	0.4032278537283557  	0.1387830671368152  
27355     	0.76                	21942.020461        	34220.58005700001   	0.6411937034513137  	0.4022683078999496  	0.13846142027810915 
27400     	0.7549019607843137  	22456.348692        	35090.46972100001   	0.6399557734777463  	0.4014589329786773  	0.13822981173857518 
27422     	0.7572815533980582  	22980.662126        	35832.44800000001   	0.641336649005951   	0.4049317801326369  	0.1394551498389025  
27444     	0.7596153846153846  	23285.413144        	36324.67268900001   	0.6410357319214437  	0.40817109770607296 	0.14064706634900134 
27466     	0.7619047619047619  	23554.162815        	36724.53304500001   	0.6413740587562586  	0.4115829510228364  	0.1418660686581759  
27511     	0.7570093457943925  	23738.524959        	36981.30050800001   	0.6419061696833713  	0.4110999471092437  	0.14174622444818086 
27533     	0.7592592592592593  	24030.508880999998  	37589.02768400001   	0.6392958360885915  	0.414248214850495   	0.14291654982720467 
27555     	0.7614678899082569  	24272.164883999998  	37877.558322000004  	0.6408059536905858  	0.4175734270271124  	0.14409317393300627 
27577     	0.7636363636363637  	24544.217879999997  	38236.361043000004  	0.6419077864757569  	0.4208361963177992  	0.14517934148372488 
27622     	0.7589285714285714  	24789.056843999995  	38582.152327        	0.642500621372864   	0.42024816623736616 	0.14492983883181226 
27644     	0.7610619469026548  	25069.288134999995  	38997.740476000006  	0.6428395037509452  	0.4235922417098078  	0.14601450855398593 
27666     	0.7631578947368421  	25182.040776999995  	39136.525356000006  	0.643440891799541   	0.4267929889232393  	0.14706502114453526 
27688     	0.7652173913043478  	25384.133148999994  	39425.37072200001   	0.6438527446702037  	0.43010447398797186 	0.1481260443660032  
27733     	0.7606837606837606  	25678.011218999993  	39832.40376600001   	0.6446513087648035  	0.42938208625898056 	0.14783041310659178 
27888     	0.7258064516129032  	26150.196915999994  	40679.22692700001   	0.64283908253535    	0.4102590275786954  	0.14137659392195082 
27933     	0.7222222222222222  	26375.59874399999   	40997.74676200001   	0.6433426426363267  	0.4089412247157596  	0.14102647563408646 
27955     	0.7244094488188977  	26569.18067299999   	41298.45399900001   	0.6433456485718165  	0.4109126820382993  	0.14180468151536949 
27977     	0.7265625           	27006.625373999992  	42088.16195800001   	0.6416679683220674  	0.41279413897311656 	0.14259149309596886 
28060     	0.7230769230769231  	27501.867143999993  	42838.11963000001   	0.6419951991716306  	0.4112683121100114  	0.14199678813376934 
28121     	0.7196969696969697  	27802.09088599999   	43341.62139800001   	0.6414640244004095  	0.4097412709902651  	0.1413826767822697  
28151     	0.7218045112781954  	28062.35674399999   	43696.75632500001   	0.6422068616554225  	0.41129415560429    	0.14185934359657218 
28181     	0.7238805970149254  	28311.16089199999   	44093.37507600001   	0.6420728928824896  	0.4129217511812108  	0.14238169720660052 
28212     	0.725925925925926   	28380.982295999987  	44169.68036000001   	0.6425444346593406  	0.4144725363982874  	0.14287903804006494 
28242     	0.7279411764705882  	28703.694691999986  	44632.00227000001   	0.6431191349731032  	0.41601506043927555 	0.14339698940340206 
28303     	0.7246376811594203  	28877.781633999988  	44933.36293700001   	0.6426801767428099  	0.41462570532262477 	0.14290524968342008 
28333     	0.7266187050359713  	28936.274669999988  	44991.85597300001   	0.6431447212883347  	0.41568243051441484 	0.14321208046341016 
28363     	0.7285714285714285  	29546.57684499999   	45848.16099700001   	0.6444440998829443  	0.41685689365700224 	0.14357135970181184 
28393     	0.7304964539007093  	29698.14193699999   	46101.12440700001   	0.6441956095216327  	0.41812620020015157 	0.14395245202166188 
28424     	0.7323943661971831  	29913.077884999988  	46394.38935900001   	0.6447563659806458  	0.4193176468207471  	0.14427066030507094 
28454     	0.7342657342657343  	30375.792636999988  	47172.90494600001   	0.6439245722045719  	0.42058402479638407 	0.1446119188510427  
28484     	0.7361111111111112  	30872.86798299999   	48085.97359200001   	0.6420347905389246  	0.42186585481339123 	0.1450142801010918  
28575     	0.7278911564625851  	31020.285620999988  	48263.55845000001   	0.6427268650971172  	0.4173879331724369  	0.14339431705290603 
28606     	0.7297297297297297  	31219.39496799999   	48588.56125800001   	0.642525610137505   	0.41861778839733893 	0.14376225691075464 
28636     	0.7315436241610739  	31793.914209999988  	49551.19737600001   	0.641637657486745   	0.42010428410928174 	0.14422538548642116 
28696     	0.7284768211920529  	32202.86654199999   	50242.32509800001   	0.6409509607524491  	0.4186472702117832  	0.14367574259331276 
28757     	0.7254901960784313  	32532.61115199999   	50665.422666000006  	0.6421067749984768  	0.41706072513327214 	0.14304957403983562 
28787     	0.7272727272727273  	32701.40185399999   	50858.72121900001   	0.642985137459242   	0.4183008350092941  	0.14337536898824438 
28818     	0.7290322580645161  	32855.41196299999   	51065.912537000004  	0.64339224211835    	0.4196227319576794  	0.1437110464283139  
28848     	0.7307692307692307  	33103.70007099999   	51437.448097        	0.6435719751993433  	0.42106328404503984 	0.14407877000413305 
28878     	0.732484076433121   	33519.344101999995  	52042.693328        	0.6440739700142676  	0.4223984349271918  	0.14441752918438516 
28909     	0.7341772151898734  	33917.79333099999   	52735.803638        	0.6431644346187558  	0.42353332527533594 	0.14469168988052755 
28939     	0.7358490566037735  	34347.614779999996  	53387.143605        	0.6433686550854006  	0.4245747463092286  	0.1449604782567388  
29000     	0.7329192546583851  	34592.428743        	53806.145814999996  	0.6429085045774896  	0.42307327585920224 	0.1443674739492052  
29055     	0.7345679012345679  	34838.09469         	54250.168294999996  	0.6421748684825901  	0.42422128570635176 	0.14472467152605017 
29111     	0.7317073170731707  	34876.934751        	54302.487166        	0.6422714054401035  	0.42265850215669265 	0.14416132955087763 
29194     	0.7245508982035929  	35085.112709        	54575.139087999996  	0.6428772018780714  	0.4181284474146097  	0.14256685713989034 
29222     	0.7261904761904762  	35539.670607        	55257.669652        	0.6431626746263571  	0.41873093053811017 	0.1427401083892514  
29250     	0.727810650887574   	35914.022936        	55822.3128          	0.6433632204504433  	0.4190237705637575  	0.14279893035821928 
29277     	0.7294117647058823  	36465.634323        	56810.725104        	0.641879403162775   	0.4194760383022385  	0.142964769555643   
29333     	0.7267441860465116  	36691.898918        	57204.732341999996  	0.641413698059743   	0.41747936181747153 	0.14230096136230078 
29388     	0.7241379310344828  	36776.265286        	57324.217812999996  	0.6415484883887919  	0.4153457363732854  	0.14162036484499374 
29444     	0.7215909090909091  	37076.268284000005  	57789.930070999995  	0.6415697032069179  	0.4131047523190231  	0.14091840270752543 
29500     	0.7191011235955056  	37434.705602        	58413.046386999995  	0.6408620662238087  	0.41079077543111414 	0.1401405940791583  
29527     	0.7206703910614525  	37612.718197        	58657.874943999996  	0.6412219711830413  	0.4107124117732215  	0.1401163491955132  
29583     	0.7182320441988951  	38230.975706000005  	59787.019328999995  	0.6394527798019173  	0.40856429562140284 	0.1394308974044379  
29611     	0.7197802197802198  	38457.912682        	60043.81101399999   	0.6404975305953355  	0.40857607485144515 	0.13945423495453296 
29638     	0.7213114754098361  	38589.104604        	60231.21107799999   	0.6406828604861812  	0.40863378720449434 	0.13949489339718285 
29666     	0.7228260869565217  	38730.400329000004  	60485.75195299999   	0.6403227054049883  	0.4087480333647786  	0.1395579343803044  
29694     	0.7243243243243244  	39025.704365000005  	60974.599450999995  	0.6400321562811017  	0.4087978813492683  	0.1395998408330913  
29722     	0.7258064516129032  	39086.358638000005  	61040.919611        	0.6403304355027504  	0.40888332373317976 	0.13964265549939894 
29750     	0.7272727272727273  	39247.958534000005  	61360.692428999995  	0.6396270475502461  	0.409041279800177   	0.13971343206396927 
29777     	0.7287234042553191  	39614.348828        	61966.566114999994  	0.6392858489928607  	0.40919390033192576 	0.13977854323037275 
29805     	0.7301587301587301  	39947.314994        	62499.67510099999   	0.639160362505002   	0.4093660470190945  	0.1398658326272293  
29833     	0.7315789473684211  	40288.54263         	63020.369416999994  	0.6392939775299382  	0.40967817820511243 	0.13999606684320576 
29861     	0.7329842931937173  	40657.852887        	63630.11212599999   	0.6389718881288398  	0.41007886821127065 	0.1401756724338046  
29888     	0.734375            	40847.088568        	63929.152476999996  	0.6389430640848194  	0.4105500273314733  	0.140378016959515   
29916     	0.7357512953367875  	40979.253099        	64198.358084        	0.6383224481439372  	0.41104985848886627 	0.14060420773868176 
29944     	0.7371134020618557  	41042.19137         	64281.974393        	0.6384712317496785  	0.411579684289137   	0.14083267187482784 
29972     	0.7384615384615385  	41562.978774        	65096.424118999996  	0.6384832859331949  	0.4122439141136792  	0.1411380492999517  
30000     	0.7397959183673469  	41905.588240000005  	65612.996455        	0.6386781659749455  	0.4130152395995384  	0.14147897746471008 
30129     	0.7336683417085427  	41974.005723        	65685.010405        	0.6390195489685864  	0.40906228537124517 	0.1401521344332173  
30161     	0.735               	42238.705584        	66051.071959        	0.6394855424938283  	0.4094018054489284  	0.14027479013367297 
30258     	0.729064039408867   	42577.080830000006  	66594.666374        	0.6393467097032117  	0.4055408904009859  	0.13896519452537626 
30322     	0.7268292682926829  	42870.09383900001   	67058.07346799999   	0.6392980236668677  	0.40341270265682927 	0.13822139209408618 
30387     	0.7246376811594203  	43084.75080500001   	67364.22678999999   	0.6395790890513986  	0.40140110663793355 	0.1375043716440446  
30419     	0.7259615384615384  	43268.29015700001   	67579.33009799999   	0.6402592345063884  	0.4014358167116049  	0.13746946952113348 
30451     	0.7272727272727273  	43319.74985000001   	67657.53788799999   	0.6402797264321286  	0.4014871842984661  	0.13744106159609118 
30483     	0.7285714285714285  	43826.08420800001   	68463.064269        	0.6401420192908954  	0.40170104584667043 	0.1374754479420532  
30516     	0.7298578199052133  	43945.14561600001   	68684.947799        	0.6398075127697748  	0.4019616098653902  	0.1375268458155382  
30548     	0.7311320754716981  	44091.72743200001   	68955.175328        	0.6394259346346131  	0.4022591923473348  	0.13759908373003588 
30580     	0.7323943661971831  	44396.63800900001   	69406.978531        	0.6396566879679203  	0.4025704814442201  	0.13764954339396726 
30612     	0.7336448598130841  	44757.501844000006  	69981.916214        	0.6395581067991133  	0.40301112638529824 	0.13774619121546638 
30645     	0.7348837209302326  	45115.006264        	70562.489071        	0.6393624552927161  	0.40345530083352893 	0.1378537249778679  
30774     	0.726027397260274   	45250.589306        	70798.768813        	0.6391437318001938  	0.3981257530519068  	0.1360077208660282  
30806     	0.7272727272727273  	45759.338333        	71650.339678        	0.6386478911146076  	0.3985103804863256  	0.13612352208006634 
30838     	0.7285067873303167  	46107.041729        	72228.66918         	0.6383482106543777  	0.39886938352062085 	0.13621338871094527 
30870     	0.7297297297297297  	46364.565255999994  	72714.94924999999   	0.6376208157224287  	0.3992905132323304  	0.13634636734426556 
30903     	0.7309417040358744  	46719.95568499999   	73289.29644299998   	0.6374731093419074  	0.39981674791934807 	0.1365224558242987  
30935     	0.7321428571428571  	47048.40740299999   	73788.82671699999   	0.6376088290906602  	0.40030888847916957 	0.13669756401087554 
30967     	0.7333333333333333  	47537.34616999999   	74573.95312399999   	0.6374524103738459  	0.4009313633081077  	0.13693465940386512 
31000     	0.7345132743362832  	47815.48701699999   	74965.805352        	0.6378306321459979  	0.40145092607493477 	0.13710066031676352 
31047     	0.73568281938326    	48253.80224599999   	75722.719245        	0.6372433891323337  	0.40208380530439947 	0.1373199129043555  
31071     	0.7368421052631579  	48345.054597999995  	75857.339657        	0.637315450510118   	0.40275950279011    	0.13754498967413137 
31095     	0.7379912663755459  	48501.04087499999   	76202.72982800001   	0.6364737980446826  	0.40334057263379997 	0.1377558543922222  
31119     	0.7391304347826086  	48649.904683999994  	76396.63133300001   	0.6368069355302235  	0.40394806403110406 	0.13795468797699872 
31166     	0.7370689655172413  	48881.39290499999   	76678.97543         	0.6374810387186728  	0.40278489434821424 	0.13753923628578826 
31190     	0.7381974248927039  	49100.30295399999   	77042.63663200001   	0.6373133773774035  	0.4034263776014447  	0.13774682810885266 
31214     	0.7393162393162394  	49444.74324699999   	77601.813536        	0.6371596357611184  	0.40409258394119735 	0.13796792251535206 
31238     	0.7404255319148936  	50064.66954999999   	78635.198685        	0.6366699695202785  	0.4049310603050716  	0.13826168028525465 
31261     	0.7415254237288136  	50261.59735799999   	78871.3688          	0.6372603661216032  	0.4056625503184627  	0.13850319490558213 
31285     	0.7426160337552743  	50849.115356999995  	79892.133107        	0.6364721203387758  	0.40655555909579655 	0.13882113753683642 
31357     	0.7375              	50967.420766999996  	80103.001787        	0.6362735431878853  	0.40383435945254276 	0.13789003097512717 
31380     	0.7385892116182573  	51348.081158999994  	80721.995844        	0.6361101533989965  	0.4046167156651838  	0.138165578555845   
31452     	0.7336065573770492  	51832.795578        	81527.351064        	0.6357718594010321  	0.4020749487337354  	0.1373325075038576  
31595     	0.72                	52046.357242        	81840.773305        	0.6359465476705151  	0.3939976174705803  	0.13460638181219745 
31619     	0.7211155378486056  	52640.771854        	82774.165094        	0.6359565426509598  	0.394021945140997   	0.1346252277891799  
31642     	0.7222222222222222  	53237.74226         	83780.122351        	0.6354459836780669  	0.39419352282273595 	0.1347104930532227  
31690     	0.7204724409448819  	53418.081307        	84026.55416         	0.635728572247333   	0.3928831299615656  	0.13427611599295391 
31714     	0.7215686274509804  	53739.595194        	84567.714176        	0.6354623122739091  	0.3931136678131366  	0.13435608231297572 
31738     	0.72265625          	53855.527664        	84729.788189        	0.6356150394695754  	0.39314197738329354 	0.1343800648007265  
31761     	0.7237354085603113  	54243.713776000004  	85346.426791        	0.6355709994612234  	0.3931751250108469  	0.13441905087802786 
31785     	0.7248062015503876  	54313.115939        	85438.96250600001   	0.6356949376016338  	0.3932487127566489  	0.1344611247406019  
31809     	0.7258687258687259  	54458.991893000006  	85634.72543300001   	0.6359451918323522  	0.39337252194401906 	0.13451495837935257 
31833     	0.7269230769230769  	54544.258313000006  	85722.29507500002   	0.6362902237425891  	0.39353185477100144 	0.1345688073512321  
31857     	0.7279693486590039  	55207.32995000001   	86812.27132100002   	0.6359392411916456  	0.393869166457753   	0.1346908993165405  
31880     	0.7290076335877863  	55417.77420300001   	87121.33243600003   	0.6360987906573894  	0.39423349508695643 	0.13481384616592254 
31904     	0.7300380228136882  	55777.64677500001   	87735.16441400003   	0.6357501823533311  	0.39467077778662746 	0.13497779301637466 
31952     	0.7283018867924528  	55966.45497200001   	87989.92878400003   	0.6360552366099524  	0.39356163059263444 	0.13461136057348994 
31976     	0.7293233082706767  	56158.846575        	88259.13322600003   	0.6362950158506238  	0.3939966900372907  	0.13477028336389044 
32050     	0.7276119402985075  	56277.528684000004  	88398.11297000003   	0.6366372176191035  	0.39292081807223955 	0.1344095717018127  
32125     	0.7232472324723247  	56496.83801200001   	88665.65869500003   	0.6371896272303443  	0.3904103808291525  	0.1335599025384643  
32150     	0.7242647058823529  	56668.56742200001   	88964.57525000004   	0.6369790139811855  	0.39071742925992253 	0.13366499567936968 
32175     	0.7252747252747253  	56725.19317500001   	89021.20100300004   	0.6372099290492425  	0.39104443793081367 	0.1337709481225782  
32200     	0.7262773722627737  	56876.393259000004  	89207.35994500003   	0.6375751204168201  	0.3913615549944425  	0.13384838786912434 
32250     	0.7246376811594203  	56941.38607         	89282.06567400003   	0.6377695860881274  	0.38996162983951005 	0.1333297392011558  
32275     	0.7256317689530686  	57088.419793        	89484.02077500003   	0.6379733420399603  	0.3900399488402674  	0.133308000475985   
32300     	0.7266187050359713  	57379.526084        	89870.57810400003   	0.6384684208618226  	0.39008211398768183 	0.13324244298101262 
32350     	0.725               	57463.960678999996  	89994.11583900003   	0.6385301988165908  	0.38869931936828167 	0.132696257157119   
32425     	0.7208480565371025  	57524.01139099999   	90063.52322600003   	0.6387048755204998  	0.38587241801400873 	0.131669243583131   
32450     	0.721830985915493   	57815.27135299999   	90491.19068900004   	0.6389049686803151  	0.3858767564180299  	0.13160881750500875 
32575     	0.71280276816609    	57938.60955499999   	90636.15732200004   	0.639243887504668   	0.38052449643007    	0.1297206886140967  
32600     	0.7137931034482758  	58438.82090799999   	91422.07310200004   	0.6392200365309975  	0.380588125364357   	0.12969179740874934 
32625     	0.7147766323024055  	58663.70412699999   	91819.03032800004   	0.638905724852886   	0.38056326396377743 	0.12966306927938887 
32650     	0.7157534246575342  	58798.13224099999   	92014.56769200004   	0.6390089495156324  	0.3805989032955288  	0.1296426655857549  
32675     	0.7167235494880546  	59272.87503099999   	92810.73967000004   	0.6386424161875227  	0.3807411633062482  	0.1296700361656254  
32700     	0.717687074829932   	59357.43064899999   	92910.15957500004   	0.6388691066780999  	0.38091341914204385 	0.12969926413144373 
32750     	0.7162162162162162  	59577.91762699999   	93224.62862100004   	0.6390791629668053  	0.3796877254184745  	0.12925608530760072 
32775     	0.7171717171717171  	59698.44062799999   	93428.15154400004   	0.6389770068380832  	0.3797865317140389  	0.1292639728996574  
32800     	0.7181208053691275  	59867.40961399999   	93659.14813200003   	0.6392051476874944  	0.3799422256108967  	0.12928187412100042 
32825     	0.7190635451505016  	60320.60430799999   	94375.11813500003   	0.6391579210710354  	0.38020269198118556 	0.12933467973410892 
32900     	0.7152317880794702  	60556.13188199999   	94718.23102800002   	0.6393292106996672  	0.37797267048742683 	0.12854533702534515 
32925     	0.7161716171617162  	60812.30395899999   	95145.37560100002   	0.6391514414113135  	0.3783354478999601  	0.1286394116678849  
32975     	0.7147540983606557  	61084.84064399999   	95659.32732900002   	0.6385664874467661  	0.3771968844397322  	0.12822257833607145 
33066     	0.711038961038961   	61232.78284899999   	95911.78134600002   	0.6384281679442886  	0.374742391393826   	0.12735156779300572 
33088     	0.7119741100323624  	61556.44791499999   	96445.93716900001   	0.6382482219767955  	0.37474375475634986 	0.12733887215897058 
33133     	0.7106109324758842  	62154.482829999986  	97373.07335600001   	0.6383128383219518  	0.37370899711859706 	0.12696414888971602 
33155     	0.7115384615384616  	62350.79121199999   	97677.846388        	0.6383309370307734  	0.37374299497591135 	0.1269652833961505  
33200     	0.7101910828025477  	62606.73698699999   	98049.785403        	0.6385198777302417  	0.3726402442559773  	0.12657997313685887 
33222     	0.7111111111111111  	62854.17505499999   	98419.754244        	0.6386337330123114  	0.37269384638339714 	0.12658464887477086 
33266     	0.7097791798107256  	63280.34333399999   	99053.20683499999   	0.6388520407967264  	0.37158953144018203 	0.1262015317380283  
33311     	0.7084639498432602  	63923.84596299999   	100046.773756       	0.6389396035788346  	0.37052504001892406 	0.1258306518114334  
33333     	0.709375            	64244.94179999999   	100747.24591299999  	0.6376843477734224  	0.3706838470568111  	0.12590260476344234 
33377     	0.7080745341614907  	64526.80305599999   	101089.72571299999  	0.6383121786203634  	0.3697706784691378  	0.12559394874495872 
33422     	0.7067901234567902  	64806.71055599999   	101492.11385        	0.6385393711651419  	0.3688941803559327  	0.12529747482900958 
33444     	0.7076923076923077  	64919.48179299999   	101700.631415       	0.6383390239544265  	0.3691863155200568  	0.12540072869080363 
33466     	0.7085889570552147  	65197.59210299999   	102155.346121       	0.638220069518196   	0.36955218462101463 	0.12552413972278206 
33488     	0.709480122324159   	65254.586052999985  	102257.23197499999  	0.6381415259602717  	0.3699317723636514  	0.12565138816744167 
33511     	0.7103658536585366  	65474.996905999986  	102535.56310799999  	0.6385589050409333  	0.37035420723151513 	0.12578846862514081 
33533     	0.7112462006079028  	65707.52363299999   	102827.00745199999  	0.6390103656733616  	0.3708375395914122  	0.12593420611467576 
33555     	0.7121212121212122  	65810.209985        	102972.14197499999  	0.6391069343879209  	0.371353300849511   	0.1260840519245863  
33577     	0.7129909365558912  	65837.966051        	103001.69252799999  	0.6391930504744143  	0.37172087206571197 	0.12618421831424761 
33600     	0.713855421686747   	66022.09074099999   	103284.97214799999  	0.6392226223036112  	0.3720631507307978  	0.12627644686214617 
33666     	0.7104477611940299  	66117.78601299999   	103423.53738299999  	0.6392914774143855  	0.3701198490863309  	0.125605319731319   
33688     	0.7113095238095238  	66265.62829099999   	103615.51172099999  	0.6395338611986007  	0.37044714918901833 	0.12569544551611203 
33711     	0.712166172106825   	66635.70468499999   	104260.25987499999  	0.6391285113320364  	0.37078173387931757 	0.1258001333024757  
33733     	0.7130177514792899  	67222.84174899998   	105147.65284899999  	0.6393185195064419  	0.37122045676215987 	0.12594684579920573 
33755     	0.7138643067846607  	67342.24478699999   	105352.31918899999  	0.6392098940526343  	0.37168301165890766 	0.126102873231732   
33777     	0.7147058823529412  	67478.49950899999   	105529.79314199998  	0.63942605685014    	0.37216758922167087 	0.12625356964542175 
33800     	0.7155425219941349  	67737.38327999998   	105971.88399299998  	0.6392014629510069  	0.3725863084025178  	0.12637045608873182 
33822     	0.716374269005848   	68087.05610699998   	106526.94605299998  	0.6391533656951441  	0.37303594470761126 	0.12650418077571796 
33844     	0.717201166180758   	68172.87584999998   	106646.78174399998  	0.6392398789271054  	0.37350982826558893 	0.12664276741764377 
33866     	0.7180232558139535  	68341.46656099998   	106867.66051499998  	0.6394962351721692  	0.37398113944121814 	0.12677576909058352 
33888     	0.7188405797101449  	68811.00592399998   	107661.91548499998  	0.6391397144850827  	0.3745177026050519  	0.12695436131053575 
33933     	0.7175792507204611  	69326.84614099999   	108489.21922299998  	0.6390206016553442  	0.37405305278370343 	0.12680310852617538 
33955     	0.7183908045977011  	69903.78672899998   	109222.77630799997  	0.6400110772855342  	0.3748181672853009  	0.12704512647863903 
33977     	0.7191977077363897  	70078.67827399999   	109456.48000699998  	0.6402423892081885  	0.3755399119873489  	0.1272737693663561  
34000     	0.72                	70358.97367299999   	109946.77983899998  	0.6399366473127253  	0.3763086593050589  	0.12752264737811064 
34041     	0.7207977207977208  	70887.34242599999   	110785.59258699998  	0.6398606603140398  	0.3770429230399023  	0.127767379419374   
34104     	0.7175141242937854  	71509.33607599999   	111816.55891599998  	0.6395236695641832  	0.37570974634695664 	0.12729402344374086 
34125     	0.7183098591549296  	71595.40420799999   	111910.26251299998  	0.6397572715878774  	0.3765266400462555  	0.12754575960612177 
34145     	0.7191011235955056  	71953.62131199999   	112464.78542999997  	0.6397880104149148  	0.37741559293847354 	0.12781858074272123 
34229     	0.7138888888888889  	72013.16889999999   	112582.64432999998  	0.6396471616789924  	0.3749295359970785  	0.12693248310268238 
34250     	0.7146814404432132  	72286.335455        	113045.14644999999  	0.6394466080591291  	0.37557831465059    	0.12711908971665173 
34270     	0.7154696132596685  	72649.208095        	113651.29869799998  	0.6392290182978654  	0.3762217393133411  	0.1272886985352495  
34312     	0.7142857142857143  	72930.51982199999   	114181.49107299998  	0.6387245352696709  	0.3757096098579467  	0.12708033322300968 
34333     	0.7150684931506849  	73160.97672899999   	114591.93381299998  	0.6384478758198614  	0.3762316513825536  	0.1272127541798799  
34354     	0.7158469945355191  	73221.16190499999   	114667.04819699998  	0.6385545198582662  	0.37677852043123333 	0.1273459313970045  
34395     	0.7146739130434783  	73411.69961999998   	115004.02369999998  	0.6383402706978504  	0.37634262894738313 	0.12714585264591247 
34479     	0.7096774193548387  	73998.25685899999   	115904.84539499998  	0.6384397184329638  	0.3739466328666051  	0.1262964470076323  
34520     	0.7085561497326203  	74117.58394299999   	116063.06790499999  	0.6385974908371952  	0.3734254639064123  	0.12608817836357164 
34541     	0.7093333333333334  	74212.003193        	116183.33015099999  	0.6387491484066508  	0.3739282740331567  	0.12622084102534661 
34583     	0.7082228116710876  	74422.02765799999   	116537.73148699998  	0.6386088583361683  	0.37340722637907275 	0.12602128255361808 
34604     	0.708994708994709   	75021.06429299999   	117586.58287299998  	0.6380070111742842  	0.3739830296150335  	0.1262070223084858  
34645     	0.7078947368421052  	75127.64302399999   	117733.25239499997  	0.6381174519153145  	0.3735937732603861  	0.12606481941002215 
34729     	0.703125            	75608.747106        	118492.04442099997  	0.6380913374856084  	0.37116492345290775 	0.1252274941778766  
34770     	0.7020725388601037  	75924.672011        	118995.13406799997  	0.6380485437968642  	0.3706827184273117  	0.12504520019515522 
34791     	0.7028423772609819  	76187.92544400001   	119328.50873199997  	0.6384721157884454  	0.37121762596859004 	0.1251990759152016  
34833     	0.7017994858611826  	76395.86970600001   	119668.96267299997  	0.6383933477785267  	0.3707478893966697  	0.1250155621899751  
34854     	0.7025641025641025  	76626.98004500002   	120102.31458499997  	0.6380141824058589  	0.3712761874253078  	0.12517372703029667 
34875     	0.7033248081841432  	76809.39039200002   	120432.72788599996  	0.6377783825066785  	0.3717322895735922  	0.12532398415356052 
34895     	0.7040816326530612  	76928.14875800001   	120598.95100899997  	0.6378840621280286  	0.37220882651483483 	0.12548020570413898 
34937     	0.7030456852791879  	77378.27156400001   	121351.76257499997  	0.6376361572513404  	0.37181485961289873 	0.12534777513355042 
34958     	0.7037974683544304  	77720.37001700001   	121874.19889099998  	0.6377097919347998  	0.37239293414775887 	0.12553215776117624 
34979     	0.7045454545454546  	77901.33407200001   	122146.50686999998  	0.6377696429330564  	0.3729116498324562  	0.12569417184821358 
35000     	0.7052896725440806  	78266.55039900001   	122691.95324299998  	0.6379110310843911  	0.3734826510272111  	0.12587484101226512 
35081     	0.7042606516290727  	78458.59018100002   	122944.47025199998  	0.6381628227783079  	0.37309477650562395 	0.12572412927298932 
35108     	0.705               	78909.67474400002   	123757.21245799998  	0.6376167754326233  	0.37371438274238533 	0.1259240910907554  
35135     	0.7057356608478803  	79089.24419400001   	124008.02108899999  	0.637775230178361   	0.37434464818700347 	0.1261265161269734  
35216     	0.7029702970297029  	79572.75260100001   	124916.840057       	0.6370058077412997  	0.3729992282338738  	0.1257014377791101  
35243     	0.7037037037037037  	79973.19250500001   	125564.79768399999  	0.6369077478726392  	0.3735825623305031  	0.1259253654855213  
35270     	0.7044334975369458  	80100.43676000001   	125779.21300899998  	0.6368336614911759  	0.37418999613933207 	0.12615435905780786 
35297     	0.7051597051597052  	80589.01588600001   	126611.78780699999  	0.6365048411514846  	0.37475079701455577 	0.12638568280924597 
35351     	0.7041564792176039  	80947.83521         	127233.56870499998  	0.6362144521598956  	0.3743972853756242  	0.1263118259903921  
35378     	0.7048780487804878  	81406.553898        	128000.58352699998  	0.6359858029930652  	0.3749591758423629  	0.12655103172331444 
35405     	0.7055961070559611  	81571.908239        	128278.79242899998  	0.6358955108199088  	0.37555022258013043 	0.1268001247106076  
35432     	0.7063106796116505  	82091.535062        	129195.88684399998  	0.6354036267510821  	0.3762137744299046  	0.12709174297631942 
35459     	0.7070217917675545  	82412.66812199999   	129711.90549799998  	0.6353516109843187  	0.3768194187902009  	0.12735279232787858 
35567     	0.7026378896882494  	82905.32682799999   	130409.44955499998  	0.6357309774015631  	0.37464681699872454 	0.12666825500289167 
35621     	0.7016706443914081  	83061.749038        	130649.03554699998  	0.635762435522298   	0.3743017642611693  	0.1265940170498591  
35729     	0.6973995271867612  	83238.833758        	130897.01624899998  	0.6359108568193655  	0.3720995692481283  	0.12588206373211897 
35756     	0.6981132075471698  	83338.98349299999   	131059.84510999998  	0.6358849533436627  	0.37257677386682364 	0.1260755688831855  
35783     	0.6988235294117647  	83651.93224099999   	131548.36327399997  	0.6359024936461027  	0.3730764855786609  	0.12627677665601894 
35837     	0.6978922716627635  	83947.27909199998   	132003.24724699996  	0.6359485909836802  	0.3726704766013688  	0.12616843571449435 
35864     	0.6985981308411215  	84516.55743099998   	132987.56508299996  	0.6355222563722529  	0.37317108798920234 	0.12637281832994565 
35891     	0.6993006993006993  	84939.99460399998   	133725.37889099997  	0.6351823065181581  	0.3736247213837567  	0.12655333460485496 
35918     	0.7                 	85272.02358399998   	134182.03000199998  	0.6354951075246738  	0.3741017697122073  	0.12674026830647722 
35945     	0.7006960556844548  	85523.85496899998   	134513.945522       	0.6357991703916855  	0.37450433824848595 	0.12690430724025234 
35972     	0.7013888888888888  	85973.87871499998   	135360.560687       	0.6351471823007667  	0.3748998477796779  	0.12708524317715428 
36000     	0.7020785219399538  	85986.22353599999   	135377.217724       	0.6351602210595303  	0.3752258214663078  	0.12722410562785566 
36058     	0.7027649769585254  	86552.225115        	136337.082104       	0.6348399406771567  	0.3756405971817076  	0.12740317381344465 
36088     	0.7034482758620689  	86865.879091        	136838.00922        	0.6348081179063502  	0.37596659598721094 	0.12755100766910582 
36264     	0.6961451247165533  	87256.737043        	137473.36705600002  	0.6347173922601009  	0.3717871639334778  	0.1261785906845085  
36411     	0.6905829596412556  	87413.772635        	137698.36315900003  	0.6348207097717167  	0.36854365636094916 	0.12512644081330418 
36441     	0.6912751677852349  	87669.102728        	138040.51610700003  	0.6350968918432949  	0.3686995766828487  	0.1252163505022871  
36470     	0.6919642857142857  	87750.761826        	138194.72718100002  	0.6349790879580287  	0.36886934421905193 	0.12531113125462445 
36500     	0.6926503340757239  	88269.246724        	139069.63247200003  	0.6347125907719066  	0.3691260248283596  	0.1254380636954521  
36529     	0.6933333333333334  	88361.085939        	139205.17636700004  	0.6347543119089561  	0.36939383989746655 	0.12557001714301613 
36558     	0.6940133037694013  	88641.931679        	139782.89207000003  	0.6341400608209635  	0.3696999387372646  	0.1257274929507212  
36617     	0.6931567328918322  	88753.73106         	139938.99763100003  	0.6342315763475127  	0.3691607577200855  	0.1255936832616623  
36647     	0.6938325991189427  	88868.696075        	140092.53435100004  	0.634357116078296   	0.3694579491493821  	0.12574087712894336 
36676     	0.6945054945054945  	88986.413915        	140210.25219100004  	0.6346641028344998  	0.36977418437956405 	0.1258900873719771  
36764     	0.6921397379912664  	89106.618219        	140377.83055900002  	0.6347627532365161  	0.3684595713278447  	0.125471776073504   
36794     	0.6928104575163399  	89217.044325        	140528.52044200004  	0.6348678833619564  	0.36877952861323066 	0.12560773500813147 
36823     	0.6934782608695652  	89273.558266        	140642.96134100005  	0.6347531182136386  	0.36910688894798216 	0.1257474436800469  
36852     	0.6941431670281996  	89377.151787        	140746.55486200005  	0.6350219504458421  	0.3694461155878588  	0.12588735277443167 
36941     	0.6918103448275862  	89669.483551        	141345.28204600004  	0.6344002590890693  	0.36804314694553025 	0.1254329597189719  
36970     	0.6924731182795699  	89789.509236        	141550.48499600004  	0.6343285170555034  	0.36819037340429495 	0.1254891723712013  
37000     	0.6931330472103004  	90208.120929        	142290.89112000004  	0.6339697518158319  	0.3683941116269026  	0.12557572815330456 
37054     	0.6937901498929336  	90360.905449        	142545.89990300004  	0.63390743269704    	0.36861598223450603 	0.12567275474571754 
37081     	0.6944444444444444  	91018.497829        	143749.48948000005  	0.6331744074935547  	0.36889171428877954 	0.12580987497327475 
37108     	0.6950959488272921  	91335.697547        	144275.16467200004  	0.6330659733062556  	0.3691713472687369  	0.12594529548954153 
37243     	0.689873417721519   	91886.487533        	145030.44324100003  	0.6335668945057995  	0.36613894813389614 	0.12492633197118466 
37270     	0.6905263157894737  	92046.896714        	145302.89896100003  	0.6334828649131482  	0.3661703152750926  	0.12494147263147329 
37297     	0.6911764705882353  	92484.06082900001   	146024.07965200001  	0.6333480138988385  	0.3661904073526371  	0.1249654937909524  
37324     	0.6918238993710691  	92705.752309        	146403.15503400002  	0.6332223666045341  	0.3662054901130763  	0.12499504478460441 
37351     	0.6924686192468619  	93188.441318        	147080.78989600003  	0.6335867612887652  	0.36629666642831943 	0.1250406808584016  
37378     	0.6931106471816284  	93385.315192        	147383.31165900003  	0.6336220440484137  	0.36636896057991725 	0.12508911355035282 
37432     	0.6923076923076923  	93777.77737         	148095.72670300002  	0.6332240602598043  	0.36572681622216596 	0.12490646213270624 
37459     	0.6929460580912863  	94264.86806899999   	149016.58079700003  	0.6325797274694798  	0.3659136438317741  	0.12502008895182032 
37486     	0.6935817805383023  	94441.9873          	149262.67276700004  	0.6327234100077018  	0.36612505325773836 	0.12514022440358868 
37567     	0.691358024691358   	94701.87260599999   	149786.86759500005  	0.63224416216553    	0.3648078256124759  	0.12473478836274716 
37594     	0.6919917864476386  	94822.728666        	149956.72656400004  	0.6323339461903404  	0.36494327436783813 	0.12480831813948895 
37621     	0.6926229508196722  	95102.49821399999   	150425.07845000003  	0.6322250198833117  	0.36504004748916297 	0.12486338039830384 
37648     	0.6932515337423313  	95595.91153299999   	151360.02363900002  	0.631579655147255   	0.3651741592261558  	0.12495134578922554 
37675     	0.6938775510204082  	95816.552688        	151783.60732300003  	0.631270756954007   	0.3653129756404221  	0.1250538315938914  
37702     	0.6945010183299389  	96256.062832        	152479.60532200005  	0.6312717207572152  	0.36550741951425014 	0.12516772816998012 
37729     	0.6951219512195121  	96518.274114        	152941.97257300004  	0.6310777381135927  	0.3657339575214663  	0.12529997484907202 
37756     	0.6957403651115619  	96815.481462        	153377.74121200002  	0.6312225013679189  	0.36595178268672424 	0.12542950702505815 
37783     	0.6963562753036437  	96943.80469799999   	153521.28151600002  	0.6314681830472897  	0.3661994339090472  	0.12555993088616893 
37810     	0.696969696969697   	97216.699119        	153982.176076       	0.6313503393471811  	0.36648731171559124 	0.12570536296739723 
37837     	0.6975806451612904  	97550.458763        	154437.267608       	0.6316510274618896  	0.3668231316291473  	0.12586306772242967 
37864     	0.6981891348088531  	98074.22659800001   	155169.263358       	0.6320467370636882  	0.36718849091040784 	0.12603155523970486 
37891     	0.6987951807228916  	98535.562619        	155872.111554       	0.6321564623499923  	0.3675847524846723  	0.12621485561127438 
37918     	0.6993987975951904  	98657.991825        	156073.844126       	0.6321238025338339  	0.3679217386173767  	0.12638062132652708 
37972     	0.6986027944111777  	98818.931607        	156329.21005000002  	0.6321207122801552  	0.36754792689509413 	0.12630047468467995 
38045     	0.6978131212723658  	98931.35093500001   	156567.56904600002  	0.6318763939288965  	0.36716647206965614 	0.1262217662322066  
38068     	0.6984126984126984  	99040.44767200001   	156772.27952500002  	0.6317471939049424  	0.36752876086617775 	0.12640243440361892 
38090     	0.699009900990099   	99441.286569        	157561.38058800003  	0.6311272863813273  	0.3679411543125293  	0.1266124338445092  
38113     	0.6996047430830039  	99731.5139          	158089.88087400002  	0.6308532421470259  	0.368391361329474   	0.12683767834559403 
38136     	0.7001972386587771  	99900.254832        	158258.621806       	0.6312468394578963  	0.36886510693703894 	0.1270662437864452  
38159     	0.7007874015748031  	99972.12466700001   	158330.491641       	0.6314142249597615  	0.36934914649667033 	0.1272949436934783  
38181     	0.7013752455795678  	100006.22094700001  	158365.88964        	0.6314883916879817  	0.3698418308298922  	0.12752286681767228 
38204     	0.7019607843137254  	100115.65043600001  	158556.001411       	0.631421387680469   	0.3702153431197085  	0.1277094065364955  
38272     	0.6998050682261209  	100237.89357100001  	158697.022258       	0.6316305885565976  	0.36917685231275593 	0.1273979747968318  
38295     	0.7003891050583657  	100770.31631200001  	159664.21933400002  	0.6311390036686902  	0.3696345421854729  	0.12762202066270023 
38340     	0.6996124031007752  	101120.41975300001  	160244.70058400003  	0.631037528133374   	0.3693749017187817  	0.12759254941453269 
38431     	0.6961538461538461  	101333.15037900001  	160712.69349200002  	0.6305236268350153  	0.3676414604368617  	0.12705975389179053 
38454     	0.6967370441458733  	101371.60528200002  	160764.64421400003  	0.6305590745876958  	0.3680486349006529  	0.12726502164875522 
38477     	0.6973180076628352  	101715.20897400002  	161249.69989500003  	0.6307931676166423  	0.3683870161857477  	0.1274147137703936  
38500     	0.6978967495219885  	102000.64464400003  	161793.82040300002  	0.6304359733266346  	0.3687401742826467  	0.12757804378721413 
38522     	0.6984732824427481  	102021.72314800003  	161823.68564900002  	0.6304498796875009  	0.3690664038887835  	0.12774024449727397 
38545     	0.699047619047619   	102203.62600000003  	162108.83224000002  	0.6304630326908338  	0.36941831554464033 	0.12791179547023224 
38568     	0.6996197718631179  	102503.56900900003  	162511.19543400002  	0.6307477385496765  	0.3698104251720084  	0.12809479639313734 
38590     	0.7001897533206831  	102854.88091900003  	163149.839184       	0.6304320092096477  	0.3701673172480181  	0.12826294345468187 
38613     	0.7007575757575758  	103444.85348100003  	164149.375861       	0.6301873092018093  	0.3705870563544953  	0.12846464263844232 
38659     	0.7                 	103812.76331600003  	164738.301325       	0.6301677416910807  	0.37024987779268825 	0.12839955329743266 
38681     	0.7005649717514124  	104056.01212900002  	165154.35292200002  	0.6300531005570538  	0.37064519967425946 	0.12858958512934512 
38750     	0.6985018726591761  	104546.18498800002  	166011.21626100002  	0.6297537440098884  	0.3696688635608955  	0.12831822800093076 
38840     	0.6951672862453532  	104906.51669900003  	166599.04535400003  	0.6296945848404361  	0.3680379236542505  	0.12781452175802538 
38863     	0.6957328385899815  	105147.67248800003  	167055.78479000003  	0.6294165306527845  	0.36846712572717005 	0.1280245702310264  
38909     	0.6950092421441775  	105463.43270300003  	167509.01873000004  	0.6295985344705028  	0.3682061532262651  	0.12797473959461902 
38931     	0.6955719557195572  	105615.45863900003  	167788.04480500004  	0.6294575919383544  	0.36859421892732436 	0.12814523658532123 
38954     	0.6961325966850829  	105950.70336000003  	168268.65274300004  	0.6296520571886944  	0.36898265737090735 	0.1283154199866929  
39000     	0.6954128440366972  	106176.99591000003  	168593.14132800006  	0.6297824162575592  	0.3686436979375944  	0.12822918295054317 
39050     	0.6959706959706959  	106486.97472700002  	169210.67969000005  	0.6293159209695743  	0.3689982639518881  	0.12840014589349216 
39100     	0.6952554744525548  	106853.06255700003  	169772.49674600005  	0.6293897103773233  	0.36871161177298123 	0.1283351988933627  
39125     	0.6958105646630237  	107014.31209500003  	170000.43095500005  	0.6294943577132887  	0.3690688474899868  	0.1284938349275914  
39150     	0.6963636363636364  	107066.97330400003  	170072.55722100005  	0.6295370343898122  	0.369362946549269   	0.12862495705005086 
39200     	0.6956521739130435  	107268.72369200003  	170316.56619900005  	0.6298196710158299  	0.3690252931449113  	0.1285276805756801  
39225     	0.6962025316455697  	107468.64728600004  	170570.06088100004  	0.6300557479485022  	0.3693410622194486  	0.12864028492569504 
39325     	0.6929982046678635  	107578.77181200004  	170711.57514900004  	0.6301785436523762  	0.3676579813108533  	0.1280390008527994  
39350     	0.6935483870967742  	108003.14151100004  	171510.18983300004  	0.6297185118631319  	0.3680157186842525  	0.1281597784802426  
39400     	0.6928571428571428  	108285.24336700003  	171846.12319900005  	0.6301291024273169  	0.3677099577576089  	0.1280464053996653  
39425     	0.6934046345811051  	108447.59994800003  	172090.08020400006  	0.6301792632058945  	0.3680592626851848  	0.12816317564427906 
39450     	0.693950177935943   	108593.18323600003  	172319.71067500007  	0.6301843405529498  	0.3683932618197119  	0.128263150740907   
39475     	0.69449378330373    	108805.65487100002  	172812.98373900008  	0.6296150469534714  	0.3687102604803671  	0.12836838614124743 
39525     	0.6938053097345133  	109306.70277500003  	173636.32250100008  	0.6295151912951304  	0.3684277869640375  	0.1282700372640556  
39550     	0.6943462897526502  	109674.22459100002  	174212.52805600007  	0.6295426960094718  	0.368839679352762   	0.12841509917457414 
39575     	0.6948853615520282  	110032.78764000002  	174763.25353900006  	0.6296105469073633  	0.3692077407866823  	0.1285588216440348  
39600     	0.6954225352112676  	110157.53359300003  	174936.83180000004  	0.6296989173722992  	0.3695761776569322  	0.128697098131684   
39625     	0.6959578207381371  	110332.26090400002  	175229.65902900003  	0.6296437573147382  	0.3698990464940827  	0.12882281670322696 
39650     	0.6964912280701754  	110401.67202900002  	175334.02017200002  	0.6296648643583125  	0.3702314478635729  	0.12895062007872887 
39700     	0.6958041958041958  	110791.01651600002  	175960.14217600002  	0.6296370027093061  	0.36996793109339166 	0.1288716652063003  
39725     	0.6963350785340314  	110851.71637100002  	176035.01362900002  	0.6297140215788202  	0.3703639634512516  	0.12901946627703698 
39750     	0.6968641114982579  	111134.29949900002  	176526.36155600002  	0.629562058150417   	0.37074346994858753 	0.12917044912829576 
39800     	0.6961805555555556  	111376.26032400002  	176854.184772       	0.6297632168986333  	0.3703905203930923  	0.1290676783167567  
39825     	0.6967071057192374  	111826.56060500002  	177700.329459       	0.62929855530066    	0.37072917523018006 	0.12921733131247765 
39850     	0.6972318339100346  	112355.35130600003  	178664.127903       	0.6288635140401536  	0.3710756929182741  	0.12938545556324157 
39900     	0.696551724137931   	112560.63370200002  	178980.51816299997  	0.6288988033853469  	0.37076707818234816 	0.1293099165393714  
39975     	0.6946826758147513  	112704.88239400001  	179199.37854699997  	0.6289356766069367  	0.36980874497437294 	0.12901125117189075 
40000     	0.6952054794520548  	112725.57298600001  	179238.15685899998  	0.6289150422065378  	0.3700147962085965  	0.12911505142905946 
40038     	0.6957264957264957  	113068.39933700001  	179811.85179599997  	0.628815054222779   	0.3702304990054691  	0.12922422848750245 
40057     	0.6962457337883959  	113544.835854       	180606.17490499996  	0.6286874516539943  	0.3704401142523355  	0.12932934869258214 
40076     	0.696763202725724   	113681.67257600001  	180783.88877699996  	0.6288263481057669  	0.3706463088046611  	0.12941769658036126 
40096     	0.6972789115646258  	113851.53654500001  	181032.81226399995  	0.6289000050387022  	0.3708739232917672  	0.1295111145062744  
40115     	0.6977928692699491  	114285.04506900001  	181702.92693899994  	0.628966450867173   	0.3711331784043388  	0.1296181720642322  
40134     	0.6983050847457627  	114356.93014600001  	181781.34449599995  	0.6290905728696291  	0.37140329412717565 	0.12972544388837998 
40173     	0.6976351351351351  	114643.02094700001  	182282.51009499995  	0.628930449154182   	0.37107650911583706 	0.12962731309199862 
40192     	0.6981450252951096  	114759.75743700001  	182492.36900299994  	0.6288468830996079  	0.3713944106070345  	0.12975330001398966 
40230     	0.6974789915966386  	115010.977211       	182971.71273199993  	0.6285724470397097  	0.37108716133923736 	0.12966035655184277 
40250     	0.697986577181208   	115427.471265       	183583.37924099993  	0.6287468492094377  	0.3714200753101917  	0.12979416386225134 
40269     	0.6984924623115578  	115951.090822       	184522.10808099993  	0.6283858992717598  	0.3717936980195508  	0.129956354018006   
40346     	0.6955074875207987  	116339.737002       	185161.99177699993  	0.6283132725322694  	0.3702925033470563  	0.12946786724090456 
40384     	0.6948590381426202  	116567.75978499999  	185539.80001699994  	0.6282628297234316  	0.3700425930256286  	0.1294205999702504  
40423     	0.6942148760330579  	117140.22623999999  	186347.68335699994  	0.6286111215860186  	0.3698110562491359  	0.1293803500316976  
40442     	0.6947194719471947  	117260.03296999999  	186557.12979399995  	0.6285475827135678  	0.3702049422464432  	0.12956002009664896 
40461     	0.6952224052718287  	117615.65321299998  	187176.11499199996  	0.6283689199235007  	0.3706402187817466  	0.12975528469583517 
40500     	0.6945812807881774  	117711.93165299998  	187331.29868799995  	0.6283623317481456  	0.37041708386587047 	0.12970837259280918 
40538     	0.6939443535188216  	117842.27724299997  	187541.63395799996  	0.6283526209939645  	0.370205594699035   	0.12966567423446165 
40557     	0.6944444444444444  	118051.97676099997  	187891.80137899995  	0.6282976473405308  	0.37057657370326835 	0.12981597172285642 
40576     	0.6949429037520392  	118451.80530799997  	188493.83429099995  	0.6284120950350667  	0.37099140579472223 	0.12998061591264362 
40596     	0.6954397394136808  	119030.03831799996  	189409.63664699995  	0.6284265173890522  	0.3714680756259799  	0.13017078953010744 
40673     	0.6925566343042071  	119475.51681499997  	190302.06378199995  	0.627820394800683   	0.37007759979751953 	0.1297323961556767  
40750     	0.6897106109324759  	119543.43863799996  	190392.81191599995  	0.627877898514056   	0.36865061519066394 	0.12927432326396737 
40769     	0.6902086677367576  	119732.10355299996  	190716.03938399995  	0.6278030098555247  	0.3689918054473017  	0.12943474356568022 
40788     	0.6907051282051282  	119918.78510999997  	190981.64041499994  	0.6279073991061048  	0.3693468236835286  	0.12959701585093522 
40884     	0.6868044515103339  	120097.92142699996  	191283.99024499994  	0.6278514018511241  	0.3673534875929246  	0.12892354249481092 
40903     	0.6873015873015873  	120612.58889199997  	192006.45226399993  	0.6281694571709667  	0.36776597616798357 	0.12909260115185572 
40923     	0.687797147385103   	120924.19489499996  	192416.03525699992  	0.628451754207948   	0.3680841608615854  	0.12922264707502917 
40942     	0.6882911392405063  	121027.41755899996  	192564.44273199994  	0.6285034549573564  	0.3684150041937544  	0.12935600819189624 
40961     	0.688783570300158   	121385.67618199997  	193145.19212999995  	0.6284685362517286  	0.3687563612519842  	0.12948832884622552 
40980     	0.6892744479495269  	121591.63856299997  	193421.03551499994  	0.6286370985412828  	0.36912492455766427 	0.129626151934516   
41000     	0.6897637795275591  	121719.12544799998  	193594.11436799995  	0.628733605075545   	0.36950906582072723 	0.12976628593792788 
41068     	0.690251572327044   	122210.43371099998  	194368.09406399995  	0.6287576893703527  	0.3698941283427144  	0.12990120162539623 
41137     	0.6896551724137931  	122516.65796699998  	194843.32932199995  	0.6287957529432675  	0.3697152152927357  	0.12983517845607304 
41172     	0.6901408450704225  	122833.96977799998  	195279.20233999996  	0.6290171626373923  	0.37005146639468867 	0.12995212669537962 
41241     	0.6895475819032761  	123038.19990399998  	195614.13433799997  	0.6289842005557909  	0.3697775205061064  	0.12985717648768103 
41275     	0.6900311526479751  	123536.85336399998  	196446.47567099996  	0.6288575701958337  	0.370054082467289   	0.12996708189397163 
41310     	0.6905132192846034  	123891.42431599998  	197182.53914599997  	0.628308291659978   	0.3702840787955886  	0.130078669388405   
41413     	0.6888544891640866  	124119.81814799998  	197524.71485699996  	0.6283761413748036  	0.36930099362117647 	0.12975482843094238 
41448     	0.6893353941267388  	124192.45424199998  	197642.49027699995  	0.6283692037473407  	0.36947169545319064 	0.1298371503247626  
41482     	0.6898148148148148  	124539.32307099998  	198088.70064399994  	0.6287048310484854  	0.3696522645029366  	0.1299201869213774  
41517     	0.6902927580893683  	124921.57281099998  	198847.15645099993  	0.6282291134587245  	0.36978692359494536 	0.1299938710660782  
41551     	0.6907692307692308  	125006.15253899997  	198960.39660099993  	0.6282966594085072  	0.36993274951472    	0.13006956449705026 
41586     	0.6912442396313364  	125088.06827299997  	199055.97384699993  	0.6284065022290977  	0.37009090325641003 	0.1301458582772284  
41620     	0.691717791411043   	125296.89556499997  	199360.59300599992  	0.6284937944643305  	0.37022663409236956 	0.1302042831956257  
41655     	0.6921898928024502  	125736.88391099997  	200036.25831499993  	0.6285704650253972  	0.3703623492174817  	0.13026234433258607 
41689     	0.6926605504587156  	126031.29164099997  	200458.71159599992  	0.6287144651263681  	0.37050127533257093 	0.13032209639828662 
41724     	0.6931297709923664  	126170.64473299998  	200705.43105399993  	0.628635927141671   	0.3706158505666527  	0.1303773519793674  
41758     	0.6935975609756098  	126731.93028699998  	201849.32345499992  	0.6278541246399246  	0.37078637053808794 	0.13046386412149408 
41793     	0.6940639269406392  	126824.03377899998  	201984.2405429999   	0.6278907376043564  	0.3709402803933271  	0.13054146182831602 
41827     	0.6945288753799392  	126868.79338599998  	202046.6424989999   	0.6279183450753356  	0.37110031845724856 	0.13062022131874568 
41862     	0.6949924127465857  	127043.44984199997  	202257.74930799988  	0.6281264884864168  	0.371283694658991   	0.13070222064610237 
41896     	0.6954545454545454  	127273.72612699997  	202595.98840599987  	0.6282144435749882  	0.3714970470349124  	0.1307911449749123  
41931     	0.6959152798789713  	127611.81648699997  	203190.35612899988  	0.6280407147176946  	0.37169310054200183 	0.13088834715284864 
41965     	0.6963746223564955  	128014.44485499998  	203878.5941939999   	0.6278954657357915  	0.37193596072550167 	0.13100283520533562 
42058     	0.6957831325301205  	128252.95573899998  	204305.1950889999   	0.6277518086758888  	0.3716040863972096  	0.130914775936725   
42088     	0.6962406015037594  	128585.87371599999  	204747.2641059999   	0.6280224269537964  	0.37187393544284436 	0.13103177687703754 
42235     	0.6925373134328359  	128927.81216699998  	205199.4859479999   	0.6283047521847686  	0.3697379896778014  	0.13029857929429078 
42264     	0.6929955290611028  	129237.38436599998  	205750.9053399999   	0.6281254711975016  	0.3698136888327842  	0.1303342192008324  
42294     	0.6934523809523809  	129647.05698299999  	206317.6632749999   	0.6283856404974595  	0.3699012759701838  	0.13037420498235164 
42323     	0.6939078751857355  	129732.02576799999  	206465.7956129999   	0.6283463339911763  	0.3699712333815792  	0.13041513203350943 
42352     	0.6943620178041543  	130212.11945799999  	207287.7882099999   	0.6281707214034441  	0.3700208947767841  	0.1304327641428873  
42382     	0.6948148148148148  	130712.01608299998  	208072.4957479999   	0.6282042016803004  	0.37013246660830573 	0.13046772579203414 
42441     	0.6942392909896603  	130869.11177499998  	208329.7704339999   	0.6281824796445024  	0.36966126134267824 	0.1302856966412673  
42470     	0.6946902654867256  	130970.38525099999  	208453.0462499999   	0.6282968160317784  	0.3697236331013453  	0.13029145692458477 
42558     	0.6930983847283406  	131478.94766399998  	209249.3889359999   	0.6283361128677588  	0.3686820386499331  	0.12991810122654093 
42617     	0.6925329428989752  	131675.45342799998  	209595.2572739999   	0.6282367985830097  	0.3681585876573492  	0.12973045579202713 
42647     	0.6929824561403509  	131977.564062       	209983.1968119999   	0.6285148815034036  	0.3681743318840776  	0.12973359150510966 
42676     	0.6934306569343066  	132080.889318       	210086.5220679999   	0.6286975862033102  	0.36805760984937136 	0.1296946282618146  
42705     	0.6938775510204082  	132512.100523       	210843.7800229999   	0.6284847506933565  	0.3679384079075136  	0.1296601241686094  
42794     	0.6923076923076923  	132674.416053       	211067.74340799992  	0.6285868883173522  	0.366760805309858   	0.12924789730434602 
42823     	0.6927536231884058  	133018.620387       	211668.51715299994  	0.6284289330134553  	0.3666471620575403  	0.12920475204654142 
42852     	0.6931982633863966  	133163.977708       	211932.47917399995  	0.6283320906120776  	0.3665492114757135  	0.12916812903419536 
42882     	0.6936416184971098  	133256.559851       	212050.14219599994  	0.6284200447638922  	0.36646734525612285 	0.12913294611773057 
42911     	0.6940836940836941  	133612.273715       	212534.43854099995  	0.6286617577472033  	0.36637713360815816 	0.1290948826984369  
42941     	0.6945244956772334  	133977.33138        	213120.88078099996  	0.6286447901727341  	0.3663240777481159  	0.12906641829618495 
42970     	0.6949640287769784  	134070.921854       	213216.50542699997  	0.62880179742887    	0.366280424965863   	0.12903690098988754 
43000     	0.6954022988505747  	134208.39128699998  	213414.31072699997  	0.6288631293272532  	0.3662481651028599  	0.12901211756214231 
43103     	0.6948424068767909  	134629.82288399996  	214108.33713699997  	0.6287929964999698  	0.3656887175759155  	0.1288143575955139  
43137     	0.6952789699570815  	134896.20513399996  	214534.31394099997  	0.6287861491989499  	0.3656481505446676  	0.1287896160956035  
43172     	0.6957142857142857  	134940.60952699996  	214653.45234999998  	0.628644021559805   	0.3656095187442411  	0.1287692877377047  
43206     	0.6961483594864479  	135215.16741399997  	215006.304013       	0.6288893157561762  	0.36560795078535    	0.12875424319217804 
43241     	0.6965811965811965  	135842.71205999996  	216165.29309499997  	0.628420548530425   	0.3656692818794452  	0.12876770909285143 
43275     	0.6970128022759602  	136312.48307099997  	216917.80985299998  	0.6284061376213216  	0.3657770271253331  	0.12879772498228276 
43310     	0.6974431818181818  	136661.88703299998  	217524.700258       	0.6282591672159948  	0.36588522326723966 	0.12883478461182815 
43344     	0.6978723404255319  	136699.81070299997  	217562.75774        	0.6283235794720166  	0.3659413518253729  	0.12884981639554932 
43379     	0.6983002832861189  	136877.09844399997  	217787.347139       	0.6284896723437285  	0.36601877966850843 	0.1288685350059449  
43482     	0.6967559943582511  	137397.38897399997  	218725.060348       	0.6281739676075317  	0.3650434830127472  	0.1285239507094673  
43517     	0.6971830985915493  	137790.84360599998  	219309.042865       	0.628295312431872   	0.36509231536897313 	0.1285467957714947  
43586     	0.6966292134831461  	138026.70675399998  	219604.934439       	0.6285227930173849  	0.3646219206469661  	0.12838474839655425 
43655     	0.696078431372549   	138123.148525       	219711.82585700002  	0.6286559587142924  	0.36411380408247435 	0.12821464775274516 
43758     	0.694560669456067   	138436.253547       	220208.280674       	0.6286605259497181  	0.36309311064966027 	0.12787303011083204 
43827     	0.694019471488178   	138582.758142       	220411.652596       	0.6287451525805355  	0.3626019090846393  	0.12771585724793907 
43862     	0.6944444444444444  	139020.519681       	221133.378583       	0.6286727068153584  	0.3626145032078932  	0.12772962552595807 
43896     	0.694868238557559   	139414.131405       	221808.19539900002  	0.6285346271999313  	0.3626070495954227  	0.12774106433616056 
44000     	0.6933701657458563  	139582.879651       	222042.740805       	0.6286306822954549  	0.3615799102576422  	0.12739573995778455 
44040     	0.6937931034482758  	139732.069407       	222258.997612       	0.6286902708475803  	0.361545020586025   	0.1274003337899925  
44061     	0.6942148760330579  	140064.401955       	222889.911539       	0.6284017118042255  	0.36150425782177087 	0.12740250971003536 
44142     	0.6917808219178082  	140392.47481100002  	223378.838043       	0.6284949641647556  	0.3600100915712276  	0.12689019058695813 
44183     	0.6912568306010929  	140631.81292700002  	223717.793483       	0.6286125512751691  	0.35953706710517713 	0.1267340217481138  
44204     	0.6916780354706685  	140875.95140000002  	224134.26483499998  	0.6285337563344369  	0.3595467336895424  	0.12674270076122116 
44224     	0.6920980926430518  	141444.65098700003  	225017.67037999997  	0.6285935266689701  	0.35956801360712054 	0.12675845293017338 
44244     	0.6925170068027211  	141565.89632800003  	225178.87012499996  	0.6286819729107568  	0.35956762817456495 	0.12676114779255276 
44265     	0.6929347826086957  	141900.68453700002  	225778.50820699995  	0.6284950931064774  	0.3595905543700135  	0.12677924792582085 
44285     	0.6933514246947082  	142176.50950400002  	226176.69546599995  	0.6286081296354104  	0.35964357708888506 	0.12680433939643684 
44367     	0.6909581646423751  	142310.108822       	226346.66215799993  	0.6287263415559505  	0.35818151899456485 	0.1262863913527273  
44408     	0.6904441453566622  	142374.87360300001  	226459.40128699993  	0.6286993288592305  	0.3576990113388649  	0.12611529049141904 
44428     	0.6908602150537635  	142565.40075700002  	226807.41936899992  	0.628574678701564   	0.35771778045620556 	0.1261218105577303  
44448     	0.6912751677852349  	142953.98247800002  	227405.9011049999   	0.6286291682993487  	0.3577715639440703  	0.12614305584549623 
44469     	0.6916890080428955  	143072.80135700002  	227594.0603239999   	0.6286315255913246  	0.35783538032451817 	0.126168159783553   
44510     	0.6911764705882353  	143307.20465200001  	228031.3653469999   	0.6284539165650592  	0.35743843001875286 	0.12603621585635189 
44530     	0.6915887850467289  	143641.086626       	228541.9137659999   	0.6285109118893247  	0.35755518390935676 	0.12608182806998852 
44551     	0.692               	143735.938313       	228715.6570619999   	0.6284481795403988  	0.35768032960052454 	0.12613097306910234 
44571     	0.6924101198402131  	143961.31502399998  	229027.1124839999   	0.6285776101467344  	0.3578020448138875  	0.12617838727906266 
44591     	0.6928191489361702  	144020.47758699997  	229097.9612669999   	0.6286414631998962  	0.3579015353609175  	0.12621491836989907 
44612     	0.6932270916334662  	144087.706693       	229202.3620479999   	0.6286484371519039  	0.35800918468728565 	0.12625317528573973 
44693     	0.6908850726552179  	144367.62252799998  	229654.1927889999   	0.6286304672897528  	0.3567005814553819  	0.12579195606805654 
44755     	0.6894736842105263  	144716.64163199998  	230144.1214199999   	0.6288087687797177  	0.35587322441818015 	0.12549095028621896 
44775     	0.6898817345597897  	145112.446974       	230794.5766969999   	0.6287515462917994  	0.35603086629968683 	0.12553462017746153 
44795     	0.6902887139107612  	145204.37002        	230912.8776439999   	0.6288275106244298  	0.3561998311227911  	0.12558035567290196 
44816     	0.690694626474443   	145649.016763       	231544.14575099992  	0.6290334669900459  	0.3563962034887903  	0.12563455511659125 
44836     	0.6910994764397905  	145913.023109       	232008.87936899991  	0.6289113740208699  	0.3565985112438907  	0.12568675669714632 
44857     	0.6915032679738562  	146333.688201       	232611.7968019999   	0.6290897117550742  	0.35684042985065095 	0.12574966742584515 
44877     	0.6919060052219321  	146819.58630300002  	233494.70842399992  	0.6287919212130165  	0.35713199360114056 	0.12583174109432907 
44897     	0.6923076923076923  	147352.031756       	234437.1136669999   	0.6285354287602362  	0.35744039335412686 	0.12591935748693095 
44959     	0.6909090909090909  	147499.521527       	234661.8717459999   	0.62856194075983    	0.35680555030222577 	0.12568006403110135 
44979     	0.6913099870298314  	147735.966308       	235090.0302539999   	0.6284229329009854  	0.3571206801314885  	0.12577703567712928 
45000     	0.6917098445595855  	147941.354884       	235453.24432399988  	0.6283258288020126  	0.35745099129716856 	0.125877245124908   
45048     	0.6921086675291074  	148122.160004       	235694.28702399987  	0.6284503620103328  	0.3577990920391884  	0.1259812532589487  
45073     	0.6925064599483204  	148451.963578       	236230.89472999988  	0.6284189193275214  	0.35816096688978816 	0.12609494405472216 
45121     	0.6920103092783505  	148609.44377399998  	236388.37492599987  	0.6286664639093246  	0.35807977400516616 	0.12604753472600536 
45146     	0.6924066924066924  	148875.34833399998  	236770.86674299987  	0.6287739297571392  	0.35848726683913584 	0.12616896964703805 
45243     	0.6901408450704225  	149287.04333899997  	237466.15951799988  	0.6286666009254428  	0.35749153329684547 	0.12580039588074005 
45268     	0.690537084398977   	149773.94727999996  	238201.10868199987  	0.6287709914900069  	0.357908716455661   	0.1259331783822062  
45317     	0.6900510204081632  	149805.40730499997  	238246.29042499987  	0.628783797799189   	0.35784878185778596 	0.12589457654957337 
45390     	0.6886912325285895  	150109.60763599997  	238727.67605699986  	0.6287901349157314  	0.35736380459444067 	0.12570580395350442 
45439     	0.688212927756654   	150386.26419599997  	239205.67557699987  	0.6286902007372769  	0.3573369322080339  	0.1256806180803199  
45463     	0.6886075949367089  	150557.83974099997  	239399.40700899987  	0.6288981314617039  	0.35778624627010747 	0.12581656854902523 
45536     	0.6872635561160151  	151145.16785399997  	240379.60661599986  	0.6287769997704108  	0.35728593859487695 	0.125617984062812   
45560     	0.6876574307304786  	151686.56595299998  	241338.06764699987  	0.6285231643391989  	0.3577349785349274  	0.12575589087982175 
45609     	0.6871859296482412  	151878.66581399998  	241599.65247199987  	0.6286377660729537  	0.35772858495141213 	0.1257270808822784  
45634     	0.6875784190715182  	151982.23017899998  	241728.45168199987  	0.628731244176985   	0.35818376377746936 	0.12585739788576264 
45682     	0.6871088861076345  	152299.26556799997  	242280.92192599986  	0.6286061005435538  	0.3581816722363323  	0.12582664984867534 
45707     	0.6875              	152755.33009899998  	243081.59313499986  	0.6284117531439927  	0.35866661105670206 	0.1259693976511387  
45780     	0.6861768368617683  	153260.27931599997  	244025.75917199985  	0.6280495954034735  	0.3581460602765353  	0.12578073718307903 
45804     	0.6865671641791045  	153331.44422599996  	244133.05430599986  	0.6280650715728651  	0.3584535579684027  	0.1258813631301059  
45829     	0.6869565217391305  	153734.20726399997  	244786.68759499985  	0.6280333655985147  	0.3587629863084325  	0.12598448592287073 
45853     	0.6873449131513648  	154290.41039899996  	245708.20667499985  	0.6279416242823386  	0.3590891639961749  	0.1260946471378835  
45902     	0.6868811881188119  	154622.19071899995  	246274.57011199984  	0.6278447289489997  	0.3590011107118013  	0.12606062285914793 
45926     	0.6872682323856613  	154768.23998699995  	246493.27007899983  	0.6278801848723802  	0.3592685496451981  	0.12615151847995765 
45951     	0.6876543209876543  	154893.54140199994  	246658.01155799982  	0.6279688238124707  	0.3595525685947912  	0.1262444445440794  
45975     	0.688039457459926   	155454.84954999996  	247571.44178499983  	0.6279191510505588  	0.3598493776360844  	0.12634441207778582 
46000     	0.6884236453201971  	155630.36042699995  	247794.46654499983  	0.628062291289048   	0.36014241232379585 	0.1264418064232979  
46078     	0.687960687960688   	156037.90654599995  	248389.25614799984  	0.6281990975206536  	0.3600029647085143  	0.126384999676262   
46105     	0.6883435582822086  	156281.58798599994  	248864.48112999985  	0.627978678501585   	0.36032716566148537 	0.12649509453285152 
46131     	0.6887254901960784  	156524.35677299995  	249210.46677399985  	0.6280809903339507  	0.3606752515816748  	0.12661006307733333 
46157     	0.6891064871481029  	156959.01465199995  	250015.54170799986  	0.6277970304554777  	0.3610200808656072  	0.12672945509226674 
46263     	0.6869671132764921  	157183.95515499995  	250391.20372499985  	0.627753502585627   	0.36001269554619714 	0.12637359607564655 
46289     	0.6873479318734793  	157664.71430899994  	251187.77471899986  	0.6276767031571389  	0.36035423815614637 	0.12649360303083507 
46315     	0.6877278250303767  	158280.62348099996  	252123.08605299986  	0.6277910760132737  	0.360718654756294   	0.12662752628274845 
46342     	0.6881067961165048  	158517.50925499995  	252403.72446199987  	0.6280315775564763  	0.3611022317905755  	0.12676638289662195 
46394     	0.6876513317191283  	158684.82769399995  	252712.12016999986  	0.6279272540915426  	0.3610470863118202  	0.12675470269526287 
46421     	0.6880290205562273  	159098.51926199996  	253424.08029899988  	0.6277955870424355  	0.36145214129649716 	0.12691322144986414 
46447     	0.6884057971014492  	159427.87681899997  	253954.27655399987  	0.6277818156178986  	0.3618675291718934  	0.12707708019991393 
46631     	0.6838323353293413  	159487.63800799998  	254018.08792799988  	0.6278593753260828  	0.35962734640144584 	0.12630615337568007 
46736     	0.6817640047675805  	159628.594957       	254203.44999099988  	0.6279560523771478  	0.3586661726224776  	0.12597542376467466 
46789     	0.6813317479191439  	159732.281606       	254383.81712499988  	0.6279184085342594  	0.3585452133795412  	0.12594115625652594 
46921     	0.6784869976359338  	159998.978004       	254811.0543139999   	0.6279122325942564  	0.35701121077442793 	0.1254202876618877  
46947     	0.6788665879574971  	160382.463288       	255397.07927099988  	0.6279729734803248  	0.35721043924932694 	0.1255068070024824  
46973     	0.6792452830188679  	160635.096107       	255790.07570899988  	0.627995811259491   	0.357434799934153   	0.12559840161778718 
47000     	0.6796230859835101  	160815.655694       	256134.51037599987  	0.6278562598141348  	0.35767205722223055 	0.12569707187473872 
47047     	0.68                	160878.682726       	256202.21507399986  	0.6279363458256315  	0.3579179224075357  	0.12579571535779183 
47071     	0.6803760282021152  	160983.759464       	256413.15947199985  	0.6278295536605614  	0.358173836122831   	0.12589842631949028 
47095     	0.6807511737089202  	161052.007622       	256501.03541199985  	0.6278805360895067  	0.3584015731417319  	0.12598841451485038 
47142     	0.680327868852459   	161184.028259       	256713.47843499985  	0.6278752064037495  	0.3581530168755033  	0.1259063491307271  
47166     	0.6807017543859649  	161407.41959600002  	257038.35920099984  	0.62795070781549    	0.35834780602388916 	0.125976822518169   
47214     	0.6802800466744457  	161491.95330800003  	257157.01526899985  	0.6279896861420284  	0.3580881455955094  	0.12588416915812714 
47452     	0.6735870818915801  	161879.89832600002  	257745.00188899986  	0.6280622209532312  	0.35444223027495997 	0.12459438104827092 
47476     	0.673963133640553   	162383.30233000003  	258532.60183299985  	0.6280960357753727  	0.3545556838836522  	0.12462971232690213 
47500     	0.6743383199079401  	162621.01052400004  	258947.35300799986  	0.6280080048509941  	0.3546907994723697  	0.1246725477488112  
47523     	0.674712643678161   	163083.03222800005  	259676.93147299986  	0.6280227947200492  	0.35486335176470646 	0.12472780780756612 
47547     	0.6750861079219288  	163434.54398300007  	260136.57321199987  	0.6282643842233138  	0.3550619250232858  	0.12478982600790958 
47571     	0.6754587155963303  	163599.35290200007  	260389.87756399988  	0.6282861470365331  	0.3552780820719822  	0.12485519929417974 
47595     	0.6758304696449027  	163884.15423400007  	260840.42110999988  	0.6282927835210323  	0.3554945135776832  	0.1249240859012014  
47619     	0.6762013729977117  	164015.76596000008  	260998.1876569999   	0.6284172600292047  	0.35572649396233497 	0.12499436897958154 
47642     	0.6765714285714286  	164150.94741600007  	261228.6970039999   	0.628380225061899   	0.3559515996489406  	0.12506577256018445 
47666     	0.6769406392694064  	164307.57674000008  	261510.1644129999   	0.6283028313978307  	0.3561878484908191  	0.1251437835652978  
47690     	0.677309007981756   	164560.7601250001   	261828.55033099992  	0.628505790972622   	0.356445524716462   	0.12522639501446856 
47714     	0.6776765375854215  	164619.39934300008  	261895.12023199993  	0.62856993745119    	0.3567100703624185  	0.125309310009014   
47761     	0.6772727272727272  	164748.90496900008  	262170.7446059999   	0.6284030859987485  	0.3564641023802977  	0.12520444464313132 
47785     	0.677639046538025   	165088.0992660001   	262725.2490909999   	0.6283678475410587  	0.3566649901377355  	0.12525107963158302 
47809     	0.6780045351473923  	165640.54611700008  	263582.5995099999   	0.6284198821353377  	0.3569017926127089  	0.1253131105414464  
47833     	0.6783691959229898  	166049.45865300007  	264200.8643779999   	0.6284970302573585  	0.3571699764308247  	0.12538794308009327 
47857     	0.6787330316742082  	166233.18328000006  	264505.5955739999   	0.6284675487460284  	0.3574526753741807  	0.12546856047994842 
47880     	0.6790960451977401  	166452.05346200007  	264884.38330799993  	0.6283951185920025  	0.35775020296618787 	0.12555702242097527 
47904     	0.6794582392776524  	166519.97947600007  	264952.30932199996  	0.6284903872025746  	0.35805590438195506 	0.1256455328111774  
47928     	0.6798196166854565  	166814.94733300008  	265358.13097099995  	0.6286407984657937  	0.3583922811364289  	0.1257392332613113  
47952     	0.6801801801801802  	167176.96621400007  	265952.9440109999   	0.6285960354215352  	0.35874061960916775 	0.12584587862095842 
47976     	0.6805399325084365  	167671.26041600006  	266797.5572839999   	0.628458753981461   	0.3591208130469859  	0.125971160755008   
48095     	0.6786114221724524  	167825.34960800008  	266993.25123799994  	0.6285752498605263  	0.35819595618979194 	0.12563561274531526 
48119     	0.6789709172259508  	168108.26621700008  	267402.7994929999   	0.6286705544434692  	0.3584729035491286  	0.12572051985793342 
48142     	0.6793296089385474  	168260.69035000008  	267672.0332529999   	0.6286076595494099  	0.35876188754109667 	0.1258099930859812  
48166     	0.6796875           	168687.71476800006  	268438.9131149999   	0.6284026142503931  	0.3590691690701508  	0.12590904403823602 
48214     	0.6792873051224945  	169078.70239700007  	269024.8481549999   	0.6284873072378229  	0.3590096448749871  	0.1258773206497263  
48261     	0.6788888888888889  	169359.90072900007  	269382.8831059999   	0.6286958502198463  	0.35894736707831676 	0.12584433890004035 
48333     	0.6777408637873754  	169395.07750500008  	269424.7066589999   	0.6287288185466846  	0.3584713099695325  	0.12566785046131723 
48380     	0.6773480662983425  	169622.0182020001   	269810.6699919999   	0.6286705348125391  	0.35839315250742826 	0.12563188913326978 
48452     	0.6762114537444934  	169870.80104400008  	270249.55386899994  	0.6285701441947349  	0.35792248943679633 	0.1254626934302185  
48476     	0.6765676567656765  	170009.45031000007  	270457.1811979999   	0.6286002448037691  	0.3582246219443737  	0.12556291287718413 
48500     	0.676923076923077   	170198.42995600007  	270777.3569499999   	0.6285548831449295  	0.35850378227902635 	0.1256562200480664  
48523     	0.677277716794731   	170342.02292500006  	270972.1873119999   	0.6286328667704434  	0.3587963141051661  	0.12575168805719567 
48571     	0.6768893756845564  	170598.17952500004  	271385.4126999999   	0.6286195629592883  	0.3587104206567849  	0.12571772907093334 
48690     	0.6742919389978214  	170777.16940300004  	271720.85652499995  	0.6285022489147333  	0.3573281263723514  	0.1252301566431312  
48714     	0.6746463547334058  	170889.79291700004  	271858.55110999994  	0.6285981890922911  	0.3575101078092093  	0.12528745477030226 
48738     	0.675               	170962.78212500006  	271976.2807499999   	0.6285944555663247  	0.35769828218212624 	0.12534649296432246 
48785     	0.6746203904555315  	171338.64472900005  	272585.8541979999   	0.6285676314096025  	0.3574654128709368  	0.12526039092111202 
48809     	0.6749729144095341  	171890.67550900005  	273404.7249609999   	0.628704114508334   	0.357654927432295   	0.12532498093167518 
48833     	0.6753246753246753  	172051.99028600004  	273611.8690959999   	0.6288177148690637  	0.357840952997647   	0.12539107082377063 
48857     	0.6756756756756757  	172382.06702300004  	274187.3506049999   	0.6287017495250439  	0.3580522701124655  	0.12546666707602946 
48880     	0.6760259179265659  	172511.15413200003  	274419.2238919999   	0.6286409227652845  	0.3582651453151768  	0.12554472706653963 
48904     	0.6763754045307443  	172584.44237600002  	274513.6655939999   	0.6286916245227984  	0.35848495433994976 	0.1256234866560606  
48928     	0.6767241379310345  	172810.541342       	274816.6882669999   	0.6288211332133689  	0.3586911371622659  	0.12568807729032663 
48952     	0.6770721205597416  	173005.869729       	275100.2756889999   	0.6288829383965527  	0.3589008893816204  	0.1257520637135236  
48976     	0.6774193548387096  	173437.02522799998  	275670.1326849999   	0.6291469574115283  	0.3591422550041988  	0.1258246550987344  
49000     	0.677765843179377   	173586.017202       	275853.7263679999   	0.6292683426376097  	0.359381380160248   	0.12589391290143506 
49062     	0.6781115879828327  	174157.731839       	276724.6325709999   	0.6293539184456806  	0.3596209312280427  	0.12596084484594655 
49093     	0.6784565916398714  	174333.843738       	276949.1087579999   	0.6294797066501273  	0.35986071494881494 	0.12602933846480924 
49125     	0.6788008565310493  	174620.763892       	277278.4335119999   	0.629766843674998   	0.3601088728646939  	0.12609394396759113 
49156     	0.679144385026738   	175115.75010099998  	278062.3377369999   	0.6297715524014258  	0.36033514569147757 	0.12615802166558712 
49187     	0.6794871794871795  	175369.142314       	278487.4459709999   	0.6297200999583369  	0.3605678075509432  	0.12622488247267016 
49218     	0.67982924226254    	175546.313028       	278707.1009979999   	0.6298594919160664  	0.36077383916223177 	0.12628002081609413 
49250     	0.6801705756929638  	175918.418624       	279347.5502829999   	0.6297474899843638  	0.3609959160795168  	0.12634064928150568 
49281     	0.6805111821086262  	176043.375827       	279521.77941199986  	0.6298020003926839  	0.361229359732642   	0.12640433882777    
49312     	0.6808510638297872  	176560.561377       	280356.4158279999   	0.6297717883699898  	0.3614999973131762  	0.12648268909166058 
49343     	0.6811902231668437  	176729.27702100002  	280577.0480319999   	0.6298778829579958  	0.3617855702581188  	0.12656342239817947 
49375     	0.6815286624203821  	177293.219358       	281365.7230839999   	0.6301166233566776  	0.36211532687688414 	0.1266558902035899  
49406     	0.6818663838812301  	177581.974007       	281858.5521219999   	0.630039332388734   	0.3624652255644911  	0.12675730952266814 
49437     	0.6822033898305084  	177815.032278       	282210.2391889999   	0.6300800169015658  	0.36281824780266353 	0.12685647928809884 
49468     	0.6825396825396826  	177903.585464       	282319.82087199995  	0.6301491156891146  	0.36314848942492417 	0.12694530296352707 
49500     	0.6828752642706131  	178116.195746       	282580.89496799995  	0.6303193135762779  	0.3634877130441145  	0.12703385789395186 
49531     	0.6832101372756072  	178563.486314       	283321.84249899996  	0.6302496296755881  	0.363832097334981   	0.12712378639516544 
49562     	0.6835443037974683  	178861.43730700001  	283751.16596799996  	0.6303460875546538  	0.3641657843253774  	0.1272064769970726  
49593     	0.6838777660695469  	179296.930239       	284379.07697899995  	0.6304856607022472  	0.3645225190854248  	0.12729507313819766 
49656     	0.6834910620399579  	179367.07898800002  	284477.96244599996  	0.6305130894701475  	0.3644650353566262  	0.1272376213094039  
49687     	0.6838235294117647  	179643.19997500003  	284906.846973       	0.6305331089218239  	0.3648097810514017  	0.12732010712350925 
49718     	0.6841552990556139  	179857.72837100003  	285271.001511       	0.6304802360504377  	0.3651513363358824  	0.12740509481113274 
49843     	0.6823406478578893  	179997.72894600005  	285458.886733       	0.6305557028054917  	0.3643262525873412  	0.12708340405255708 
49875     	0.6826722338204593  	180367.78866300004  	285990.853889       	0.6306767723872916  	0.3646405305225015  	0.12715775459847872 
49906     	0.6830031282586028  	180489.07886500005  	286262.606807       	0.6305017650687674  	0.36496233143905754 	0.12723745904130296 
49968     	0.6826222684703434  	180917.63578900005  	287030.53151400003  	0.6303079844318782  	0.3648997656550163  	0.12719159659395257 
50195     	0.6780185758513931  	181261.41515000004  	287658.33355700003  	0.6301274602707895  	0.36234612593966115 	0.12627549515119488 
50243     	0.6776519052523172  	181668.14590000003  	288221.97563700005  	0.6303063654271845  	0.36202558768987375 	0.1261383178720598  
50268     	0.6779835390946503  	182149.84354100004  	289018.3448680001   	0.6302362696879714  	0.3620893516058119  	0.1261328551784975  
50292     	0.6783144912641316  	182351.32792900005  	289327.7303810001   	0.6302587300874044  	0.36216901321108214 	0.1261319906863191  
50317     	0.6786447638603696  	182532.81222200004  	289636.8127320001   	0.630212749892732   	0.3622630428160294  	0.1261361690453497  
50341     	0.678974358974359   	182714.64384700003  	289867.6074780001   	0.6303382617903155  	0.36234259062621804 	0.12613578485011    
50365     	0.6793032786885246  	182896.29584000004  	290213.3089570001   	0.6302133299720557  	0.36243046125112216 	0.1261430099122045  
50390     	0.6796315250767656  	183215.97950100002  	290645.6618570001   	0.6303757583388384  	0.3625464050168498  	0.12615555840956638 
50414     	0.679959100204499   	183611.66906500002  	291200.7558090001   	0.6305329412861543  	0.36269041476170055 	0.12617600424878572 
50487     	0.6788990825688074  	183663.933469       	291276.6822840001   	0.6305480137607593  	0.3620809860601594  	0.1259357189202221  
50512     	0.6792260692464358  	184197.347125       	292099.9503860001   	0.6305969818946888  	0.36223743361467503 	0.12596704424301117 
50560     	0.6788617886178862  	184381.107364       	292393.1148870001   	0.6305931910717424  	0.3620180889576895  	0.12587252176356128 
50585     	0.6791878172588832  	184527.864725       	292694.7668640001   	0.63044470081264    	0.3621791810810912  	0.12591217779236552 
50609     	0.6795131845841785  	184805.319281       	293132.13481000013  	0.6304505625109493  	0.3623186906766298  	0.12594638840283534 
50634     	0.6798378926038501  	185324.173251       	293933.35036500014  	0.630497264161649   	0.3624674662026843  	0.12598402336925119 
50658     	0.680161943319838   	185834.840818       	294712.17051900015  	0.6305638497749763  	0.3626531849033317  	0.12603387157758525 
50707     	0.6797979797979798  	186111.598409       	295161.15561000013  	0.6305423151781917  	0.3624918168330948  	0.12596362487504376 
50731     	0.6801210898082745  	186640.327536       	296033.35840600013  	0.6304705947362488  	0.36272492797877615 	0.12603525448919442 
50756     	0.6804435483870968  	186728.495067       	296154.30219300016  	0.6305108306186662  	0.36292799722417046 	0.12610091255791633 
50780     	0.6807653575025177  	187233.712884       	296957.29148300015  	0.6305072084573432  	0.36313637308295654 	0.12616903108370728 
50804     	0.6810865191146881  	187338.804023       	297151.45012000017  	0.6304488971780081  	0.36334984298456846 	0.12624070379386046 
50829     	0.6814070351758794  	187551.577491       	297490.43424700014  	0.630445741778977   	0.363581259534169   	0.12631692440914372 
50902     	0.6803607214428857  	187808.440823       	297934.63213400013  	0.6303679417118941  	0.3630597407646335  	0.12612518338853188 
50926     	0.6806806806806807  	187857.923156       	297991.4224170001   	0.6304138610175073  	0.3632170375899583  	0.1261749793925087  
50951     	0.681               	188185.716015       	298456.9473070001   	0.6305288508544168  	0.3633961819815273  	0.12623040660018978 
