25166     	1.0                 	131.876969          	197.191273          	0.6687769037324487  	0.00968003359317876 	0.00262019622981932 
25187     	1.0                 	538.0164540000001   	896.1567010000001   	0.6003597957808497  	0.02491422857809125 	0.008604112591457796
25208     	1.0                 	769.4819500000001   	1244.914768         	0.6181001059503859  	0.035033435577242054	0.012494793102653176
25229     	1.0                 	900.4493380000001   	1425.3767030000001  	0.6317272732919081  	0.042354536122860977	0.014989561762406168
25250     	1.0                 	935.2609310000001   	1473.6555260000002  	0.6346536992526434  	0.047700095819281516	0.016588017395684947
25270     	1.0                 	1199.4239670000002  	1871.6853220000003  	0.6408256521017907  	0.05424874066775079 	0.01875437628744486 
25291     	1.0                 	1292.097866         	1996.2731380000002  	0.6472550481215762  	0.05976353117927718 	0.02068581193624474 
25312     	1.0                 	1486.556714         	2309.3718320000003  	0.6437060907219032  	0.0657782475383113  	0.0227620435419582  
25333     	1.0                 	1980.774801         	3080.856068         	0.6429300029864297  	0.07479463752428289 	0.02583555147625903 
25354     	1.0                 	2375.467316         	3625.221332         	0.6552613201935115  	0.08395612113349982 	0.029264555271598037
25375     	1.0                 	2644.5113610000003  	3992.713667         	0.6623343373848802  	0.09362675306074349 	0.03250186375238316 
25395     	1.0                 	2935.9554260000004  	4416.2490419999995  	0.6648074866426432  	0.10384943653451251 	0.03572518759186024 
25416     	1.0                 	3301.7818180000004  	5024.973749         	0.6570744411663991  	0.11413523754958987 	0.039287901102169634
25437     	1.0                 	3660.9113020000004  	5511.217667         	0.6642654170458118  	0.12430020428106762 	0.04295590880363371 
25458     	1.0                 	3829.4221000000002  	5779.2753139999995  	0.6626128522936813  	0.1341334923571863  	0.046402029635649926
25479     	1.0                 	4193.346178000001   	6306.088543999999   	0.6649678558652349  	0.1447984000660854  	0.04990808296610485 
25520     	0.9444444444444444  	4663.705967000001   	6955.843852999999   	0.670473067762811   	0.14726466797519322 	0.050625974548628085
25541     	0.9473684210526315  	4822.531433000001   	7171.510350999999   	0.6724568740708218  	0.15614710380084645 	0.053352624765554094
25562     	0.95                	5331.690915000001   	7832.509205999999   	0.6807130096847794  	0.165799594792834   	0.05627706711800697 
25583     	0.9523809523809523  	5551.682261000001   	8195.202028999998   	0.6774307993084867  	0.17533180698775652 	0.05920610692980358 
25604     	0.9545454545454546  	5635.828996000001   	8308.279697999998   	0.6783388620578915  	0.18445691552939608 	0.06193067989155962 
25625     	0.9565217391304348  	5909.510805000001   	8735.989468999998   	0.6764558068631071  	0.19341300220193372 	0.06471398312434806 
25666     	0.92                	6407.279789000001   	9603.905378999998   	0.6671535730672886  	0.19528928005517426 	0.06517282291263848 
25687     	0.9230769230769231  	6812.757040000001   	10324.039249999998  	0.6598925938798618  	0.20528976734909807 	0.06859567551156293 
25729     	0.8928571428571429  	6963.881698000001   	10553.329796999999  	0.6598753030517086  	0.20737961901933374 	0.06932220369468249 
25750     	0.896551724137931   	7306.944178000001   	11104.464028999999  	0.6580186273662071  	0.2169603718599065  	0.07258338162042122 
25770     	0.9                 	7835.341839000001   	11969.359406        	0.6546166401413513  	0.22704414580309    	0.07614494972298691 
25791     	0.9032258064516129  	8210.746759000001   	12654.16643         	0.6488571811047377  	0.23717199728763103 	0.079874238896252   
25833     	0.8787878787878788  	8582.279734000002   	13412.395072        	0.6398767474361496  	0.23871725392106663 	0.08099621410747583 
25875     	0.8571428571428571  	8727.536019000001   	13650.094862999998  	0.6393754846830328  	0.24040743468572073 	0.08208414261301075 
25895     	0.8611111111111112  	8903.581011         	13992.452943999999  	0.6363130929675829  	0.24909190181779145 	0.0855150806454768  
25916     	0.8648648648648649  	9402.230751000001   	14879.458217999998  	0.6318933534573136  	0.25794640109354017 	0.089121698815352   
25937     	0.868421052631579   	9729.586500000001   	15505.958653999998  	0.6274740386651364  	0.2658647346218293  	0.09255101814497725 
25979     	0.85                	10306.311822000001  	16547.372848        	0.6228367437339563  	0.2674835968398231  	0.0938710745466722  
26044     	0.8333333333333334  	10783.917655000001  	17339.554604999998  	0.6219258741450241  	0.2684527863786087  	0.0948591599489099  
26088     	0.8181818181818182  	10870.667439        	17515.979930999998  	0.620614289455822   	0.26947843877795413 	0.09583239636993514 
26111     	0.8222222222222222  	11354.267457        	18384.757558999998  	0.6175913617877261  	0.27634998039833675 	0.09886871898921819 
26133     	0.8260869565217391  	11486.511704        	18541.195380999998  	0.6195130070076684  	0.283241209669186   	0.10180126626386916 
26155     	0.8297872340425532  	11643.080742        	18761.704154        	0.6205769287497103  	0.2900760580395743  	0.1046687350143923  
26200     	0.8163265306122449  	11946.695198        	19254.231899        	0.6204711390549146  	0.2902046904026625  	0.105176209539246   
26266     	0.7884615384615384  	12274.537669        	19720.414532        	0.6224279742741871  	0.2844428492710686  	0.10339092059463567 
26288     	0.7924528301886793  	12506.889389        	20090.611681        	0.6225240718194737  	0.2901695336451699  	0.10574244379440825 
26311     	0.7962962962962963  	12997.65416         	20870.192206        	0.6227855513598618  	0.29653269637323704 	0.1082011120319297  
26377     	0.7719298245614035  	13509.228539        	21647.003658999998  	0.6240692130794452  	0.29253599014396636 	0.10695609270931859 
26422     	0.7627118644067796  	13571.212674        	21727.125287        	0.6246207215512339  	0.2932119093950623  	0.107288645537615   
26511     	0.7301587301587301  	13674.962305000001  	21854.733675        	0.6257208396294951  	0.2841459013347856  	0.10404954415756143 
26533     	0.734375            	13798.64687         	22082.28743         	0.6248739816353346  	0.28925004922172237 	0.10600386850064408 
26555     	0.7384615384615385  	14023.464706        	22388.550791        	0.6263676839519827  	0.2945229103529071  	0.10794927650224481 
26600     	0.7313432835820896  	14111.336699000001  	22523.404906        	0.6265188037906688  	0.2949036124695659  	0.10811154990561171 
26622     	0.7352941176470589  	14573.961815        	23298.014522999998  	0.6255452283546507  	0.2999789944180312  	0.11006763270964097 
26644     	0.7391304347826086  	14669.128932000001  	23428.768870999997  	0.6261160803100231  	0.30507466300239566 	0.11198990386275147 
26666     	0.7428571428571429  	14950.455517000002  	23809.847639999996  	0.6279105915773934  	0.3102328482296843  	0.11389583926713902 
26688     	0.7464788732394366  	15079.431998000002  	23947.827101999996  	0.6296785062700176  	0.3154337595009244  	0.11575691439134853 
26755     	0.7297297297297297  	15548.368489000002  	24689.923604999996  	0.6297455082384814  	0.3117953835680932  	0.11431515608065634 
26777     	0.7333333333333333  	15815.748009000003  	25043.752156999995  	0.6315246976511598  	0.3169742448568072  	0.11605040024068716 
26822     	0.7272727272727273  	16092.589016000002  	25460.609356999994  	0.6320582822804905  	0.318083650156047   	0.11629509966469308 
26844     	0.7307692307692307  	16202.816247000002  	25622.832312999995  	0.6323585171643709  	0.323219368531288   	0.11803470430152019 
26888     	0.725               	16677.955493        	26323.599467999997  	0.633574276697014   	0.32433078621488465 	0.11829737390783915 
26911     	0.7283950617283951  	17142.535923        	26991.534939999998  	0.6351078573747834  	0.32942869530635466 	0.1200099983058817  
26933     	0.7317073170731707  	17294.646400999998  	27183.453415999997  	0.6362196199405807  	0.3343556419875119  	0.12165399216149808 
26955     	0.7349397590361446  	17658.393871999997  	27700.823255999996  	0.6374681975625107  	0.339282541061898   	0.12328234057937873 
26977     	0.7380952380952381  	17739.413639        	27794.890623999996  	0.6382257041041415  	0.34378194475413676 	0.12470393577750308 
27000     	0.7411764705882353  	18040.411716        	28340.532680999997  	0.6365586673709424  	0.34843517315008044 	0.12620111146668034 
27044     	0.7441860465116279  	18500.443589        	29066.804386999996  	0.6364801353008122  	0.35258796932355396 	0.12744355019548187 
27111     	0.7303370786516854  	18596.642085        	29191.342330999996  	0.6370601897690445  	0.3481834972863826  	0.12568661587432375 
27177     	0.717391304347826   	18769.977504        	29436.233811999995  	0.6376487435137921  	0.34381230460430817 	0.1238374599507127  
27200     	0.7204301075268817  	19095.108774        	29823.495588999995  	0.6402706455725794  	0.34714462018768083 	0.12476515177252057 
27222     	0.723404255319149   	19364.264169000002  	30298.027841999996  	0.6391262253101736  	0.3505630817644039  	0.12577073973094968 
27288     	0.711340206185567   	19607.686776000002  	30683.126656999997  	0.6390380939723018  	0.34591313198474916 	0.12393152986431828 
27311     	0.7142857142857143  	19730.926079        	30827.226455999997  	0.6400486954985115  	0.34855739350804843 	0.12470111586134382 
27333     	0.7171717171717171  	20157.960745        	31468.989732999995  	0.6405658686863192  	0.3512557687993128  	0.1254568893216666  
27355     	0.72                	20288.534946        	31704.561357999995  	0.6399247955808922  	0.3539920997544496  	0.1262326438033736  
27377     	0.7227722772277227  	20740.285373        	32494.367457999997  	0.6382732453495972  	0.35695834248622127 	0.1271138696715007  
27400     	0.7254901960784313  	21254.613604        	33481.155144        	0.6348231867325205  	0.3600036362108858  	0.12811414313011646 
27422     	0.7281553398058253  	21778.927037999998  	34274.488334999995  	0.6354267589681292  	0.36304732121464584 	0.1290821650740335  
27511     	0.7102803738317757  	21963.289181999997  	34556.548629        	0.635575312158585   	0.35544265745387443 	0.1262899214426708  
27555     	0.7064220183486238  	22204.945184999997  	34888.955228        	0.6364462632913553  	0.3550106395960713  	0.1260049553499586  
27577     	0.7090909090909091  	22476.998180999995  	35261.856036        	0.6374309440221321  	0.35806913914854804 	0.12690749723365718 
27600     	0.7117117117117117  	22723.461531999994  	35625.560359999996  	0.6378415189088129  	0.36119621943874297 	0.12784445831765792 
27622     	0.7142857142857143  	22968.300495999993  	36019.519757999995  	0.6376625965674818  	0.364258842558324   	0.1287595398674559  
27644     	0.7168141592920354  	23248.531786999993  	36435.107907        	0.6380804976985791  	0.36726353507490433 	0.12966818845981673 
27666     	0.7192982456140351  	23361.284428999992  	36573.892787        	0.6387420820926024  	0.3701266794674157  	0.1305428014654519  
27688     	0.7217391304347827  	23563.37680099999   	36862.738153        	0.6392193847130787  	0.3731161798334905  	0.13142927752092634 
27711     	0.7241379310344828  	23798.54338999999   	37178.591638        	0.6401141716642019  	0.37580633185490697 	0.1322109647737893  
27733     	0.7264957264957265  	24092.42145999999   	37599.031860999996  	0.6407723887430761  	0.378532556667872   	0.13301658961775129 
27755     	0.7288135593220338  	24252.14203299999   	37901.930296        	0.6398656174922958  	0.3809441026296525  	0.13375341232399862 
27800     	0.725               	24331.265954999988  	38061.687074        	0.6392587356334164  	0.3801599922429107  	0.13338781730169139 
27933     	0.6984126984126984  	24556.667782999986  	38432.395779        	0.6389575066880971  	0.3668684326728664  	0.1287092468111883  
27955     	0.7007874015748031  	24750.249711999986  	38764.054874        	0.6384845391548701  	0.36871839293788033 	0.1292434197686565  
28060     	0.6923076923076923  	25245.491481999987  	39454.571085        	0.6398622716645859  	0.3647585912931927  	0.12771339686902433 
28090     	0.6946564885496184  	25824.056895999987  	40387.65377600001   	0.6394047309414566  	0.3665217079708353  	0.1281502648286167  
28121     	0.696969696969697   	26124.280637999986  	40856.788889        	0.6394110097338929  	0.36836372044577925 	0.1286209959231998  
28151     	0.6992481203007519  	26384.546495999984  	41207.874455000005  	0.6402792389792525  	0.3701438084540464  	0.1290930528400098  
28181     	0.7014925373134329  	26633.350643999984  	41652.63151500001   	0.6394157986010738  	0.372009971958507   	0.12961639818833465 
28212     	0.7037037037037037  	26703.172047999982  	41725.69485900001   	0.6399694993273491  	0.3738078940878107  	0.130118898721311   
28242     	0.7058823529411765  	27025.88444399998   	42163.43815500001   	0.640979142750366   	0.3755918822133286  	0.13061335765745097 
28303     	0.7028985507246377  	27199.971385999983  	42422.320860000014  	0.6411712238885737  	0.37470111984948484 	0.1301840198268891  
28333     	0.7050359712230215  	27258.464421999983  	42480.813896000014  	0.6416653053948816  	0.3761677676718603  	0.13053398928658108 
28393     	0.7021276595744681  	27410.029513999983  	42687.84473200001   	0.6421038514847448  	0.3748983276213652  	0.12993116720786102 
28424     	0.704225352112676   	27624.965461999982  	42965.06615100001   	0.6429634104347122  	0.3764394773377511  	0.13027928743135497 
28454     	0.7062937062937062  	28087.68021399998   	43788.756275000014  	0.6414358982384679  	0.37803580356424465 	0.13067066153629606 
28484     	0.7083333333333334  	28584.755559999983  	44726.58841600001   	0.639099841332284   	0.3797999059529822  	0.13117108728878446 
28515     	0.7103448275862069  	28832.700679999984  	45129.73192000001   	0.6388848205681957  	0.381604570642502   	0.13165134752731542 
28545     	0.7123287671232876  	29416.556133999984  	46219.91040400001   	0.636447710020965   	0.383631485765252   	0.13226669446626668 
28575     	0.7142857142857143  	29563.973771999983  	46425.96129900001   	0.6367983116514763  	0.38547841547496015 	0.13278692752778068 
28606     	0.7162162162162162  	29763.083118999984  	46815.85700900001   	0.6357479072374612  	0.387240095730795   	0.1333142261913868  
28636     	0.7181208053691275  	30337.602360999983  	47665.61913900001   	0.6364671834542008  	0.38925427803064877 	0.13392115049048717 
28696     	0.7152317880794702  	30746.554692999984  	48290.79413700001   	0.6366959840373018  	0.3886814027578506  	0.13365121427971477 
28757     	0.7124183006535948  	31076.299302999985  	48795.056741000015  	0.6368739249131387  	0.38791499619728476 	0.13332462919177437 
28787     	0.7142857142857143  	31245.090004999984  	49025.15203100001   	0.6373277534201794  	0.3897733664048705  	0.13388916902979653 
28818     	0.7161290322580646  	31399.100113999983  	49211.04055100001   	0.6380499124268553  	0.3917256407607958  	0.13445697745338794 
28848     	0.717948717948718   	31647.388221999983  	49646.11031600001   	0.6374595717683168  	0.3937978856786838  	0.13506066590994212 
28909     	0.7151898734177216  	32045.837450999985  	50351.39300500001   	0.6364439102572149  	0.39293590537182094 	0.1346919406058407  
28969     	0.7125              	32318.153648999985  	50764.15093600001   	0.6366333929182527  	0.3916308959682204  	0.1341187849665255  
29000     	0.7142857142857143  	32562.967611999986  	51140.76946500001   	0.6367320623575209  	0.39288515354139647 	0.13442722002331384 
29055     	0.7160493827160493  	32808.63355899999   	51541.76318400001   	0.6365446490814791  	0.39416415497866997 	0.13475950806496298 
29111     	0.7134146341463414  	32847.47361999999   	51594.08205500001   	0.6366519630097135  	0.3927988092639655  	0.13419640292953905 
29138     	0.7151515151515152  	33068.01881199999   	51988.81938500002   	0.6360601991577612  	0.3936655488768963  	0.13444677314361955 
29166     	0.7168674698795181  	33434.40898299999   	52690.009931000015  	0.6345493012201721  	0.39440279812695705 	0.13468456059359368 
29194     	0.718562874251497   	33642.58694099999   	52963.427204000014  	0.6352041156894613  	0.39524558038536417 	0.13493698402919574 
29222     	0.7202380952380952  	34097.144838999986  	53677.42940600002   	0.6352231322610362  	0.3960922525393946  	0.135212561387044   
29277     	0.7176470588235294  	34648.75622599998   	54769.01217900002   	0.6326343099407824  	0.3941693340031466  	0.13462914196154113 
29305     	0.7192982456140351  	34802.12271599998   	55020.95891500002   	0.6325248305789178  	0.3945886433373943  	0.13482466292091694 
29333     	0.7209302325581395  	35028.387310999984  	55414.58215900002   	0.6321149767130553  	0.3950981304939198  	0.13505874367741122 
29388     	0.7183908045977011  	35112.75367899999   	55534.06763000002   	0.632274118887552   	0.393078419452139   	0.13445886569725107 
29444     	0.7159090909090909  	35412.75667699999   	56019.40596200002   	0.6321515922718234  	0.39095005103853    	0.1338390141792443  
29472     	0.7175141242937854  	35602.47002199999   	56290.746286000016  	0.63247464940529    	0.39116550474421014 	0.13400531596651877 
29500     	0.7191011235955056  	35960.90733999998   	56949.401480000015  	0.631453648422083   	0.39124345301024216 	0.13411412656050067 
29527     	0.7206703910614525  	36138.91993499998   	57176.960803000016  	0.6320538802248442  	0.3914057394832606  	0.13423598252536245 
29555     	0.7222222222222222  	36283.89588199998   	57409.75448000002   	0.6320162176384206  	0.3916360296058012  	0.1343750748753635  
29583     	0.7237569060773481  	36902.153390999985  	58532.850090000014  	0.6304520168462546  	0.3920800987677698  	0.134627221896627   
29611     	0.7252747252747253  	37129.09036699998   	58853.79205500001   	0.6308699757579278  	0.3924168094599055  	0.13482677079086275 
29638     	0.726775956284153   	37260.28228899998   	59107.662161000015  	0.6303799021438     	0.3927999690839072  	0.13505202979367145 
29666     	0.7282608695652174  	37401.578013999984  	59362.20303600001   	0.6300571087518083  	0.3932468911925948  	0.1352986349311161  
29694     	0.7297297297297297  	37696.882049999986  	59844.57888600001   	0.6299130640021725  	0.39355946332521297 	0.13550786081378227 
29722     	0.7311827956989247  	37757.536322999986  	59910.89904600001   	0.6302281709044206  	0.39390372593619505 	0.13571618448803544 
29805     	0.7248677248677249  	38090.502488999984  	60445.90611600001   	0.6301585158786699  	0.38996620325490794 	0.1344484618413423  
29833     	0.7263157894736842  	38431.73012499999   	60987.546831000014  	0.6301570094546762  	0.39034510562189595 	0.1346720476224928  
29888     	0.7239583333333334  	38620.965805999986  	61197.949341000014  	0.6310826787806366  	0.3887329221242298  	0.13420179542105412 
29944     	0.7216494845360825  	38683.904076999985  	61281.56565000001   	0.6312486253686304  	0.38712093735353353 	0.13372904309677583 
29972     	0.7230769230769231  	39204.69148099999   	62210.71810200001   	0.630191913501471   	0.3876427086391841  	0.13404248865662372 
30000     	0.7244897959183674  	39547.30094699999   	62703.66454200001   	0.6307015903434242  	0.3882930670669547  	0.13439389196867504 
30129     	0.7185929648241206  	39615.718429999986  	62778.70156300001   	0.6310375564273915  	0.3845250479679231  	0.1331649928564331  
30161     	0.72                	39880.41829099999   	63185.33808100001   	0.6311657023956343  	0.38479524288827255 	0.13332066819091687 
30225     	0.7178217821782178  	40314.71844099999   	63948.824017000006  	0.6304215763261388  	0.3832091334701565  	0.1328392312951571  
30258     	0.7192118226600985  	40653.09368699999   	64449.654885        	0.6307728685210009  	0.3836167760092185  	0.13305178248938765 
30322     	0.7170731707317073  	40946.106695999995  	64900.475616        	0.6309061113552995  	0.38189746081884257 	0.13250712830597983 
30419     	0.7115384615384616  	41129.646047999995  	65192.842934        	0.6308920457670311  	0.37837170663597697 	0.13132048722077094 
30451     	0.7129186602870813  	41181.10574099999   	65271.050724        	0.6309245107013085  	0.3785507680988022  	0.13141857893518905 
30516     	0.7109004739336493  	41300.16714899999   	65492.934254        	0.6306049289046409  	0.37698781734371767 	0.13091078696657135 
30548     	0.7122641509433962  	41446.74896499999   	65722.273972        	0.6306347370551689  	0.37728045105277114 	0.13104476804066223 
30580     	0.7136150234741784  	41751.659541999994  	66186.937641        	0.6308141912904671  	0.3776809089195151  	0.13120868283936282 
30612     	0.7149532710280374  	42112.52337699999   	66716.44473799999   	0.6312165395260303  	0.37821261019373165 	0.13140918406375812 
30741     	0.7064220183486238  	42447.61435599999   	67228.94791399999   	0.631388942904468   	0.3735255262285213  	0.12980088879901583 
30838     	0.7013574660633484  	42795.31775199999   	67702.23866399999   	0.6321108222785546  	0.37055179762638746 	0.12876494099200533 
31000     	0.6902654867256637  	43073.45859899999   	68154.75167099999   	0.6319949459566125  	0.3641203992667766  	0.12645402392203128 
31071     	0.6885964912280702  	43164.710950999994  	68267.68805299999   	0.6322861104874218  	0.36258194818449235 	0.1258282687238618  
31095     	0.6899563318777293  	43320.69722799999   	68613.078224        	0.6313766755453183  	0.3625627901716386  	0.12575119803394846 
31119     	0.691304347826087   	43469.56103699999   	68827.319025        	0.6315742303025145  	0.36255699744993125 	0.12567041679539617 
31142     	0.6926406926406926  	43585.145228999994  	69020.07664300001   	0.6314850308619642  	0.3624834428400264  	0.1255621673566966  
31166     	0.6939655172413793  	43816.633449999994  	69372.3723          	0.6316150363218873  	0.362511506175726   	0.12547899170486318 
31214     	0.6923076923076923  	44161.07374299999   	69901.123365        	0.6317648646704261  	0.36102204345955813 	0.12487072427639974 
31261     	0.690677966101695   	44358.001550999994  	70145.07931         	0.6323751001116373  	0.3595650394487351  	0.12426868607546716 
31285     	0.6919831223628692  	44945.51955         	71198.066812        	0.6312744371090804  	0.35981342611812267 	0.12427730303572111 
31309     	0.6932773109243697  	45035.124132        	71366.39711800001   	0.631041021414282   	0.3599846686947304  	0.12426263225738533 
31333     	0.694560669456067   	45360.988175        	71838.37585800001   	0.6314311485084687  	0.3602375709692118  	0.12427269791939662 
31357     	0.6958333333333333  	45479.293585        	72002.962903        	0.6316308628336335  	0.3605238443208253  	0.12429028263539582 
31380     	0.6970954356846473  	45859.953977        	72653.78241700001   	0.631212201916543   	0.3608997668560278  	0.12435486847630017 
31428     	0.6954732510288066  	46160.221381999996  	73079.87533600001   	0.6316406694697921  	0.3598752630479349  	0.12393733640083779 
31452     	0.6967213114754098  	46644.935801        	73958.92385         	0.6306870540139693  	0.360393894461463   	0.12408254738463874 
31476     	0.6979591836734694  	47069.944501        	74601.687695        	0.6309501293514939  	0.3609087384538399  	0.12421197617980768 
31500     	0.6991869918699187  	47339.235247        	74889.072863        	0.6321247337859435  	0.36150794327797225 	0.1243504017281033  
31547     	0.6975806451612904  	47591.264223        	75323.668637        	0.6318235036101592  	0.36060866931132407 	0.12400964351464266 
31571     	0.6987951807228916  	47705.643335        	75486.325163        	0.6319772916748524  	0.3610383765639513  	0.12413678654622452 
31595     	0.7                 	47919.204999        	75828.05164800001   	0.631945618508634   	0.3615278650837568  	0.12428276426136038 
31619     	0.701195219123506   	48513.619611        	76829.488236        	0.6314453047243905  	0.36202955716374075 	0.12442244815771271 
31642     	0.7023809523809523  	49110.590017        	77744.838852        	0.6316893924044275  	0.3626584300057297  	0.12462147923775066 
31666     	0.7035573122529645  	49275.281899        	77960.535575        	0.6320541737632874  	0.36324301751399246 	0.12479862325241424 
31690     	0.7047244094488189  	49455.620946        	78173.760864        	0.6326370945877691  	0.36388652184285686 	0.12498144351712061 
31714     	0.7058823529411765  	49777.134833000004  	78681.270502        	0.6326427435069788  	0.3646099519579783  	0.1251939483474949  
31738     	0.70703125          	49893.067303        	78843.344515        	0.6328126693497612  	0.3650679034641684  	0.12532549038725208 
31761     	0.708171206225681   	50281.25341500001   	79383.883671        	0.6333937203599982  	0.3655058996254017  	0.12545205191116193 
31785     	0.7093023255813954  	50350.655578000005  	79453.28583400001   	0.6337139496432723  	0.36597236372704767 	0.12557846284251176 
31809     	0.7104247104247104  	50496.53153200001   	79649.04876100001   	0.6339878795479793  	0.36648194443392884 	0.1257136088849529  
31833     	0.7115384615384616  	50581.79795200001   	79736.61840300001   	0.6343609619403789  	0.3670311637655974  	0.12584811319064002 
31880     	0.7099236641221374  	50792.24220500001   	80068.20492200002   	0.634362194762331   	0.3661502251087488  	0.12547428346534292 
31904     	0.7110266159695817  	51152.11477700001   	80755.45711200002   	0.6334199149669473  	0.36675228422912726 	0.12563001183804273 
31928     	0.7121212121212122  	51747.98815500001   	81785.11076100002   	0.6327311618642022  	0.36737252886520694 	0.12582048382169914 
31952     	0.7132075471698113  	51936.796352000005  	82069.85134900002   	0.632836486216358   	0.3680589385898809  	0.12602333918468778 
31976     	0.7142857142857143  	52129.187955        	82338.39917800002   	0.6331090776043213  	0.3687652084280138  	0.126227677261273   
32000     	0.7153558052434457  	52566.457084        	82990.42157300003   	0.6334039047838972  	0.36958341606222367 	0.1264705756738805  
32050     	0.7164179104477612  	52685.139193        	83179.00347000003   	0.6333946909090084  	0.3703525804876581  	0.12669240327999476 
32125     	0.7121771217712177  	52904.448521000006  	83482.50783100002   	0.6337189657514661  	0.36830589338836395 	0.12596516769402727 
32150     	0.7132352941176471  	53076.177931000006  	83772.52399200003   	0.6335750124476205  	0.36900485830943996 	0.12618730515919013 
32175     	0.7142857142857143  	53132.803684000006  	83845.33749900003   	0.6337001587552044  	0.36972119372177153 	0.1264106266436552  
32200     	0.7153284671532847  	53284.003768        	84095.17997500004   	0.6336154317505518  	0.37044396325521733 	0.1266356599618324  
32225     	0.7163636363636363  	53613.416976        	84792.05632500004   	0.6322929210550665  	0.37122398490399666 	0.12691102127804613 
32250     	0.717391304347826   	53678.409787        	84866.76205400004   	0.6325021538213613  	0.3717218018246283  	0.12706464950478544 
32275     	0.7184115523465704  	53825.44351         	85090.22934400004   	0.6325690261380802  	0.3722617960677839  	0.1272282849002211  
32300     	0.7194244604316546  	54116.549800999994  	85556.29939900004   	0.6325256022192154  	0.37275644027154137 	0.12736242677400564 
32350     	0.7178571428571429  	54200.98439599999   	85679.83713400004   	0.632599059580747   	0.3717875987985452  	0.12700850447404397 
32375     	0.7188612099644128  	54563.80409699999   	86225.04917800004   	0.6328068770869627  	0.372163389724284   	0.12712534348689547 
32425     	0.7173144876325088  	54623.85480899999   	86285.09989000004   	0.6330624276802927  	0.37109351118437445 	0.12674641348785382 
32450     	0.7183098591549296  	54915.114770999986  	86669.39721500005   	0.6336159767532769  	0.37130616734594263 	0.1268034324859206  
32475     	0.7192982456140351  	55421.65027999999   	87477.62893100004   	0.6335522688173804  	0.37163817897136636 	0.12690787241983825 
32575     	0.71280276816609    	55544.988481999986  	87603.65846600004   	0.6340487310077081  	0.36804897362454675 	0.12567827203310647 
32650     	0.708904109589041   	55679.41659599999   	87770.23580000004   	0.6343769740219835  	0.3657361413056937  	0.12487737512272154 
32675     	0.7098976109215017  	56154.159385999985  	88631.47829400004   	0.6335690261165526  	0.3660514683132769  	0.12499348486980529 
32700     	0.7108843537414966  	56238.71500399998   	88730.89819900005   	0.6338120783796345  	0.36640428186310686 	0.12511122624626606 
32750     	0.7094594594594594  	56459.201981999984  	89045.36724500004   	0.6340498526628313  	0.36530754552985717 	0.1247103454187787  
32800     	0.7080536912751678  	56628.170967999984  	89276.36383300004   	0.6343019421571469  	0.36428457119660745 	0.12432368362945209 
32825     	0.7090301003344481  	57081.36566199998   	89949.36111700004   	0.6345944535142657  	0.36459761191956164 	0.124392687060887   
32850     	0.71                	57239.58339499998   	90156.84546400004   	0.6348889327306373  	0.36495365415340475 	0.1244694056318235  
32900     	0.7086092715231788  	57475.11096899998   	90541.76007400005   	0.6347911827870962  	0.3641334416369955  	0.12415320058035995 
32925     	0.7095709570957096  	57731.28304599998   	90939.30061500004   	0.6348331541542278  	0.3645943434580566  	0.12426795898108761 
33000     	0.7058823529411765  	57852.81298799998   	91153.13065100004   	0.6346771918290146  	0.36248968258744496 	0.12349913508370453 
33044     	0.7068403908794788  	58124.40651299998   	91572.69963800005   	0.6347350983729217  	0.3627677149850601  	0.12355705161217148 
33066     	0.7077922077922078  	58272.34871799998   	91819.41808600005   	0.6346407974772922  	0.36309152268015454 	0.12362621288031893 
33088     	0.7087378640776699  	58596.01378399998   	92338.78198800005   	0.6345764208977206  	0.3634130166960109  	0.12371167069567655 
33133     	0.707395498392283   	59194.04869899998   	93183.80343200004   	0.6352396716903302  	0.362720922624297   	0.12343801761410698 
33155     	0.7083333333333334  	59390.35708099998   	93509.14107300005   	0.6351288911384133  	0.3630697378867045  	0.12353501221726365 
33266     	0.7003154574132492  	59816.52535999998   	94098.07536600005   	0.635682771696871   	0.3587384003501359  	0.12204206162938994 
33288     	0.7012578616352201  	60139.40754599998   	94621.23357900005   	0.6355804640381177  	0.3589640518219136  	0.12208293213703962 
33311     	0.7021943573667712  	60782.91017499998   	95649.54868600005   	0.6354751382522372  	0.3593264008495527  	0.12217662822971509 
33333     	0.703125            	61104.00601199998   	96218.40967200005   	0.6350552479540877  	0.3597389162172496  	0.12230445415848712 
33355     	0.7040498442367601  	61419.39437499998   	96730.74786000005   	0.6349521298428629  	0.3602088253439997  	0.12245661419271801 
33377     	0.7049689440993789  	61701.25563099998   	97095.34050400005   	0.6354708198222763  	0.36075627371062186 	0.12262017930578212 
33400     	0.7058823529411765  	61939.22838299998   	97480.85949200005   	0.6353988742588297  	0.3612050541720109  	0.1227560002097615  
33422     	0.7067901234567902  	62219.13588299998   	97869.79218700004   	0.6357338101231249  	0.3617343935554377  	0.12290654956043356 
33444     	0.7076923076923077  	62331.90711999998   	98038.79637300005   	0.635788171887086   	0.36228257386345186 	0.1230647962612999  
33466     	0.7085889570552147  	62610.01742999998   	98410.56744100005   	0.6362123403824135  	0.3628957515214647  	0.12323604863896426 
33488     	0.709480122324159   	62667.011379999974  	98512.45329500004   	0.6361328876090493  	0.3635175892003253  	0.12341232282746081 
33511     	0.7103658536585366  	62887.422232999976  	98870.04913400004   	0.6360614036690496  	0.3641832656794028  	0.12360481234979864 
33533     	0.7112462006079028  	63119.94895999997   	99179.61187400004   	0.6364206087052341  	0.3649119480341812  	0.12380535973608331 
33555     	0.7121212121212122  	63222.63531199997   	99282.29822600004   	0.6367966540025484  	0.36566595763269255 	0.12400699088939789 
33577     	0.7129909365558912  	63250.39137799997   	99313.64326600004   	0.6368751492540774  	0.3662709914823473  	0.1241653452011963  
33622     	0.7117117117117117  	63824.04811299997   	100319.30971700004  	0.6362090039599264  	0.36575386852259917 	0.12397167468267363 
33644     	0.7125748502994012  	64144.93851999997   	100899.28509300004  	0.6357323390436     	0.3663420349419617  	0.12417538879509406 
33666     	0.7134328358208956  	64240.633791999964  	101037.85032800004  	0.6358076065895607  	0.3669510666330653  	0.12438320513262878 
33688     	0.7142857142857143  	64388.47606999996   	101241.18247300004  	0.6359909524680996  	0.36760134748243234 	0.12459732730425913 
33755     	0.7109144542772862  	64507.87910799996   	101409.85731700003  	0.6361105400863832  	0.36606050681329894 	0.12407459775659403 
33777     	0.711764705882353   	64644.133829999955  	101628.55050100003  	0.6360824149446455  	0.3667060343431732  	0.12428819520673928 
33844     	0.7084548104956269  	64729.953572999955  	101780.60189000003  	0.6359753466869573  	0.3650464009759295  	0.12371635308930316 
33866     	0.7093023255813954  	64898.54428399995   	102048.52264800003  	0.6359577052169295  	0.36546784110350344 	0.12384772738325985 
33911     	0.708092485549133   	65234.15143499995   	102631.02496600003  	0.6356182397731188  	0.36487103873363125 	0.12364917461547902 
33933     	0.7089337175792507  	65749.99165199995   	103481.63521900003  	0.6353783597722636  	0.3654394595137551  	0.12385273378479855 
33977     	0.7077363896848138  	65924.88319699996   	103741.61957400003  	0.6354718912979281  	0.3647973676691689  	0.12365492960271077 
34041     	0.7065527065527065  	66453.25194999996   	104597.76901600002  	0.6353218866440143  	0.3641280054076517  	0.12346203406604311 
34145     	0.699438202247191   	66811.46905399996   	105153.46436200001  	0.635371068935928   	0.3603492954491066  	0.1221730096842146  
34166     	0.7002801120448179  	67001.79221799996   	105391.34733000002  	0.6357428186984346  	0.3606508533543064  	0.12226220698637223 
34229     	0.6972222222222222  	67061.33980599996   	105493.57961500002  	0.635691196096872   	0.35874591384183296 	0.12159756314448578 
34270     	0.6961325966850829  	67424.21244599996   	106061.48692700002  	0.6357087233031787  	0.35794286794335056 	0.12130169014777574 
34312     	0.695054945054945   	67705.52417299995   	106576.19421600002  	0.6352781188243584  	0.3570975844855082  	0.12099851016528838 
34333     	0.6958904109589041  	67935.98107999995   	106970.84933600001  	0.6350887321330891  	0.35728798560709973 	0.12104480713608298 
34354     	0.6967213114754098  	67996.16625599995   	107038.49911600002  	0.6352496234304535  	0.3574930625527178  	0.1210918463695519  
34375     	0.6975476839237057  	68453.24691699995   	107727.94220200002  	0.635427035157171   	0.3577801487395726  	0.12116778994996195 
34395     	0.6983695652173914  	68643.78463199995   	107991.69881100002  	0.6356394555116296  	0.3581097988672946  	0.12125203120335513 
34416     	0.6991869918699187  	68863.54026199995   	108419.72433200003  	0.6351569392588367  	0.35847254348652396 	0.12136060577779378 
34437     	0.7                 	69112.03992399995   	108865.68393900002  	0.6348376956206424  	0.3588700695508548  	0.121489833782784   
34500     	0.6970509383378016  	69555.45735499995   	109516.31497900002  	0.6351150270928797  	0.35732473890452715 	0.12096964404459365 
34520     	0.6978609625668449  	69674.78443899995   	109674.53748900002  	0.6352867861055542  	0.35767616229152566 	0.12109813963522349 
34541     	0.6986666666666667  	69769.20368899996   	109820.64273100003  	0.63530136005392    	0.35797941272635847 	0.12120664730165136 
34583     	0.6976127320954907  	69979.22815399995   	110078.73031600003  	0.6357197975768114  	0.35730624746700723 	0.12099137931371799 
34625     	0.6965699208443272  	70181.09755199995   	110403.23279300003  	0.6356797330707302  	0.35662637098492933 	0.12076312135914333 
34645     	0.6973684210526315  	70287.67628299995   	110549.90231500003  	0.6358004377310329  	0.3569191851032694  	0.1208600383346391  
34729     	0.6927083333333334  	70768.78036499996   	111283.80436600003  	0.6359306349039733  	0.3543543479910271  	0.11999214211233479 
34750     	0.6935064935064935  	71209.05366699996   	112025.23599400003  	0.6356518960675418  	0.35464945035762174 	0.12010571300883575 
34770     	0.694300518134715   	71524.97857199996   	112528.11242900003  	0.6356187536437072  	0.35499148702908434 	0.12023947725004554 
34791     	0.6950904392764858  	71788.23200499997   	112915.33138800004  	0.63577045847141    	0.35538392790425466 	0.12038733078040097 
34833     	0.6940874035989717  	71996.17626699997   	113256.99262800004  	0.635688575128214   	0.35480797036879985 	0.12021139064715992 
34854     	0.6948717948717948  	72227.28660599998   	113623.64037700003  	0.6356712948674402  	0.35518592616914635 	0.12036068253972844 
34875     	0.6956521739130435  	72409.69695299998   	113890.86933500004  	0.6357814052679954  	0.35550109467766583 	0.12049910490940806 
34895     	0.6964285714285714  	72528.45531899997   	114117.63666600003  	0.6355586869650706  	0.35583902446299054 	0.12064686878318873 
34937     	0.6954314720812182  	72978.57812499997   	114837.52880700004  	0.6354941532018711  	0.3552870764017115  	0.1204876235994736  
34958     	0.6962025316455697  	73320.67657799997   	115324.29576700003  	0.6357782294733131  	0.35569942198225774 	0.12065152754406695 
34979     	0.696969696969697   	73501.64063299997   	115634.28911100003  	0.6356387988206859  	0.35604541606033446 	0.12079074148150619 
35000     	0.6977329974811083  	73866.85695999998   	116279.83314200003  	0.6352507994210341  	0.35645366892426855 	0.12095747514313393 
35054     	0.6984924623115578  	74455.49603499997   	117295.14769600003  	0.6347704700280542  	0.3568509863119228  	0.1211104628864505  
35081     	0.6992481203007519  	74647.53581699998   	117541.97782600003  	0.6350712928065781  	0.3572847125312734  	0.12127015603882907 
35108     	0.7                 	75098.62037999998   	118434.72441900003  	0.6340929212138412  	0.3578088063098241  	0.12147036993012957 
35135     	0.7007481296758105  	75278.18982999997   	118676.86288900004  	0.6343122660767382  	0.35834545853721506 	0.12167337879143046 
35162     	0.7014925373134329  	75746.17324499997   	119476.05668000004  	0.633986217404844   	0.3589096826233599  	0.12188860507614871 
35216     	0.7004950495049505  	76229.68165199997   	120305.78994900004  	0.6336326928597137  	0.358640179604154   	0.12183961106785508 
35243     	0.7012345679012346  	76630.12155599997   	120910.19308500004  	0.6337771828891952  	0.35933581266846754 	0.12211380713016785 
35270     	0.7019704433497537  	76757.36581099997   	121081.02287500004  	0.6339339063086845  	0.3600531264052516  	0.12239287884507057 
35297     	0.7027027027027027  	77245.94493699996   	121774.17917700004  	0.6343376359344798  	0.36072841444914217 	0.12266536644449719 
35351     	0.7017114914425427  	77604.76426099996   	122346.88535000004  	0.6343011024677461  	0.3605189385934525  	0.12263381063166813 
35405     	0.7007299270072993  	77770.11860199996   	122578.29001600004  	0.6344526309826046  	0.36024955728580454 	0.12258490515529424 
35486     	0.6980676328502415  	77902.94127399995   	122813.54075200004  	0.6343188283392219  	0.358901598157578   	0.12216653400815207 
35567     	0.6954436450839329  	78395.59997999996   	123542.40057100005  	0.634564324617813   	0.35767969945847566 	0.12177856672645786 
35594     	0.6961722488038278  	78810.09098499996   	124114.53585500005  	0.6349787351021627  	0.3582222121909813  	0.1219881730773371  
35621     	0.6968973747016707  	78966.51319499996   	124318.80991300005  	0.6351936062632981  	0.35878828925735085 	0.12219855399331864 
35675     	0.6959619952494062  	79056.68477199996   	124486.42979400005  	0.6350626723155515  	0.35841109461720255 	0.12209307780033259 
35756     	0.6933962264150944  	79156.83450699996   	124649.25865500006  	0.6350365446303017  	0.3571378653796787  	0.12166493892454688 
35783     	0.6941176470588235  	79469.78325499996   	125089.35903800005  	0.6353041047309097  	0.3575860189431341  	0.12181859455823739 
35837     	0.6932084309133489  	79765.13010599995   	125600.92480000005  	0.6350680158845449  	0.3570842698209528  	0.12163622519301223 
35864     	0.6939252336448598  	80334.40844499995   	126585.33752500005  	0.6346264900477455  	0.35750861927728556 	0.12178086357928952 
35891     	0.6946386946386947  	80757.84561799995   	127468.60368200006  	0.6335508767278026  	0.35789277434140443 	0.12191168094813368 
35918     	0.6953488372093023  	81089.87459799995   	127999.96645400005  	0.6335148113272483  	0.3583097431385497  	0.12205753491747977 
35945     	0.6960556844547564  	81341.70598299995   	128333.89238800005  	0.6338287140631126  	0.3586560963778201  	0.12218176636473896 
35972     	0.6967592592592593  	81791.72972899996   	129191.49834100006  	0.6331045833458117  	0.3589935859654784  	0.12232480928787515 
36000     	0.6974595842956121  	81804.07454999996   	129208.15537800005  	0.633118507966321   	0.3593335264049013  	0.12246759657212955 
36058     	0.6981566820276498  	82370.07612899996   	130097.39236500005  	0.6331416382113427  	0.359758979217419   	0.12264304735873646 
36088     	0.6988505747126437  	82683.73010499997   	130580.31092700006  	0.6332021230308119  	0.36009033715124406 	0.12279990186981292 
36147     	0.6979405034324943  	83323.80132399997   	131605.62327000007  	0.6331325307662131  	0.35954525092425826 	0.12266204817074812 
36264     	0.6938775510204082  	83714.65927599998   	132205.46461600007  	0.6332163312549524  	0.3572728889944461  	0.12193061691145449 
36294     	0.6945701357466063  	84213.64806999998   	133112.79367700007  	0.6326487916281398  	0.35751683272403245 	0.12207840090224313 
36382     	0.6921348314606741  	84594.66310799998   	133687.40773400007  	0.6327795904033034  	0.3560872878306261  	0.12163952741321245 
36411     	0.6928251121076233  	84751.69869999998   	133924.98441000006  	0.6328296327482839  	0.35629337359204905 	0.12175832508463659 
36441     	0.6935123042505593  	85007.02879299998   	134333.94205100005  	0.632803798467605   	0.35655194424007464 	0.12188859925559756 
36500     	0.6926503340757239  	85525.51369099997   	135087.50497400004  	0.6331119499724335  	0.35597169281835517 	0.12172489099015547 
36529     	0.6933333333333334  	85617.35290599997   	135223.04886900005  	0.6331565041766174  	0.35620209331518815 	0.12183767782484661 
36647     	0.6894273127753304  	85732.31792099997   	135376.58558900005  	0.6332876364697301  	0.3540387044661605  	0.12112915347674505 
36676     	0.6901098901098901  	85850.03576099996   	135568.88443600005  	0.6332576691042141  	0.3542544066367757  	0.12123380597450324 
36764     	0.6877729257641921  	85970.24006499996   	135736.46280400004  	0.6333614291182671  	0.3529088147363909  	0.12079286885766548 
36794     	0.6884531590413944  	86080.66617099996   	135846.88891000004  	0.6336594592757239  	0.35313068927074115 	0.12088367104451352 
36823     	0.6891304347826087  	86137.18011199996   	135932.36633000005  	0.6336767499720163  	0.35336152928340425 	0.12097736046664394 
36852     	0.6898047722342733  	86240.77363299996   	136057.10716800005  	0.6338571753294147  	0.35360732082065727 	0.12107283110870037 
37135     	0.6787234042553192  	86494.14869699997   	136460.05831800005  	0.6338422375244638  	0.34755433912456896 	0.11900495064868419 
37189     	0.6779661016949152  	86694.69587499996   	136744.47475400005  	0.6339904850339407  	0.3467258369924176  	0.11871612554503774 
37216     	0.678646934460888   	86983.87405999996   	137227.78655900006  	0.6338648770859675  	0.3466666439220815  	0.11869236058148352 
37243     	0.679324894514768   	87534.66404599996   	138148.29721900006  	0.6336282517274558  	0.346642195248012   	0.11866859476217745 
37270     	0.68                	87695.07322699996   	138335.42222900005  	0.6339307157484928  	0.34664401614940166 	0.11864929799576791 
37324     	0.6792452830188679  	87916.76470699995   	138713.92585500004  	0.6337991240973224  	0.3458375154985667  	0.11836430975387634 
37351     	0.6799163179916318  	88399.45371599995   	139462.48910100004  	0.6338582817920325  	0.3458442484463606  	0.11834888521866103 
37378     	0.6805845511482255  	88596.32758999994   	139819.90218300006  	0.6336460418491974  	0.34583198121724196 	0.11833612897846667 
37405     	0.68125             	88954.66569499995   	140455.72955900006  	0.6333288501245049  	0.34587091249920326 	0.11834731112175516 
37459     	0.6804979253112033  	89441.75639399994   	141241.64294200006  	0.6332534409184732  	0.3452539279534166  	0.1181421425388064  
37486     	0.6811594202898551  	89618.87562499994   	141487.73491200007  	0.6334038472008859  	0.34538574116107107 	0.11818874190549498 
37513     	0.6818181818181818  	89842.92616299994   	141826.69574300008  	0.6334697829088652  	0.3455469752699642  	0.11824664931816609 
37567     	0.6810699588477366  	90102.81146899993   	142273.83377200007  	0.6333055705337466  	0.3449870797415389  	0.1180667085789174  
37648     	0.6789366053169734  	90596.22478799993   	143045.31622300006  	0.6333393303613327  	0.3436475311366574  	0.11762922738536176 
37756     	0.6754563894523327  	90893.43213599993   	143511.87615900006  	0.6333512916749624  	0.3415945846055305  	0.11695593806057858 
37783     	0.6761133603238867  	91021.75537199993   	143650.21047200006  	0.6336346815846933  	0.3416686128233829  	0.11700106451788155 
37837     	0.6754032258064516  	91355.51501599993   	144176.45357000007  	0.633636857849644   	0.3411102100109475  	0.11682531396197562 
37864     	0.676056338028169   	91879.28285099994   	145090.74740200007  	0.6332539083035518  	0.34127228904522255 	0.11690546617912856 
37918     	0.6753507014028056  	92001.71205699994   	145292.47997400007  	0.6332173012220835  	0.3406639270911369  	0.11671905976793619 
37972     	0.6746506986027944  	92162.65183899994   	145594.70732000007  	0.6330082565188119  	0.3400055056033831  	0.11651056666308002 
38045     	0.6739562624254473  	92275.07116699994   	145833.06631600007  	0.6327445036851426  	0.3393434331547673  	0.11630791669062421 
38068     	0.6746031746031746  	92384.16790399994   	146079.83422700007  	0.6324224585334619  	0.33936959403108286 	0.1163467615587261  
38159     	0.6712598425196851  	92456.03773899995   	146175.05836700008  	0.6325021434701371  	0.33740330581798805 	0.1157002826510162  
38181     	0.6719056974459725  	92490.13401899995   	146211.75808500007  	0.6325765809151334  	0.3374551388575285  	0.11574223904263199 
38204     	0.6725490196078432  	92599.56350799995   	146361.52871500008  	0.6326769358108634  	0.3374331246602137  	0.1157429252770025  
38250     	0.671875            	92896.19155899996   	146795.8391450001   	0.6328257810307563  	0.33679696863079905 	0.1155296417021689  
38272     	0.672514619883041   	93018.43469399995   	146929.4809010001   	0.6330821706004327  	0.3368580771442404  	0.11554399149499564 
38318     	0.6718446601941748  	93447.03405799995   	147613.15565700008  	0.6330535624828539  	0.3363214842629739  	0.11535453840474676 
38340     	0.6724806201550387  	93797.13749899995   	148193.6369070001   	0.6329363355719717  	0.3364886691051408  	0.11540623332577535 
38363     	0.6731141199226306  	94258.00445699994   	148906.3727730001   	0.6330018165219248  	0.3367027987473437  	0.11547146401214248 
38386     	0.6737451737451737  	94567.84552199995   	149477.1819510001   	0.6326574015357079  	0.3369451643031506  	0.11555626309371868 
38409     	0.674373795761079   	94671.19367199995   	149676.4339690001   	0.6325056734823571  	0.3371990742508303  	0.11564749633622205 
38454     	0.6737044145873321  	94709.64857499996   	149741.32921700008  	0.6324883655717383  	0.336810655746526   	0.11551827514871432 
38500     	0.6730401529636711  	94995.08424499996   	150198.1504140001   	0.6324650735256018  	0.3363719498873726  	0.11536506790980054 
38522     	0.6736641221374046  	95016.16274899997   	150236.8024020001   	0.6324426587219153  	0.3365505392251377  	0.11543284678949574 
38545     	0.6742857142857143  	95198.06560099997   	150558.7666420001   	0.6322983890228241  	0.3367557705771921  	0.1155115684712755  
38568     	0.6749049429657795  	95498.00860999996   	151015.46055800008  	0.6323723958933484  	0.3370012893859075  	0.11560353010175006 
38590     	0.6755218216318786  	95849.32051999996   	151562.22526200008  	0.6324090343376045  	0.33718483771799623 	0.1156730939657388  
38613     	0.6761363636363636  	96439.29308199996   	152561.21874900008  	0.6321350463296036  	0.3374335562671063  	0.11577706280413314 
38636     	0.6767485822306238  	96910.12145599996   	153353.3802860001   	0.6319399107816541  	0.3377476049743559  	0.1159087733583321  
38659     	0.6773584905660377  	97278.03129099996   	153969.9471060001   	0.6317988225587245  	0.3380355986432118  	0.11603703744635313 
38704     	0.6766917293233082  	97425.31783199996   	154217.2946600001   	0.631740545357067   	0.33770974090008526 	0.1159541938650106  
38795     	0.6735074626865671  	97758.09955399996   	154805.5465120001   	0.631489644632481   	0.3361525359082917  	0.11545226944833437 
38818     	0.6741154562383612  	97900.59228499996   	155017.6595370001   	0.6315447709467756  	0.3365078606781088  	0.11560595789003747 
38840     	0.6747211895910781  	98260.92399599997   	155565.20745000007  	0.6316381767277996  	0.3369151015973215  	0.1157746331670766  
38886     	0.674074074074074   	98525.82573699996   	156006.64899500008  	0.6315488882794839  	0.33673138562846794 	0.11573815876907277 
39125     	0.6648451730418944  	98687.07527499997   	156272.3525340001   	0.6315069407656654  	0.3320395969721382  	0.11413860829403952 
39150     	0.6654545454545454  	98739.73648399996   	156344.4788000001   	0.6315524362731759  	0.33223327651852463 	0.11421738721315211 
39225     	0.6636528028933092  	98939.66007799997   	156613.2619690001   	0.631745095109404   	0.33126478079378013 	0.11388825698059625 
39250     	0.6642599277978339  	99076.20146499998   	156859.84241200011  	0.631622472275418   	0.3315214080752449  	0.11397905261889192 
39275     	0.6648648648648648  	99258.88791299997   	157258.52236100013  	0.6311828854982044  	0.3317404270098715  	0.1140665023902685  
39300     	0.6654676258992805  	99618.17610599997   	157800.74586700014  	0.6312909077753129  	0.3320088364351711  	0.11416795639174566 
39325     	0.6660682226211849  	99728.30063199997   	157910.87039300014  	0.6315480396238808  	0.3322962821084702  	0.1142701757304321  
39375     	0.6654740608228981  	100106.00744599997  	158552.76302400013  	0.6313734654428377  	0.3320152114464111  	0.11418353708795116 
39400     	0.6660714285714285  	100388.10930199997  	158990.69694500012  	0.631408700200411   	0.3323730904081445  	0.1143141486557512  
39425     	0.6666666666666666  	100550.46588299997  	159273.67176100012  	0.631306259039988   	0.3327277152334929  	0.11444487308644184 
39450     	0.6672597864768683  	100696.04917099996  	159470.1586300001   	0.6314413306920524  	0.33304679305270185 	0.1145558700209085  
39500     	0.6666666666666666  	101175.71300099997  	160279.68179000012  	0.6312447833129673  	0.3328253855103282  	0.11448975255259845 
39550     	0.666077738515901   	101543.23481699996  	160986.3327110001   	0.630756866791224   	0.33264666076092364 	0.11444748012004621 
39600     	0.6654929577464789  	101667.98076999997  	161159.9109720001   	0.6308515570454971  	0.3324518063101923  	0.11440414378486667 
39650     	0.6649122807017543  	101737.39189499996  	161246.7971060001   	0.6309420944846429  	0.33221931568037516 	0.11434793345740744 
39675     	0.6654991243432574  	102456.36935799997  	162352.5976720001   	0.6310731754658581  	0.3326557435526467  	0.11452228020595487 
39700     	0.666083916083916   	102845.71384499996  	162869.32938600008  	0.631461517234198   	0.3331370055033421  	0.11470887270691091 
39725     	0.6666666666666666  	102906.41369999996  	162944.20083900008  	0.6315438853922667  	0.333629596721835   	0.11489593345591644 
39775     	0.6660869565217391  	103269.23518799996  	163469.4552320001   	0.6317341367623547  	0.33351201506898986 	0.11487964728495967 
39800     	0.6666666666666666  	103511.19601299996  	163760.83560800008  	0.6320876150191261  	0.33400797395478743 	0.11506846043207045 
39825     	0.6672443674176777  	103961.49629399997  	164526.57583500008  	0.6318826959497447  	0.33455668810029626 	0.11527992357682408 
39850     	0.6678200692041523  	104490.28699499997  	165530.02568800008  	0.631246727357784   	0.3351113222942833  	0.11550970450444097 
39875     	0.6683937823834197  	105006.87553799998  	166342.29489300007  	0.6312698499533496  	0.33572282789215374 	0.11576299554110951 
39900     	0.6689655172413793  	105212.15793399997  	166591.47541400007  	0.6315578733697805  	0.33634376952261325 	0.11601345799229973 
39950     	0.6683848797250859  	105561.32359199997  	167086.32322000008  	0.6317771649868011  	0.3363719470756015  	0.11605631902553083 
39975     	0.6689536878216124  	105705.57228399997  	167379.79529600008  	0.6315312555919109  	0.33695099510432946 	0.1162942493882073  
40000     	0.6695205479452054  	105726.26287599996  	167418.5736080001   	0.6315085632228075  	0.3374715522183309  	0.11650114174861724 
40038     	0.67008547008547    	106069.08922699996  	167958.2032700001   	0.6315207424342907  	0.3379488979101134  	0.11669696777438143 
40076     	0.6695059625212947  	106205.92594899997  	168152.13298700008  	0.6316061774679409  	0.33779033753782056 	0.1166693808042222  
40096     	0.6700680272108843  	106375.78991799997  	168424.45625800008  	0.6315934887451784  	0.33823842433831924 	0.1168478781789845  
40134     	0.6694915254237288  	106447.67499499996  	168502.8738150001   	0.6317261693226031  	0.3381084687970994  	0.11682251693923142 
40153     	0.6700507614213198  	106910.99604899996  	169274.93110500008  	0.6315819793935334  	0.33859335492839127 	0.1170195379133211  
40173     	0.6706081081081081  	107197.08684999996  	169776.6458000001   	0.6314006637654983  	0.33911040392920205 	0.11722997121956702 
40192     	0.6711635750421585  	107313.82333999996  	169974.36724800008  	0.6313529803198171  	0.33964048659401874 	0.11744531798427876 
40230     	0.6705882352941176  	107565.04311399996  	170439.5091550001   	0.6311039244790291  	0.3396211087038687  	0.11747607876466146 
40288     	0.6688963210702341  	108042.02299399996  	171214.4657290001   	0.6310332630714154  	0.3389964024634749  	0.11729649968982889 
40326     	0.6683333333333333  	108568.00510699996  	172013.2231520001   	0.631160809137699   	0.33898954879859305 	0.11732703561956086 
40346     	0.6688851913477537  	108956.65128699996  	172678.1549450001   	0.6309810949839246  	0.33958746894560443 	0.11757152927970957 
40365     	0.6694352159468439  	109219.32101399996  	173146.4118950001   	0.63079170869699    	0.3401520958917697  	0.11780478579090747 
40384     	0.6699834162520729  	109447.34379699995  	173524.22013500013  	0.6307323767935739  	0.3407475516420164  	0.11804758198674534 
40423     	0.6694214876033058  	110019.81025199995  	174460.60700400014  	0.6306283816235797  	0.34081189614973545 	0.11811349523397917 
40442     	0.66996699669967    	110139.61698199995  	174670.05344100014  	0.6305580997557935  	0.3414539581260743  	0.11837976369223917 
40461     	0.6705107084019769  	110495.23722499995  	175176.10375500013  	0.6307666106076756  	0.3421326011625666  	0.11865861472387933 
40500     	0.6699507389162561  	110591.51566499994  	175329.54335700013  	0.630763723828432   	0.3421924671897893  	0.11871841223130974 
40519     	0.6704918032786885  	110938.53968999995  	175923.10264700014  	0.6306081351498475  	0.34279792354762506 	0.11897553596542572 
40538     	0.6710310965630114  	111068.88527999994  	176133.43791700015  	0.6305951135317034  	0.3433806437095534  	0.119212837574664   
40557     	0.6715686274509803  	111278.58479799994  	176414.95373300015  	0.6307775074805588  	0.3439534879680322  	0.1194383929833866  
40576     	0.6721044045676998  	111678.41334499994  	177057.93438600015  	0.6307450368280715  	0.34457276415479465 	0.11968036418759846 
40634     	0.6704545454545454  	112028.29772899994  	177653.83336400017  	0.6305988202318261  	0.34408999896914866 	0.1195493962400673  
40750     	0.6655948553054662  	112096.21955199994  	177767.40780900017  	0.6305780172732238  	0.34190078980840427 	0.11883368103671496 
40788     	0.6650641025641025  	112282.90110899994  	178024.99651600016  	0.6307142441028409  	0.3419044585648171  	0.11887745915208725 
40826     	0.6645367412140575  	112337.88424699994  	178115.97627600015  	0.6307007748307004  	0.34183462782041624 	0.11889499625926093 
40884     	0.6629570747217806  	112517.02056399993  	178376.87420500015  	0.6307825555609267  	0.34124550319540103 	0.11872963208930011 
40923     	0.6624405705229794  	112828.62656699993  	178834.14571700015  	0.6309121007883358  	0.3411175107888211  	0.11871407668534377 
40961     	0.6619273301737757  	113186.88518999993  	179407.87707300016  	0.6308913913737731  	0.34103271286656484 	0.11871560881916292 
40980     	0.6624605678233438  	113392.84757099993  	179677.20054500015  	0.6310920207297013  	0.34151401621865835 	0.11890925697641588 
41000     	0.662992125984252   	113520.33445599994  	179845.97576000015  	0.6312086438202539  	0.34200959039939616 	0.11910479472158654 
41103     	0.6624803767660911  	113760.93493399993  	180268.63178800014  	0.6310633958091239  	0.3419337765215234  	0.11910145850295865 
41137     	0.6630094043887147  	114067.15918999993  	180785.50648700015  	0.630953008382905   	0.34243660986311975 	0.11929857313419619 
41344     	0.6583850931677019  	114410.80885299994  	181285.68793300015  	0.6311077843899296  	0.3400149169813993  	0.11847899369106973 
41379     	0.6589147286821705  	114526.79865199994  	181497.61880400014  	0.6310099240237295  	0.34023424776668776 	0.11858228624155645 
41413     	0.6594427244582043  	114755.19248399994  	181797.73483800015  	0.6312245451587074  	0.3404779532409836  	0.11868775293588016 
41448     	0.6599690880989181  	114827.82857799994  	181960.64958400014  	0.631058576898468   	0.3407123848571919  	0.11878407606195933 
41482     	0.6604938271604939  	115174.69740699994  	182472.43330400015  	0.6311895737978033  	0.340950133921993   	0.11888593429561371 
41517     	0.6610169491525424  	115556.94714699994  	183167.21451000017  	0.6308822649082269  	0.34116204241512804 	0.11897701929566287 
41551     	0.6615384615384615  	115641.52687499994  	183309.11508200018  	0.6308553004757548  	0.3413825622474183  	0.11907064623681088 
41586     	0.6620583717357911  	115723.44260899993  	183404.69232800018  	0.6309731836197551  	0.34161497183343603 	0.11916486622772961 
41620     	0.6625766871165644  	115932.26990099993  	183709.31148700017  	0.6310636568315899  	0.34185630533195127 	0.11926437737312595 
41655     	0.663093415007657   	116372.25824699993  	184439.49501100017  	0.6309508613654541  	0.342079200358904   	0.11935498933856308 
41689     	0.6636085626911316  	116666.66597699994  	184886.17629000018  	0.6310188696531014  	0.34227975215443335 	0.11943931102076845 
41724     	0.6641221374045801  	116806.01906899994  	185094.71974700017  	0.6310607846007612  	0.3424533428115792  	0.11951481587249857 
41758     	0.6646341463414634  	117367.30462299995  	186133.84797500016  	0.6305532599248884  	0.3426796001475715  	0.11962002794733351 
41793     	0.665144596651446   	117459.40811499994  	186247.35826500016  	0.6306634854271276  	0.3429206315926123  	0.11972660403703546 
41827     	0.6656534954407295  	117504.16772199994  	186309.76022100015  	0.6306924961022804  	0.3431666340138408  	0.11983399283092255 
41862     	0.6661608497723824  	117678.82417799994  	186553.72718400016  	0.6308039295399974  	0.3434392967778513  	0.11994614341680286 
41896     	0.6666666666666666  	117909.10046299994  	186890.03963200017  	0.6309009334856548  	0.3437433560066354  	0.12006467432812747 
42000     	0.665158371040724   	118072.03085199994  	187202.69107200016  	0.6307175937261936  	0.34293297032619746 	0.11980329800496224 
42058     	0.6656626506024096  	118310.54173599994  	187530.96414500015  	0.6308853701862348  	0.34314872452640605 	0.11989410619458936 
42088     	0.6661654135338346  	118643.45971299995  	188043.41650700016  	0.6309365247497686  	0.3434059770384856  	0.11999635581224531 
42117     	0.6666666666666666  	118941.83095499994  	188537.32441000018  	0.6308662294174955  	0.3436474036245688  	0.12010380260269422 
42147     	0.6671664167916042  	119045.57054399994  	188706.5557330002   	0.6308502112265608  	0.3438786957775651  	0.12021070485029188 
42205     	0.6666666666666666  	119353.18281599994  	189106.2823410002   	0.6311434043252985  	0.34351119088345233 	0.12010292300690045 
42235     	0.6671641791044776  	119695.12126699994  	189652.0807350002   	0.6311300187328251  	0.3436437659663611  	0.12016645923648255 
42264     	0.6676602086438153  	120004.69346599994  	190121.5225990002   	0.6311999389943399  	0.3437670861580181  	0.12021420023996054 
42294     	0.6681547619047619  	120414.36608299994  	190694.2097870002   	0.6314526603482048  	0.34390001397604925 	0.12026783871367709 
42323     	0.6686478454680534  	120499.33486799995  	190888.0412590002   	0.6312565945632203  	0.3439689555096194  	0.12030071837537207 
42352     	0.6691394658753709  	120979.42855799994  	191682.45170400018  	0.6311450395303727  	0.34404139621906443 	0.12033155779823118 
42382     	0.6696296296296296  	121479.32518299994  	192445.12349900018  	0.6312413792268998  	0.34416054822309766 	0.12037348646610223 
42411     	0.6701183431952663  	121671.49530399994  	192745.77761500017  	0.6312537520123139  	0.34425465391672216 	0.1203931181705457  
42441     	0.670605612998523   	121828.59099599994  	193039.48831300018  	0.631107096587737   	0.34436390712621645 	0.12042013134120774 
42470     	0.6710914454277286  	121929.86447199994  	193209.63238900018  	0.6310754953796065  	0.3444837499982042  	0.12045098765762967 
42500     	0.6715758468335787  	122015.36759699995  	193392.7183740002   	0.6309201743626959  	0.34460889232429537 	0.12048660342147019 
42529     	0.6720588235294118  	122352.47343199994  	193904.03153400018  	0.6309949951223474  	0.34472329043692684 	0.1205124833144701  
42558     	0.6725403817914831  	122861.03584499995  	194748.38870600017  	0.6308706154713085  	0.344835905459376   	0.12055270575645598 
42588     	0.6730205278592375  	123401.86080099994  	195615.7430910002   	0.6308380851718748  	0.34499926709469575 	0.12061582486831565 
42647     	0.672514619883041   	123703.97143499994  	195984.68520300018  	0.6311920306776412  	0.34460324982707985 	0.1204765930221949  
42676     	0.672992700729927   	123807.29669099994  	196169.80895700018  	0.6311230935548198  	0.3445845538024019  	0.1204762138580869  
42705     	0.673469387755102   	124238.50789599994  	196894.55747900018  	0.6309900562347978  	0.34460877018674174 	0.12049499406607621 
42735     	0.6739446870451238  	124392.65427499994  	197186.9034820002   	0.6308362882038708  	0.34463387942185436 	0.12051326328798095 
42764     	0.6744186046511628  	124522.35922599994  	197378.3213810002   	0.6308816406723509  	0.34467941238642513 	0.12053489128915774 
42794     	0.6748911465892597  	124684.67475599995  	197653.8423890002   	0.6308234297343408  	0.34472921206174933 	0.12055779700082533 
42823     	0.6753623188405797  	125028.87908999994  	198186.4350250002   	0.6308649685041673  	0.3447758937663633  	0.12057372667830933 
42852     	0.6758321273516642  	125174.23641099995  	198450.3970460002   	0.6307583067318577  	0.3447988634914676  	0.12058322720186165 
42882     	0.6763005780346821  	125266.81855399995  	198568.0600680002   	0.6308507949924171  	0.34483614950787167 	0.12059438684298177 
42911     	0.6767676767676768  	125622.53241799996  	199181.1226710002   	0.6306949711569729  	0.344863639945062   	0.12060151549888437 
42970     	0.6762589928057554  	125716.12289199996  	199276.7473170002   	0.6308619775493253  	0.34438039559424694 	0.12042442392595513 
43172     	0.6728571428571428  	125760.52728499996  	199395.8857260002   	0.630707734149609   	0.342304009206972   	0.11968421793012955 
43206     	0.6733238231098431  	126035.08517199996  	199802.7189980002   	0.6307976478201052  	0.3422394261987855  	0.11964133128778474 
43241     	0.6737891737891738  	126662.62981799996  	200839.0584530002   	0.6306673153799971  	0.3422252590401895  	0.11961903824007195 
43275     	0.6742532005689901  	127132.40082899996  	201639.3634980002   	0.6304939602244917  	0.3422639484555548  	0.1196160935850342  
43310     	0.6747159090909091  	127481.80479099996  	202233.8487220002   	0.6303682869935499  	0.3422856240384158  	0.11961445106299147 
43344     	0.675177304964539   	127519.72846099996  	202271.9062040002   	0.6304371716969467  	0.34225168900158515 	0.11958893402526986 
43379     	0.6756373937677054  	127697.01620199996  	202508.7409530002   	0.6305753302354334  	0.34223854134377363 	0.11956795868949363 
43413     	0.6760961810466761  	127924.19642399995  	202809.9774540002   	0.6307588908095744  	0.34223300482491875 	0.11954792640718752 
43448     	0.6765536723163842  	128374.45076299996  	203365.17958700022  	0.6312508907557648  	0.34223822214209443 	0.11952024882720601 
43482     	0.6770098730606487  	128894.74129299996  	204252.94727900022  	0.6310544988951157  	0.3422858314281177  	0.11951470147751339 
43517     	0.6774647887323944  	129288.19592499995  	204834.22895700022  	0.6311845270359611  	0.34232466946287643 	0.119510769319523   
43551     	0.6779184247538678  	129493.30363999995  	205097.66511600022  	0.6313738558006521  	0.3423920127161788  	0.11951029170238951 
43586     	0.6783707865168539  	129729.16678799996  	205422.30292100023  	0.6315242548803974  	0.3424797310517821  	0.11951677868951022 
43620     	0.6788218793828892  	130110.56568599996  	206063.81916300024  	0.6314090761516952  	0.34255128196107304 	0.11953204686730148 
43655     	0.6792717086834734  	130207.00745699996  	206178.03337500023  	0.6315270609850913  	0.3426406211691172  	0.1195483015537862  
43689     	0.6797202797202797  	130348.67080899996  	206396.82123600022  	0.6315439841970989  	0.3427281786426745  	0.11956265551215932 
43758     	0.6792189679218968  	130661.77583099996  	206923.45496500022  	0.6314498076262093  	0.34234516344769117 	0.11942164695128003 
43793     	0.6796657381615598  	130961.36992199997  	207408.40108100022  	0.6314178656189292  	0.3424627099705064  	0.11946128055589761 
43827     	0.6801112656467315  	131107.87451699996  	207596.65047000023  	0.6315510111563498  	0.3425970161984204  	0.11950441011562456 
43965     	0.677731673582296   	131597.44108899997  	208375.35799700022  	0.6315403239326142  	0.34119666144899685 	0.11900277221372399 
44040     	0.6772413793103448  	131746.63084499998  	208591.61480400022  	0.6316008002948421  	0.34073676113837637 	0.11882716472653522 
44081     	0.6767537826685007  	132122.69063799997  	209185.07779200023  	0.6316066711478053  	0.3402783821320296  	0.11864530354495675 
44102     	0.6771978021978022  	132413.02249999996  	209624.36722400022  	0.6316680844575009  	0.34032217907456086 	0.11863505153536043 
44142     	0.6767123287671233  	132741.09535599998  	210161.94141400023  	0.631613385672489   	0.3399294594786966  	0.11847333530636583 
44163     	0.6771545827633378  	133022.858957       	210583.02144400025  	0.6316884335918524  	0.34003532820547727 	0.11848248882847119 
44183     	0.6775956284153005  	133262.197073       	210906.06026100024  	0.6318557034733165  	0.340167587006651   	0.11849721706220284 
44204     	0.6780354706684857  	133506.335546       	211346.59146300025  	0.6316938192465361  	0.34032102244902446 	0.11852309374849453 
44224     	0.6784741144414169  	134075.035133       	212297.37361500025  	0.6315435412599315  	0.34053125935161643 	0.11856909294070418 
44244     	0.6789115646258503  	134196.280474       	212497.36400200025  	0.6315197419236542  	0.34075496965559665 	0.11861833566555936 
44265     	0.6793478260869565  	134531.068683       	213114.07236900026  	0.6312631877732772  	0.340999665090736   	0.11868494527881804 
44285     	0.6797829036635007  	134806.89364999998  	213521.59881700025  	0.6313501509771707  	0.3412182906665028  	0.11875111134414597 
44346     	0.6783783783783783  	135158.68424099998  	214096.78867800024  	0.6312971113465765  	0.3404660400980454  	0.11847820163033584 
44367     	0.6788124156545209  	135292.28355899997  	214266.71494500025  	0.6314199739036832  	0.3406587910798518  	0.11852808859897997 
44428     	0.6774193548387096  	135482.81071299998  	214548.32097500024  	0.631479240188446   	0.3399530153333105  	0.11826515339381148 
44448     	0.6778523489932886  	135871.39243399998  	215182.54453200023  	0.6314238579597904  	0.34019645921239544 	0.11833539403099713 
44469     	0.67828418230563    	135990.21131299998  	215370.70375100023  	0.6314239074513328  	0.3404211164806138  	0.11840260788302315 
44489     	0.678714859437751   	136303.66079099997  	215852.21992800024  	0.6314674958472305  	0.3406693744401202  	0.11847964574673947 
44530     	0.678237650200267   	136637.54276499996  	216324.85522400023  	0.6316312687393892  	0.340492666957258   	0.11840804877151127 
44571     	0.677762982689747   	136862.91947599995  	216648.77051500024  	0.631727192130656   	0.3403139195108839  	0.11833540619699406 
44591     	0.6781914893617021  	136922.08203899994  	216719.61929800024  	0.6317936626250957  	0.3405721024711393  	0.11841018262065289 
44632     	0.6777188328912467  	137335.91391199993  	217444.67016100025  	0.631590159511906   	0.34035207569392834 	0.11832306143523585 
44673     	0.6772486772486772  	137628.50866599992  	217935.51766500025  	0.6315102289914748  	0.34013926707951403 	0.11824064668659347 
44714     	0.6767810026385225  	137890.07175999993  	218358.41369300024  	0.6314850407086474  	0.3399025507492992  	0.11814718178939845 
44734     	0.6772068511198946  	138102.06931499994  	218657.07964300024  	0.6315920323297016  	0.3401405583951605  	0.1182155537491244  
44755     	0.6776315789473685  	138451.08841899995  	219151.05682300022  	0.6317609890917455  	0.34036544294591614 	0.11827921133456726 
44775     	0.6780551905387647  	138846.89376099996  	219785.15744100022  	0.6317391737350254  	0.3406346769927443  	0.11835457827681378 
44795     	0.678477690288714   	138938.81680699997  	219903.45838800023  	0.6318173339586806  	0.340915179275696   	0.11843148984573303 
44836     	0.6780104712041884  	139202.82315299998  	220343.60653600024  	0.6317534025216053  	0.3407146439389736  	0.1183469808469576  
44877     	0.6775456919060052  	139688.72125499998  	221217.61316400024  	0.6314538849645819  	0.340562559764521   	0.11828209899324255 
44897     	0.6779661016949152  	140221.16670799998  	222044.95162800024  	0.6314990081058788  	0.34090395814128577 	0.1183887065341208  
44938     	0.6775032509752926  	140462.09685999996  	222496.88968100023  	0.6312991478729624  	0.34082230626394117 	0.11835225726914349 
44959     	0.6779220779220779  	140609.58663099995  	222769.07065800024  	0.6311898964056224  	0.34114158863688593 	0.11846093268775729 
44979     	0.6783398184176395  	140846.03141199995  	223125.74813000025  	0.6312406012861345  	0.34148144781626333 	0.11857675802953013 
45000     	0.6787564766839378  	141051.41998799995  	223419.34216600025  	0.6313303880520736  	0.3418430980126642  	0.11869698203184594 
45048     	0.6791720569210866  	141232.22510799996  	223617.24515500024  	0.6315802030836435  	0.34219746764025916 	0.1188101674204894  
45097     	0.6787096774193548  	141648.91570299995  	224305.12160500025  	0.6315010316725745  	0.34211144884692724 	0.11877327033725982 
45121     	0.6791237113402062  	141806.39589899994  	224463.87478200026  	0.6317559831697754  	0.34248408231971234 	0.11889151222277994 
45170     	0.6786632390745502  	142440.65094499994  	225441.13971200027  	0.6318307790981142  	0.34246506413917155 	0.11887722479366773 
45195     	0.6790757381258024  	142679.66453499993  	225763.74948800026  	0.6319866004111683  	0.3429054845642036  	0.119022086189411   
45243     	0.678617157490397   	143091.35953999992  	226357.34573900027  	0.6321480713287316  	0.34289470984230624 	0.1190033721481589  
45292     	0.6781609195402298  	143245.98054599992  	226647.89053300026  	0.6320199151606183  	0.3428995523335712  	0.11899062256631804 
45317     	0.6785714285714286  	143277.44057099993  	226693.07227600025  	0.6320327265958915  	0.3433452589510494  	0.11913033550089568 
45390     	0.6772554002541296  	143581.64090199993  	227169.51046600024  	0.6320462662769586  	0.3429195952790001  	0.11896955201597198 
45414     	0.6776649746192893  	143998.43018299993  	227931.82927100023  	0.631760955209957   	0.3433751842678547  	0.11912531738227702 
45439     	0.6780735107731305  	144275.08674299993  	228373.73037800024  	0.631749923707067   	0.34385625882438436 	0.1192902394682901  
45463     	0.6784810126582278  	144446.66228799993  	228581.50140700024  	0.6319262993675319  	0.34435935140098034 	0.11945706330911698 
45487     	0.6788874841972187  	144568.47993599993  	228819.63922300024  	0.631801013352303   	0.3448711832731639  	0.11962984797158217 
45512     	0.6792929292929293  	144784.38446899992  	229128.18098200025  	0.6318925234271983  	0.3453816399113325  	0.11980107428279227 
45609     	0.6771356783919598  	144976.48432999992  	229429.44891300026  	0.6319000678285858  	0.34454209431910976 	0.11949415370807795 
45634     	0.6775407779171895  	145080.04869499992  	229572.80382400026  	0.6319566006007581  	0.34502104769650627 	0.11964097419902518 
45682     	0.6770963704630788  	145397.08408399991  	230081.08051400026  	0.6319384616900415  	0.3450549443341028  	0.11963647270410922 
45731     	0.6766541822721598  	145801.1075589999   	230754.27746100025  	0.6318457415535524  	0.34509157449538475 	0.11963493239370422 
45756     	0.6770573566084788  	146188.8740999999   	231285.29223100026  	0.6320716405693069  	0.3455222993919146  	0.11977476834158249 
45804     	0.6766169154228856  	146260.0390099999   	231386.60202800026  	0.6321024541961201  	0.3453919329282069  	0.11972144837739465 
45829     	0.6770186335403726  	146662.8020479999   	231988.11833400026  	0.6321996277276798  	0.3456650862766917  	0.1198079886551726  
45853     	0.6774193548387096  	147219.00518299988  	232912.38879200027  	0.6320788943282537  	0.34595387311895204 	0.11990108952619774 
45878     	0.677819083023544   	147771.8651369999   	233875.91185100027  	0.6318387557207845  	0.34625427801806746 	0.11999807347576329 
45902     	0.6782178217821783  	148103.6454569999   	234311.64920200026  	0.6320797363741809  	0.3465817726162071  	0.12010371416730306 
45926     	0.6786155747836835  	148249.6947249999   	234578.74411400026  	0.6319826431202722  	0.346869265916243   	0.12019651653882128 
45951     	0.6790123456790124  	148374.9961399999   	234743.48559300025  	0.6320729018962145  	0.34717575678144297 	0.12029128831476998 
46000     	0.6785714285714286  	148550.50701699988  	234988.01689600025  	0.6321620522579438  	0.34701735330071837 	0.12022498005586812 
46078     	0.6781326781326781  	148958.0531359999   	235696.27404500026  	0.6319915481886663  	0.346872106101052   	0.12016307988058746 
46105     	0.6785276073619632  	149201.73457599987  	236214.03590900026  	0.6316378872315562  	0.3471735550924675  	0.12026020213416935 
46131     	0.678921568627451   	149444.50336299988  	236516.51650400026  	0.6318565213625251  	0.34750051677518423 	0.12036170122988743 
46210     	0.6776556776556777  	149523.46518599987  	236695.11711300025  	0.6317133492644722  	0.3469166497118333  	0.12014189922323153 
46236     	0.6780487804878049  	149746.77195199986  	237055.52461300025  	0.6316949254672113  	0.34713010637168834 	0.12019819113894013 
46263     	0.6784409257003654  	149971.71245499986  	237386.92564600025  	0.6317606247559016  	0.34734237188986244 	0.12025481808766945 
46315     	0.6780072904009721  	150587.62162699987  	238323.02334600026  	0.6318635082451725  	0.34713781591215315 	0.1201743228120738  
46473     	0.6743063932448733  	151029.82993499987  	239224.80788500025  	0.6313301336523706  	0.34523314805848787 	0.11952452380875069 
46526     	0.6738868832731648  	151581.77854699988  	240041.63435300026  	0.6314811968164108  	0.3450440062453325  	0.11947008962914893 
46578     	0.673469387755102   	151823.85992499988  	240441.06346400027  	0.6314389802544336  	0.3448784185637269  	0.11942413357800125 
46631     	0.6730538922155689  	151883.6211139999   	240504.87483800028  	0.6315199274705178  	0.34472203623377007 	0.11937857718040855 
46657     	0.6734449760765551  	152197.2802929999   	241004.6121420003   	0.6315118990474964  	0.3450031558799519  	0.11948610125072179 
46684     	0.6738351254480287  	152489.9433449999   	241444.60658700028  	0.6315732022369812  	0.3453075287417029  	0.11960276234331495 
46736     	0.6734207389749702  	152630.9002939999   	241649.85941100027  	0.6316200665956271  	0.3451974819424146  	0.11957289130922397 
46763     	0.6738095238095239  	152712.06408699992  	241763.60369300027  	0.6316586192225979  	0.34547915271892565 	0.11967955478916631 
46789     	0.6741973840665874  	152815.75073599993  	241933.80548800027  	0.6316428182814636  	0.34576963756163187 	0.1197887802067142  
46842     	0.6737841043890866  	152997.81884899992  	242156.93626200026  	0.6318126633525989  	0.34560503755024413 	0.11974075693325781 
46868     	0.6741706161137441  	153188.0367799999   	242436.66210300027  	0.6318682803631297  	0.3458441718871242  	0.11983205432817798 
46894     	0.6745562130177515  	153597.8857769999   	243073.37811300028  	0.631899251861284   	0.34608975175372164 	0.11991940653565233 
46921     	0.6749408983451537  	153864.5821749999   	243574.0628930003   	0.6316952648714125  	0.3463532866835904  	0.12001815752466329 
46973     	0.6745283018867925  	154117.2149939999   	243918.65320900027  	0.6318385780112743  	0.3462354258625812  	0.11998011069676025 
47000     	0.6749116607773852  	154297.7745809999   	244263.08787600027  	0.6316868255564217  	0.346539961082286   	0.120090964382669   
47047     	0.6752941176470588  	154360.8016129999   	244328.45374100027  	0.631775788900255   	0.3468554829650088  	0.12020169563231498 
47071     	0.6756756756756757  	154465.8783509999   	244539.39813900026  	0.6316604993981335  	0.3471789531123397  	0.12031679445241539 
47095     	0.676056338028169   	154534.1265089999   	244617.46018800026  	0.6317379241458603  	0.3474756536372018  	0.12041860751762716 
47119     	0.6764361078546307  	154775.7190059999   	245064.36351800026  	0.6315717095057416  	0.34779527395901677 	0.1205292111074352  
47142     	0.6768149882903981  	154907.73964299992  	245276.80654100026  	0.631562934252023   	0.3481283053726393  	0.1206429783466792  
47261     	0.6740395809080326  	155185.48263499993  	245732.33674100027  	0.631522430841343   	0.34679491500871923 	0.12015846262207655 
47285     	0.6744186046511628  	155325.26708699993  	245960.21305400025  	0.6315056616612154  	0.3470981672948448  	0.12024040911368523 
47333     	0.6740139211136891  	155752.3415179999   	246681.56084200027  	0.6313902870825412  	0.34699563239246123 	0.12018340269220469 
47380     	0.6736111111111112  	155920.5282989999   	246925.00794100028  	0.6314489147905797  	0.3468676405859067  	0.12012574637277738 
47404     	0.6739884393063584  	156450.82373799992  	247699.49008300027  	0.6316154453348921  	0.3471808232730105  	0.12022373937548822 
47452     	0.6735870818915801  	156838.76875599992  	248394.32496000026  	0.6314104349254201  	0.3471065329815016  	0.12019054811010436 
47476     	0.673963133640553   	157342.17275999993  	249240.00063000026  	0.6312878043744521  	0.3474503527589614  	0.1203082598276309  
47523     	0.6735632183908046  	157804.19446399994  	250042.62759600027  	0.6311091671895557  	0.34740948860723814 	0.12030099522206118 
47547     	0.6739380022962113  	158155.70621899996  	250497.39869700026  	0.6313666610578416  	0.34775456253189996 	0.12042159650911187 
47571     	0.6743119266055045  	158320.51513799996  	250711.60088600026  	0.6314846005470207  	0.3481139232466551  	0.12054466877303005 
47595     	0.6746849942726232  	158605.31646999996  	251199.16157000026  	0.6313926984417991  	0.348497933433649   	0.12067587373858615 
47619     	0.6750572082379863  	158736.92819599996  	251338.56262400025  	0.6315661494152359  	0.3488981081395378  	0.12080781592649531 
47642     	0.6754285714285714  	158872.10965199996  	251505.10655300025  	0.6316854231288559  	0.3492916378696008  	0.12093962422452188 
47666     	0.6757990867579908  	159028.73897599996  	251752.10199900024  	0.6316878298661892  	0.34969438814137466 	0.12107567673403953 
47690     	0.6761687571265679  	159281.92236099998  	252181.50596300024  	0.6316161914917331  	0.3501188209419749  	0.12121899738941777 
47714     	0.6765375854214123  	159340.56157899997  	252248.07586400025  	0.6316819703509198  	0.3505492522076691  	0.12136238918826002 
47738     	0.676905574516496   	159671.40066999997  	252817.51395000026  	0.6315677983510992  	0.3509578048792663  	0.12150252447340575 
47785     	0.6765039727582293  	160010.59496699998  	253297.25196600024  	0.6317107419249776  	0.35096416735567254 	0.12150234511455253 
47857     	0.6753393665158371  	160194.31959399997  	253601.98316200025  	0.6316761312220034  	0.3505463623834058  	0.12135429096216724 
47904     	0.6749435665914221  	160262.24560799997  	253680.82757100026  	0.6317475669821588  	0.35051067994450086 	0.12133507187656462 
47928     	0.6753100338218715  	160557.21346499998  	254083.17409200026  	0.631908090879187   	0.3509018996639733  	0.12145937268940407 
47976     	0.6749156355455568  	161051.50766699997  	254958.44083700026  	0.6316774888420471  	0.35092077592629634 	0.12146342474986387 
48000     	0.6752808988764045  	161429.31751899997  	255546.32230200028  	0.6317027616160548  	0.3513610506278491  	0.12161474473674956 
48095     	0.6741321388577828  	161583.406711       	255786.1522060003   	0.6317128793620812  	0.3509216030961159  	0.12146375737779944 
48119     	0.674496644295302   	161866.32332        	256184.77975400028  	0.6318342700742451  	0.35124580995452687 	0.12156451094858421 
48190     	0.673355629877369   	162285.57654799998  	257039.47630400027  	0.6313644070612136  	0.3508076469675688  	0.12140726499357254 
48214     	0.6737193763919822  	162676.564177       	257635.57481600027  	0.6314212014128147  	0.35119048053362845 	0.12153154352926554 
48238     	0.6740823136818688  	162979.168216       	258056.06787100027  	0.6315649523787664  	0.35156967113390886 	0.12165456505746453 
48261     	0.6744444444444444  	163260.366548       	258488.21087500028  	0.6315969536689989  	0.3519769181200692  	0.12178454149625977 
48285     	0.6748057713651499  	163324.55498699998  	258583.97283800028  	0.6316112835396834  	0.352387583922302   	0.1219156467057571  
48309     	0.6751662971175166  	163681.88928399998  	259116.63317000028  	0.6316919422791827  	0.3528223806455912  	0.12205700741972894 
48333     	0.6755260243632336  	163717.06605999998  	259158.45672300027  	0.6317257330907315  	0.3532384702707748  	0.12219107893057955 
48357     	0.6758849557522124  	163958.38678399997  	259617.7951850003   	0.6315375518352482  	0.35366867758218484 	0.12233418681546972 
48428     	0.6747519294377067  	164390.71509899996  	260328.8148820003   	0.6314733740616214  	0.3533122953165879  	0.12221217665163847 
48452     	0.6751101321585903  	164639.49794099995  	260734.1611330003   	0.6314458267592234  	0.3537538596432661  	0.1223675292205992  
48476     	0.6754675467546755  	164778.14720699994  	260983.11576900032  	0.6313747413179299  	0.35418112301283605 	0.12252008937950819 
48523     	0.6750823271130626  	164921.74017599993  	261177.94613100032  	0.6314535458261062  	0.35419853276547    	0.12252444526628899 
48547     	0.6754385964912281  	165161.96408399995  	261665.45665400033  	0.6311951382348234  	0.3546178591413425  	0.12267335327729229 
48571     	0.6757940854326396  	165418.12068399994  	262128.57265900032  	0.631057190774812   	0.3550261556298949  	0.12282527244526893 
48595     	0.6761487964989059  	165578.32481699993  	262336.4790620003   	0.6311677484162138  	0.35535798816446496 	0.12294884186979174 
48714     	0.6735582154515778  	165690.94833099993  	262484.7469250003   	0.6312402921391191  	0.35407364084264975 	0.12250532736940833 
48738     	0.6739130434782609  	165763.93753899995  	262585.2490120003   	0.6312766545824684  	0.3543435036936852  	0.12259862893852654 
48761     	0.6742671009771987  	166308.25811199995  	263573.2862360003   	0.6309753939292981  	0.3546461467337838  	0.1227101465328164  
48809     	0.6738894907908992  	166860.28889199995  	264548.2712910003   	0.630736644309633   	0.35452722621493077 	0.12268587370668017 
48857     	0.6735135135135135  	167190.36562899995  	265026.8997460003   	0.6308430041978149  	0.35441978490331494 	0.12266684994073211 
48880     	0.673866090712743   	167319.45273799993  	265246.5184120003   	0.6308073475939356  	0.3546943124161472  	0.12277430053583666 
48904     	0.674217907227616   	167392.74098199993  	265362.11357200035  	0.6308087417934342  	0.35497653258436423 	0.12288313020095529 
48928     	0.6745689655172413  	167618.83994799992  	265716.2043210004   	0.6308190363336169  	0.35524470524496865 	0.12298131016526964 
49000     	0.673469387755102   	167767.83192199992  	265964.0097680004   	0.6307914821570907  	0.35472417961097885 	0.12280552198637285 
49062     	0.6738197424892703  	168339.54655899992  	266855.7179300004   	0.6308260803433768  	0.3549622473899276  	0.12289133611594832 
49093     	0.6741693461950696  	168515.65845799993  	267107.1891820004   	0.6308915120333112  	0.35519800394177414 	0.12297929267296952 
49125     	0.6745182012847966  	168802.57861199992  	267478.0565210004   	0.6310894463925746  	0.35544078605926305 	0.12306515181224179 
49156     	0.6748663101604279  	169297.56482099992  	268349.8213400004   	0.6308838365370073  	0.35565499700723896 	0.12315077689458875 
49187     	0.6752136752136753  	169550.95703399993  	268744.90526500036  	0.6308992420407428  	0.3558667421489738  	0.12323697113617073 
49281     	0.6741214057507987  	169675.91423699993  	268968.40632000036  	0.6308395716749388  	0.3552686300848227  	0.12303119252972523 
49343     	0.6737513283740701  	169844.62988099994  	269202.28890700033  	0.6309182235061721  	0.3550623271541508  	0.12295871928421992 
49375     	0.6740976645435244  	170408.57221799993  	270102.43061200035  	0.6309035125373984  	0.35524409299496273 	0.12301440986729885 
49406     	0.6744432661717922  	170697.32686699994  	270482.80926700035  	0.6310838286898311  	0.35544503257157023 	0.12307554389704008 
49437     	0.6747881355932204  	170930.38513799993  	270825.13180300035  	0.6311466886401651  	0.35563097841055874 	0.12312278560159284 
49468     	0.6751322751322751  	171018.93832399993  	270934.7134860004   	0.6312182596448157  	0.3557935433027439  	0.12316258437320489 
49500     	0.6754756871035941  	171231.54860599994  	271200.63301100035  	0.631383292527398   	0.35596694390285516 	0.12320140015217228 
49531     	0.675818373812038   	171678.83917399994  	271918.3838110003   	0.6313616489178866  	0.356168409849239   	0.1232530836097135  
49593     	0.6754478398314014  	172114.33210599993  	272648.6373550003   	0.6312678976711688  	0.3559941252225898  	0.12316957371955298 
49625     	0.6757894736842105  	172621.45154799992  	273473.8062160003   	0.631217497341068   	0.35619115484651903 	0.12321301956629609 
49656     	0.676130389064143   	172691.60029699994  	273572.6916830003   	0.6312457549568019  	0.356388009834847   	0.12325593334359923 
49687     	0.6764705882352942  	172967.72128399994  	274048.5999330003   	0.6311571061712677  	0.3566054011718457  	0.12330692912377661 
49718     	0.6768100734522561  	173182.24967999995  	274366.9267230003   	0.6312067265120626  	0.35678526113091574 	0.12334267433422486 
49750     	0.6771488469601677  	173447.84974799995  	274802.7440470003   	0.6311721898902678  	0.3569847272949762  	0.12338615443534671 
49781     	0.6774869109947644  	173792.33611399995  	275428.8250640003   	0.630988191136554   	0.3571715316861808  	0.12343222696376602 
49812     	0.6778242677824268  	174272.94592999996  	276168.18663600035  	0.6310391796130305  	0.35737399240030376 	0.12348188591282981 
49843     	0.6781609195402298  	174412.94650499997  	276356.07185800036  	0.6311167521393136  	0.35758731240473723 	0.12353388667758021 
49875     	0.6784968684759917  	174783.00622199997  	276846.15856800036  	0.6313362162078506  	0.35779152239822853 	0.1235817093599587  
49906     	0.6788321167883211  	174904.29642399997  	277042.6801280004   	0.6313261781296297  	0.3580032943997798  	0.12363277168764256 
49937     	0.6791666666666667  	175439.55756599997  	278055.6810330004   	0.6309511710540391  	0.3582403782028939  	0.12369775258774397 
49968     	0.6795005202913632  	175868.11448999998  	278914.2948620004   	0.6305453600971402  	0.3584809920399308  	0.12377487662135948 
50048     	0.6791277258566978  	176262.480739       	279655.64055000036  	0.6302840178454601  	0.35833579050075687 	0.12372894042838548 
50097     	0.6787564766839378  	176669.665751       	280290.5178850004   	0.6303091060093774  	0.358197322042932   	0.12368571890426973 
50219     	0.6762886597938145  	176834.43438        	280622.8186740004   	0.6301498759636813  	0.3568316274092404  	0.12322610245874291 
50243     	0.6766220391349125  	177241.16512999998  	281179.5537070004   	0.6303486963874049  	0.3568761113125864  	0.123247660746429   
50268     	0.676954732510288   	177722.862771       	281874.1309580004   	0.6305043395326013  	0.35695982644933955 	0.12327966607720753 
50292     	0.6772867420349434  	177924.347159       	282199.0896740004   	0.6304922789245714  	0.3570610248697095  	0.1233180929370629  
50317     	0.6776180698151951  	178105.83145199998  	282468.64296700037  	0.6305331083167605  	0.35714058245440444 	0.12334157881762131 
50341     	0.6779487179487179  	178287.66307699998  	282756.28171800036  	0.6305347559167953  	0.3572279061723367  	0.1233683706658682  
50390     	0.6775844421699079  	178607.34673799996  	283212.69837100036  	0.6306473818629049  	0.35697895529858575 	0.12327494654920479 
50414     	0.6779141104294478  	179003.03630199996  	283808.77863600035  	0.6307170523839953  	0.3571005098005012  	0.1233072909122712  
50439     	0.6782431052093973  	179165.46479799997  	284132.7982020003   	0.6305694588296868  	0.35722844299898826 	0.12334612327922627 
50463     	0.6785714285714286  	179481.76456899996  	284634.3030640003   	0.630569691133269   	0.35738149332078734 	0.12339254339201677 
50487     	0.6788990825688074  	179534.02897299995  	284733.89161000034  	0.6305326982953876  	0.357538230189827   	0.12344041872406437 
50512     	0.6792260692464358  	180067.44262899994  	285631.4918480003   	0.6304187310159182  	0.35772135894465723 	0.1235030065381814  
50536     	0.6795523906408952  	180398.20315299995  	286221.63601500035  	0.6302745161569324  	0.35790106864421123 	0.12357455641228161 
50560     	0.6798780487804879  	180581.96339199995  	286473.01958300034  	0.6303628999856987  	0.358094616838308   	0.1236491831045192  
50609     	0.6795131845841785  	180859.41794799996  	286848.1346050003   	0.6305058186871236  	0.35793957208339344 	0.12359766661854292 
50634     	0.6798378926038501  	181378.27191799995  	287712.59497100033  	0.6304147788048061  	0.3581589685205888  	0.12367486769505835 
50707     	0.6787878787878788  	181655.02950899996  	288131.38312000036  	0.6304590202634909  	0.35765238997999643 	0.12349701519679503 
50731     	0.6791120080726539  	182183.75863599996  	289073.21178800036  	0.6302339725951823  	0.357903301024609   	0.12358755991963362 
50756     	0.6794354838709677  	182271.92616699997  	289226.9318310004   	0.6302038507033093  	0.35812171948382077 	0.1236727731420396  
50780     	0.6797583081570997  	182777.14398399997  	289920.11285600037  	0.6304396827921457  	0.35835006039791556 	0.12375687041611066 
50829     	0.6793969849246231  	182989.91745199997  	290302.6999510004   	0.6303417690668618  	0.358223916152109   	0.12371671329875743 
50878     	0.679037111334002   	183181.14192599995  	290606.3265960004   	0.6303412044454818  	0.3580761326225877  	0.12366653333122024 
50902     	0.6793587174348698  	183438.00525799996  	291007.1940720004   	0.6303555685039667  	0.3583062862489854  	0.12374757161314909 
50951     	0.679               	183765.79811699997  	291507.1336090004   	0.6303989746044627  	0.35814152345856676 	0.12369792680493084 
