25166     	1.0                 	131.876969          	228.479628          	0.5771935561799847  	0.009240581086425519	0.003865539848942065
25187     	1.0                 	538.0164540000001   	710.4043320000001   	0.7573383631900488  	0.02058054385950273 	0.007131749385506794
25208     	1.0                 	769.4819500000001   	997.7995470000001   	0.7711788929084371  	0.031394185413056386	0.009538392720298328
25229     	1.0                 	900.4493380000001   	1224.723001         	0.7352269347964994  	0.03920019907942773 	0.011660013423054524
25250     	1.0                 	935.2609310000001   	1266.268209         	0.738596234472787   	0.04456822689593176 	0.012995026629155568
25270     	1.0                 	1199.4239670000002  	1610.6099920000001  	0.7447016800824616  	0.050791621252577156	0.014925530905380914
25291     	1.0                 	1292.097866         	1762.302022         	0.7331875296458124  	0.05579936961280827 	0.016765442800349414
25312     	1.0                 	1486.556714         	2101.426254         	0.7074037031613102  	0.0620516748214681  	0.01877185313045125 
25333     	1.0                 	1980.774801         	2856.277048         	0.6934813282160296  	0.07127510054566938 	0.021691982882065013
25354     	1.0                 	2375.467316         	3629.846649         	0.6544263561807567  	0.08169738374531163 	0.025512638940303582
25375     	1.0                 	2644.5113610000003  	4052.001396         	0.6526432502245861  	0.09237151279484701 	0.029217650117404435
25395     	1.0                 	2935.9554260000004  	4435.481318         	0.6619248770331537  	0.10315737219416204 	0.03270046270960748 
25416     	1.0                 	3301.7818180000004  	4951.088067000001   	0.6668800419865365  	0.11437310476958387 	0.03629199646352195 
25437     	1.0                 	3660.9113020000004  	5589.809147000001   	0.6549259922344178  	0.1256037494590296  	0.040234004472882015
25458     	1.0                 	3829.4221000000002  	5833.029421000001   	0.656506563504268   	0.13641614586281436 	0.043871015703725855
25479     	1.0                 	4193.346178000001   	6363.146119000001   	0.6590051681319877  	0.14784546874862853 	0.04754409009656288 
25500     	1.0                 	4553.933484000001   	6881.8266650000005  	0.6617332440470587  	0.15923031837704996 	0.05127598239351408 
25520     	1.0                 	5024.293273000001   	7596.387677000001   	0.6614055899506458  	0.17116057076548502 	0.05528820663221194 
25541     	1.0                 	5183.118739000001   	7784.278019         	0.6658445043135607  	0.18139755134455532 	0.05860857907151883 
25562     	1.0                 	5692.278221000001   	8540.764127         	0.6664834827840459  	0.1926422064518433  	0.0621543282196251  
25583     	1.0                 	5912.269567000001   	8987.371265         	0.6578419198085728  	0.20353187179432192 	0.06577699769482528 
25604     	1.0                 	5996.416302000001   	9100.448934         	0.6589143398845868  	0.21376550888619758 	0.06912488016262092 
25625     	1.0                 	6270.098111000001   	9569.71711          	0.6552020335531111  	0.2238545688570709  	0.0725249122431548  
25645     	1.0                 	6564.426449000001   	10037.801384999999  	0.6539705456624755  	0.23435254712514197 	0.07590217769784832 
25666     	1.0                 	7062.195433000002   	10803.586344        	0.6536899144534668  	0.24573831241952251 	0.0794630864209775  
25729     	0.9285714285714286  	7213.320091000001   	11010.41382         	0.6551361473714348  	0.2385071547717597  	0.07692646985969966 
25750     	0.9310344827586207  	7556.382571000001   	11543.992987        	0.6545726924392146  	0.2492483547464697  	0.08020773379481722 
25770     	0.9333333333333333  	8084.780232000001   	12467.417404        	0.6484727325649745  	0.26046786953934364 	0.0838267215115503  
25791     	0.9354838709677419  	8460.185152000002   	13062.455984        	0.6476718591329802  	0.27173471823360795 	0.08756773016717403 
25812     	0.9375              	8890.587037000001   	13889.508627        	0.640093704950618   	0.28235579621468004 	0.09146809786108208 
25875     	0.8857142857142857  	9035.843322         	14109.570652999999  	0.6404052642153775  	0.27543343875330684 	0.08963052007844921 
25895     	0.8888888888888888  	9211.888314         	14380.767263999998  	0.6405700158336142  	0.2850318131668115  	0.09308481992549239 
25958     	0.8461538461538461  	9708.868262         	15253.695527999998  	0.6364928580210744  	0.27868573102173344 	0.09141123602965381 
26133     	0.7391304347826086  	9841.112509         	15449.451486999998  	0.6369878255730207  	0.24776490594908304 	0.08149846412857252 
26155     	0.7446808510638298  	9997.681547         	15705.968238999998  	0.6365530220654868  	0.2539636819241846  	0.0837573683404596  
26311     	0.6666666666666666  	10488.446318        	16445.122382999998  	0.637784631438337   	0.23032946194539078 	0.07605483502788238 
26333     	0.6727272727272727  	10895.390383        	17104.359503999996  	0.6369949357327307  	0.23581139963284775 	0.07794419485822392 
26355     	0.6785714285714286  	11033.939514        	17346.861163999998  	0.6360770060752416  	0.24133185675605867 	0.07985513394616707 
26422     	0.6610169491525424  	11095.923649        	17426.982792        	0.6367093937852326  	0.23711237837062815 	0.0783922887064519  
26444     	0.6666666666666666  	11547.7471          	18233.810880999998  	0.6333150637222518  	0.240882997430759   	0.07969482130239003 
26466     	0.6721311475409836  	11823.644133        	18702.345547999998  	0.6322011376944323  	0.2448633014772835  	0.08106714440956048 
26511     	0.6666666666666666  	11927.393764        	18830.951880999997  	0.6333930350082021  	0.24494108038897217 	0.08110475060588426 
26533     	0.671875            	12051.078329        	19006.571040999996  	0.6340479986107981  	0.24899804040770762 	0.08244219223135457 
26555     	0.676923076923077   	12275.896165        	19297.729328999994  	0.6361316378581487  	0.25329709855369864 	0.08378315233297882 
26600     	0.6716417910447762  	12363.768158        	19432.583443999993  	0.6362390360308701  	0.2536912495070162  	0.08384456457258699 
26622     	0.6764705882352942  	12826.393274        	20352.745263999994  	0.6302045796587141  	0.2581614392762792  	0.08540736480836592 
26644     	0.6811594202898551  	12921.560391        	20483.499611999992  	0.630827770437727   	0.2626384891434319  	0.08694636558627689 
26688     	0.676056338028169   	13050.536872        	20636.563447999994  	0.6323987472470762  	0.26329848944977946 	0.08715799144468378 
26711     	0.6805555555555556  	13588.481598        	21575.791722999995  	0.6298022233647422  	0.2681309063489057  	0.08879638558278552 
26755     	0.6756756756756757  	14057.418089        	22299.459800999994  	0.630392763521994   	0.2694899921542259  	0.08927032682688701 
26777     	0.68                	14324.797609000001  	22757.057224999993  	0.6294661681152408  	0.27466597155412004 	0.09100522730684708 
26822     	0.6753246753246753  	14601.638616        	23237.49402099999   	0.6283654598384977  	0.2756742668481771  	0.09143023845723001 
26844     	0.6794871794871795  	14711.865847000001  	23410.222327999993  	0.6284376816619871  	0.2802131836856219  	0.09302680144130682 
26911     	0.6666666666666666  	15176.446277000001  	24116.216690999994  	0.6293046074123122  	0.27713885471742167 	0.09197779197934475 
26933     	0.6707317073170732  	15328.556755000001  	24347.943164999993  	0.6295626965744975  	0.2809326749257292  	0.09321905589245587 
26955     	0.6746987951807228  	15692.304226000002  	24967.839823999995  	0.6285006767351972  	0.2849773125792939  	0.09455605360446398 
26977     	0.6785714285714286  	15773.323993000002  	25074.954792999994  	0.6290469563439984  	0.2890700761904058  	0.09587387904922538 
27000     	0.6823529411764706  	16074.322070000002  	25500.170456999993  	0.6303613576664339  	0.29339376445863086 	0.09723886306985634 
27044     	0.686046511627907   	16534.353943000002  	26170.35434299999   	0.6317970985907796  	0.2975984367190554  	0.09854845320585687 
27066     	0.6896551724137931  	17048.138118000003  	27137.91482099999   	0.6282036858929092  	0.3020711295991711  	0.10003325403985529 
27088     	0.6931818181818182  	17296.066549000003  	27443.15580499999   	0.6302506414312874  	0.3065199240299133  	0.10151571145976052 
27111     	0.6966292134831461  	17392.265045000004  	27567.69374899999   	0.6308930011829844  	0.3108051168168096  	0.10295375786859709 
27133     	0.7                 	17639.872800000005  	27955.71922599999   	0.630993345490256   	0.31497274090139726 	0.10429770133554095 
27177     	0.6956521739130435  	17813.208219000004  	28137.84998099999   	0.6330692725644755  	0.31542687182673057 	0.10431557396434134 
27244     	0.6842105263157895  	18275.682352000003  	28945.68339599999   	0.6313785064934941  	0.31251440092225785 	0.10318312431613767 
27288     	0.6804123711340206  	18519.104959000004  	29318.43976599999   	0.6316538365208725  	0.312234817510065   	0.10296188692506582 
27311     	0.6836734693877551  	18642.344262000002  	29467.01131499999   	0.6326513422998633  	0.3151734152176808  	0.1037986935641595  
27355     	0.68                	18772.918463        	29725.48400799999   	0.6315429029834355  	0.3143581758325289  	0.10346815062711412 
27466     	0.6571428571428571  	19041.668134000003  	30148.386609999987  	0.6315982470413203  	0.30426310026043885 	0.1000799633341041  
27555     	0.6422018348623854  	19283.324137000003  	30488.505775999987  	0.6324784913591762  	0.2976055965536623  	0.09776907066263645 
27577     	0.6454545454545455  	19555.377133        	30829.62635199999   	0.6343047077419867  	0.29961947443496356 	0.09826275141917734 
27622     	0.6428571428571429  	19800.216097        	31133.56187899999   	0.6359765764660392  	0.2989053985811317  	0.09782746355703388 
27666     	0.6403508771929824  	19912.968739        	31272.34675899999   	0.6367596551822312  	0.2978785406617114  	0.09735474185580552 
27688     	0.6434782608695652  	20115.061111        	31561.19212499999   	0.6373352765425684  	0.29969131082480716 	0.09776810370600786 
27711     	0.646551724137931   	20350.2277          	31930.98439699999   	0.6373191457859334  	0.301504036689712   	0.0982163718806909  
27733     	0.6495726495726496  	20644.10577         	32299.86570399999   	0.6391390589417667  	0.3033641982068679  	0.09868539441502557 
27777     	0.6470588235294118  	21001.891443999997  	32915.29374599999   	0.6380587579156038  	0.30247446036380077 	0.09832763421905338 
27800     	0.65                	21081.015365999996  	33034.734095999986  	0.6381469669087663  	0.3041787797322204  	0.09881321839899725 
27822     	0.6528925619834711  	21593.009850999995  	33830.64082899999   	0.6382678341845135  	0.30604683007328515 	0.09936232156260918 
27888     	0.6451612903225806  	22065.195547999996  	34703.737535999986  	0.635816114189736   	0.30235290175848706 	0.09824799646364152 
27933     	0.6428571428571429  	22290.597375999994  	35061.000753999986  	0.6357661474753238  	0.30137463395190855 	0.09799678287926779 
27955     	0.6456692913385826  	22484.179304999994  	35394.72584999999   	0.6352409508774314  	0.30284731807170895 	0.09852494728051843 
28000     	0.6434108527131783  	22851.316669999993  	35897.58318699999   	0.6365697810619019  	0.30218691845254564 	0.09832799305567409 
28060     	0.6461538461538462  	23346.558439999993  	36578.25963299999   	0.6382632381705038  	0.30395601313496423 	0.09882517676312103 
28212     	0.6296296296296297  	23416.379843999992  	36651.32297699999   	0.6388958963007858  	0.29629559070787076 	0.09628715879484383 
28242     	0.6323529411764706  	23739.09223999999   	37224.00486899999   	0.6377361147341193  	0.29772787339024154 	0.09672075744522894 
28303     	0.6304347826086957  	23913.179181999993  	37517.42930299999   	0.6373885318439937  	0.29708864955187664 	0.09648242481552675 
28333     	0.6330935251798561  	23971.672217999992  	37607.47931099999   	0.6374176801312075  	0.29820133502401064 	0.09681159943826864 
28424     	0.6267605633802817  	24186.60816599999   	37879.95163599999   	0.6385068386152254  	0.29483699333614155 	0.09565942572659193 
28454     	0.6293706293706294  	24649.32291799999   	38541.15613299999   	0.639558471804497   	0.2959955340856682  	0.09594961427983459 
28484     	0.6319444444444444  	25146.398263999992  	39454.765798999986  	0.6373475486359964  	0.2973431151156175  	0.09635891606052539 
28515     	0.6344827586206897  	25394.343383999993  	39741.012724999986  	0.6389958796401055  	0.298822215224994   	0.09678238385254569 
28606     	0.6283783783783784  	25593.452730999994  	40055.54870799999   	0.6389489984913977  	0.2963254793016783  	0.09592481439388638 
28666     	0.6266666666666667  	25845.450326999995  	40448.369797999985  	0.6389738438427239  	0.2958270987342906  	0.09572859858614831 
28696     	0.6291390728476821  	26254.402658999996  	40920.787074999986  	0.6415908523675434  	0.2975407641172325  	0.09620537744775373 
28727     	0.631578947368421   	26781.458195999996  	41776.721325999984  	0.6410617527166356  	0.29915859742641976 	0.09669446091010947 
28787     	0.6298701298701299  	26950.248897999994  	42031.324466999984  	0.6411943768072171  	0.29891827328143267 	0.09656771282548919 
28818     	0.632258064516129   	27104.259006999993  	42202.32495299998   	0.6422456354522067  	0.3005960075463465  	0.09700254702388722 
28878     	0.6305732484076433  	27519.903037999993  	42872.70807599998   	0.641897940974845   	0.3005219852765813  	0.09688062109141214 
28969     	0.625               	27792.219235999994  	43304.00070099998   	0.6417933397862293  	0.298156962627221   	0.09605734522255285 
29055     	0.6234567901234568  	28037.885182999995  	43631.280901999984  	0.6426097195261299  	0.29781372271020373 	0.095886188878783   
29111     	0.6219512195121951  	28076.725243999994  	43676.86036799999   	0.6428283765691756  	0.29738853224311146 	0.0956843580854891  
29138     	0.6242424242424243  	28297.270435999995  	44111.86420499998   	0.6414888816417911  	0.29858928533312407 	0.09606258551953492 
29222     	0.6190476190476191  	28751.828333999994  	44778.099957999984  	0.6420957646922943  	0.2962327838930562  	0.0952842991787302  
29250     	0.621301775147929   	29126.180662999996  	45452.637209999986  	0.6408028763750583  	0.29712335730177986 	0.09553640537220255 
29277     	0.6235294117647059  	29677.792049999996  	46547.64790199999   	0.6375787690171311  	0.29786268387285264 	0.09577197233443141 
29305     	0.6257309941520468  	29831.158539999997  	46771.93563899999   	0.6378003846205114  	0.2985880459849708  	0.09599160591670801 
29333     	0.627906976744186   	30057.423134999997  	47161.481905999986  	0.6373299124677426  	0.29918723818870435 	0.09617847854733075 
29388     	0.6264367816091954  	30141.789502999996  	47316.08647999998   	0.6370304846691117  	0.2978538580448906  	0.0957837315115382  
29416     	0.6285714285714286  	30245.442663999995  	47462.82271699998   	0.6372449199732666  	0.298173762555472   	0.09593361022846043 
29472     	0.6271186440677966  	30435.156008999995  	47797.081493999984  	0.6367576232205842  	0.29669820142429154 	0.0955398751553879  
29527     	0.6256983240223464  	30613.168603999995  	48108.726012999985  	0.6363329720210773  	0.29509386670619603 	0.09505473144426302 
29555     	0.6277777777777778  	30758.144550999994  	48295.207766999985  	0.6368777767639499  	0.29522440134172717 	0.09511676764494216 
29611     	0.6263736263736264  	30985.081526999995  	48613.53128399998   	0.6373756587643329  	0.2938547409213652  	0.09467225325422089 
29666     	0.625               	31126.377251999995  	48789.835215999985  	0.6379684849149174  	0.292584412377626   	0.09425026015921119 
29722     	0.6236559139784946  	31187.031524999995  	48856.15537599999   	0.6383439565594689  	0.29130627317746327 	0.09382038623331167 
29750     	0.6256684491978609  	31348.631420999995  	49175.928193999986  	0.6374792011516089  	0.2916722249391894  	0.09393107204826745 
29805     	0.6243386243386243  	31681.597586999993  	49709.037179999985  	0.6373408012768113  	0.29050437299755527 	0.09357404522069328 
29833     	0.6263157894736842  	32022.825222999993  	50229.731495999986  	0.637527302441386   	0.29103084044948546 	0.09375602169869567 
29861     	0.6282722513089005  	32392.135479999994  	50746.049085999985  	0.6383183728275008  	0.29167152525119616 	0.09396937598016562 
29888     	0.6302083333333334  	32581.371160999992  	51021.153795999984  	0.6385855422100303  	0.2924172550497988  	0.09419996811648242 
29944     	0.6288659793814433  	32644.30943199999   	51104.77010499998   	0.6387722587329698  	0.2916161146828864  	0.09393564434194604 
30000     	0.6275510204081632  	32986.91889799999   	51637.72112799998   	0.6388143817623508  	0.29098280637343066 	0.09371663535034777 
30064     	0.6294416243654822  	33440.81566399999   	52354.82177899998   	0.6387342087641947  	0.29166103707909463 	0.09385540779565217 
30129     	0.628140703517588   	33509.233146999984  	52429.85879999998   	0.6391249931613395  	0.29071112572904156 	0.09347933705991908 
30258     	0.6206896551724138  	33847.60839299999   	52949.23559399998   	0.639246402961018   	0.2868838501416595  	0.09216542419096245 
30387     	0.6135265700483091  	34062.26535899999   	53265.049749999984  	0.639486220680757   	0.28281828403132137 	0.09078701153750096 
30419     	0.6153846153846154  	34245.80471099999   	53539.994709999984  	0.6396303342294447  	0.2830157448924935  	0.09076793444734267 
30451     	0.6172248803827751  	34297.26440399999   	53618.202499999985  	0.6396571090573205  	0.28323322767595394 	0.09075650820636276 
30483     	0.6190476190476191  	34803.59876199999   	54514.06246999998   	0.6384334093822672  	0.2836163244679444  	0.09081677070945227 
30516     	0.6208530805687204  	34922.66016999999   	54684.53493899998   	0.6386204108520964  	0.2840540652044293  	0.090887839311223   
30548     	0.6226415094339622  	35069.241985999986  	54913.874656999986  	0.6386226104977576  	0.2844906678392411  	0.09096807565792185 
30580     	0.6244131455399061  	35374.15256299999   	55407.124850999986  	0.6384405012555269  	0.2850832622812376  	0.09108504295246254 
30612     	0.6261682242990654  	35735.016397999985  	55969.63078999999   	0.6384715406124264  	0.28580355893299586 	0.09124160513668875 
30645     	0.627906976744186   	36092.52081799998   	56594.32060599999   	0.6377410388803845  	0.2865439029988672  	0.09141173751691438 
30741     	0.6238532110091743  	36427.61179699998   	57175.13650599999   	0.6371233025946034  	0.28478058819230245 	0.09078623982509362 
30774     	0.6255707762557078  	36563.19483899998   	57361.06789799999   	0.6374217945875243  	0.28539520193038653 	0.09091157802325493 
30903     	0.6188340807174888  	36918.58526799998   	57884.476187999986  	0.6377976911822442  	0.28228905121840675 	0.0898484304555301  
30967     	0.6177777777777778  	37407.52403499998   	58766.04290299999   	0.6365499902170602  	0.281804250562699   	0.08964716501009627 
31047     	0.6167400881057269  	37845.83926399998   	59281.20878199999   	0.638412070900474   	0.28130290439361627 	0.08942160993823814 
31071     	0.618421052631579   	37937.09161599998   	59415.82919399998   	0.6385014251358964  	0.28208056018327876 	0.08959685397898677 
31119     	0.6173913043478261  	38085.955424999986  	59627.32334299998   	0.6387332734343026  	0.2815287815376434  	0.08933579373771916 
31142     	0.6190476190476191  	38201.53961699999   	59820.080960999985  	0.6386072871065768  	0.28214037986651624 	0.08943612534764034 
31214     	0.6153846153846154  	38545.97990999999   	60456.214087999986  	0.6375850769267906  	0.28043886667443274 	0.0888206614597392  
31238     	0.6170212765957447  	39165.90621299999   	61452.657426999984  	0.6373346223395697  	0.28135810660308785 	0.08903628636336887 
31261     	0.6186440677966102  	39362.83402099999   	61699.778949999985  	0.6379736636155322  	0.282250864478105   	0.08922351402880475 
31309     	0.6176470588235294  	39452.43860299999   	61868.10925599999   	0.6376861856203223  	0.28185509897361305 	0.08901103875407379 
31357     	0.6166666666666667  	39570.74401299999   	62078.97793599999   	0.6374258296229562  	0.2813765389980118  	0.08876291200885499 
31428     	0.6131687242798354  	39871.01141799999   	62620.208456999986  	0.6367115728364047  	0.27983858273464923 	0.08819230365444689 
31476     	0.6122448979591837  	40296.020117999986  	63361.04004499999   	0.6359747265730034  	0.2794639114367792  	0.08801821954298986 
31714     	0.592156862745098   	40617.53400499999   	63819.65985199999   	0.6364423454965674  	0.2697325074837176  	0.0849098858443483  
31738     	0.59375             	40733.46647499999   	64027.87540799999   	0.6361833219584001  	0.2697270254393387  	0.08484752213489694 
31761     	0.5953307392996109  	41121.65258699999   	64661.56683199999   	0.6359519974800476  	0.26969571357799355 	0.08478458651934696 
31785     	0.5968992248062015  	41191.05474999999   	64754.10254699999   	0.6361149815967659  	0.2697034235870956  	0.08472523696980289 
31809     	0.5984555984555985  	41336.93070399999   	64953.54454699999   	0.6364076201274719  	0.2697685950577792  	0.08467807732737771 
31833     	0.6                 	41422.19712399999   	65041.11418899999   	0.6368617395395954  	0.2698808922954772  	0.0846317250598208  
31880     	0.5992366412213741  	41632.64137699999   	65341.21562599999   	0.6371574354431494  	0.2689958924106541  	0.08427126386826032 
31928     	0.5984848484848485  	42228.51475499999   	66345.31103299999   	0.636495844205111   	0.2682070344110166  	0.08398025061047089 
31952     	0.6                 	42417.32295199999   	66614.79629999999   	0.6367552752240421  	0.2685020455982781  	0.08402348081057662 
31976     	0.6015037593984962  	42609.714554999984  	66884.00074199999   	0.6370688667288872  	0.26886508000774256 	0.08407848245178508 
32000     	0.602996254681648   	43046.983683999984  	67636.98990999999   	0.6364414463340211  	0.2693621506228014  	0.08418289014188299 
32050     	0.6044776119402985  	43165.665792999986  	67790.621913        	0.6367498125094239  	0.26990029048676606 	0.0842919701940443  
32075     	0.6059479553903345  	43643.54028799999   	68664.320305        	0.6356072570752871  	0.27049376467033553 	0.084437334682746   
32100     	0.6074074074074074  	44206.97908599999   	69633.85686100001   	0.634848923767701   	0.27117359259589624 	0.08463342725356528 
32125     	0.6088560885608856  	44426.288413999995  	69937.361222        	0.6352296917949048  	0.27190576834004176 	0.0848422766445416  
32150     	0.6102941176470589  	44598.017823999995  	70281.90138800001   	0.6345590677433592  	0.27252171615316484 	0.08503451073769352 
32175     	0.6117216117216118  	44654.643576999995  	70370.90264900001   	0.634561187878049   	0.27315585129716713 	0.08522899035698231 
32225     	0.610909090909091   	44984.05678499999   	70941.319713        	0.6341023393275931  	0.2728049189734181  	0.08514022235802522 
32250     	0.6123188405797102  	45049.04959599999   	71006.31252400001   	0.6344372492343338  	0.2733944550210888  	0.08534512141638177 
32275     	0.6137184115523465  	45196.08331899999   	71241.676814        	0.6344051030269731  	0.27402448920996264 	0.08556129491188004 
32325     	0.6129032258064516  	45706.52722699999   	72234.602671        	0.6327511405465206  	0.2737127273344802  	0.08552330559465433 
32350     	0.6142857142857143  	45790.96182199999   	72358.140406        	0.6328377369162318  	0.2744057104501987  	0.0857986764378897  
32425     	0.6113074204946997  	45851.01253399999   	72427.547793        	0.6330604021696756  	0.27291225029079097 	0.08538945467948238 
32475     	0.6105263157894737  	46357.54804299999   	73259.876323        	0.632782231826482   	0.27242321035999645 	0.08529204371376034 
32550     	0.6076388888888888  	46497.57116899999   	73510.77100200001   	0.6325273226658843  	0.2709501848512772  	0.08489619620471517 
32575     	0.6089965397923875  	46620.90937099999   	73655.73763500001   	0.6329569272936925  	0.27142477187921266 	0.08509634514449689 
32600     	0.6103448275862069  	47121.120723999986  	74541.07056700002   	0.632149771469219   	0.2720252513123492  	0.08535334254258999 
32625     	0.6116838487972509  	47346.00394299999   	74942.33195600002   	0.631765821896197   	0.27253022344689565 	0.0855573289868546  
32650     	0.613013698630137   	47480.43205699999   	75108.90929000003   	0.6321544608466512  	0.2729709477471894  	0.08571152084268376 
32700     	0.6122448979591837  	47564.98767499999   	75193.46490800002   	0.6325681059277724  	0.2723659591004889  	0.08551773607363627 
32750     	0.6114864864864865  	47785.47465299999   	75507.93395400002   	0.632853690343471   	0.2715450561085532  	0.08523520615746773 
32775     	0.6127946127946128  	47905.99765399999   	75693.58602900003   	0.6328937518648681  	0.27167050613821636 	0.08525151373341981 
32800     	0.6140939597315436  	48074.96663999999   	75924.58261700002   	0.6331936901453007  	0.2718507501284655  	0.0852779669704304  
32850     	0.6133333333333333  	48233.18437299999   	76138.09009800002   	0.6334961162135452  	0.2711743133808606  	0.08502933483331288 
32925     	0.6105610561056105  	48489.35644999999   	76496.48955700001   	0.6338768841656323  	0.2696700681703026  	0.08452010966218017 
32950     	0.6118421052631579  	48793.905460999995  	77012.589743        	0.63358349100882    	0.26989957871363474 	0.0845481504439661  
32975     	0.6131147540983607  	49066.442145999994  	77517.262573        	0.6329743919916272  	0.2701085662893465  	0.08458484614590021 
33044     	0.6123778501628665  	49338.03567099999   	77903.593626        	0.633321691267059   	0.26950578153020416 	0.0843599128816657  
33066     	0.6136363636363636  	49485.97787599999   	78103.791737        	0.6335925154906028  	0.2698303569928554  	0.08442178068544871 
33088     	0.6148867313915858  	49809.64294199999   	78584.063821        	0.6338389810872744  	0.27015375635660105 	0.08449266339296822 
33200     	0.60828025477707    	50065.58871699999   	78990.1575          	0.6338205961546537  	0.26687628319819845 	0.08345495709084039 
33244     	0.6075949367088608  	50433.91471899999   	79605.174505        	0.6335507086393264  	0.26628518976680593 	0.08326721349076119 
33400     	0.5975232198142415  	50671.887470999995  	79976.893727        	0.6335815897522573  	0.2614613720151326  	0.08176727469569722 
33422     	0.5987654320987654  	50951.794970999996  	80428.32068         	0.6335056425425293  	0.2616744911008098  	0.08183973929182227 
33444     	0.6                 	51064.566208        	80597.32486600001   	0.6335764405692029  	0.2619111182458927  	0.08191910320650023 
33466     	0.6012269938650306  	51342.67651799999   	81019.47680300001   	0.6337078261174215  	0.26223549516406885 	0.08201498262937343 
33488     	0.6024464831804281  	51399.67046799999   	81121.362657        	0.6336144855619568  	0.2625758216397033  	0.08211557504338045 
33511     	0.6036585365853658  	51620.08132099999   	81404.35874400001   	0.6341193778497113  	0.26296791652590723 	0.08222625225040298 
33533     	0.6048632218844985  	51852.60804799999   	81665.454521        	0.6349393186156363  	0.26343865769830144 	0.08234229832195364 
33555     	0.6060606060606061  	51955.294399999984  	81853.037215        	0.6347387484661217  	0.2639336830248428  	0.08246966178290653 
33577     	0.6072507552870091  	51983.050465999986  	81882.587768        	0.6348486519903948  	0.26443469402025954 	0.0825964847314713  
33600     	0.608433734939759   	52167.17515599998   	82133.044931        	0.6351545251953784  	0.26489811583106065 	0.08271934933052012 
33644     	0.6077844311377245  	52488.06556299998   	82740.898868        	0.6343666346523062  	0.26460109081944955 	0.08262620820915607 
33755     	0.6017699115044248  	52607.46860099998   	82945.565208        	0.6342408839951584  	0.2618853368267622  	0.08177145242563799 
33800     	0.6011730205278593  	52866.35237199998   	83333.947607        	0.6343915521837015  	0.26157438857809057 	0.0816654781040809  
33866     	0.5988372093023255  	53034.94308299998   	83596.622292        	0.6344149037236316  	0.26045860056957565 	0.08131691098331734 
33888     	0.6                 	53504.48244599998   	84339.988773        	0.6343904383246552  	0.2609469616372172  	0.08148289020900687 
34000     	0.5942857142857143  	53784.77784499998   	84840.70791         	0.6339501304262513  	0.2582440641741729  	0.08066374167837236 
34125     	0.5887323943661972  	53870.84597699998   	84971.71753         	0.6339856077168314  	0.25563326108213624 	0.07987280151924868 
34166     	0.5882352941176471  	54061.169140999984  	85305.45279299999   	0.6337363834429602  	0.2552238962208684  	0.07977137574763019 
34354     	0.5765027322404371  	54121.35431699998   	85373.102573        	0.6339391762261706  	0.24960837069067468 	0.0780232645031758  
34416     	0.5745257452574526  	54341.10994699998   	85791.24741499999   	0.6334108849604957  	0.24827242019945334 	0.07762085147466065 
34479     	0.5725806451612904  	54927.667185999984  	86730.14473599999   	0.6333169090538896  	0.2470195087670491  	0.07725288705516166 
34520     	0.5721925133689839  	55046.99426999998   	86888.367246        	0.6335369856145402  	0.2463595562235822  	0.07708597818124928 
34541     	0.5733333333333334  	55141.41351999998   	87020.42442499999   	0.6336605904229361  	0.2463887459098574  	0.07713041488907926 
34625     	0.5699208443271768  	55343.28291799998   	87353.60397         	0.6335546606297621  	0.24445651725179282 	0.07655405420414943 
34750     	0.5636363636363636  	55783.556219999984  	88166.426742        	0.6327074633889668  	0.24122313826155478 	0.0755933412675278  
34812     	0.5618556701030928  	56304.17745599998   	89129.098887        	0.6317148738077535  	0.23999010674710003 	0.07527791606801161 
34833     	0.5629820051413882  	56512.12171799998   	89425.785368        	0.631944371362739   	0.24002280805620624 	0.07536062189759843 
34854     	0.5641025641025641  	56743.23205699998   	89799.247659        	0.6318898380137261  	0.24009846455091238 	0.07545902623257679 
34979     	0.5580808080808081  	56924.196111999976  	90135.543132        	0.6315399467736795  	0.2371801645040323  	0.07461705113477395 
35000     	0.5591939546599496  	57289.41243899998   	90681.753545        	0.6317633945021875  	0.23737766488536774 	0.07475268619629029 
35054     	0.5603015075376885  	57878.05151399998   	91711.901015        	0.6310855066076287  	0.23757901466426104 	0.07487770639647486 
35081     	0.5614035087719298  	58070.09129599998   	92037.12178999999   	0.6309420608403837  	0.23782507020025925 	0.07501549689653515 
35135     	0.5610972568578554  	58249.66074599998   	92334.35668299999   	0.6308557598552537  	0.23751599237418783 	0.07497718683691175 
35162     	0.5621890547263682  	58717.64416099998   	93043.89307499999   	0.6310746704640722  	0.23788839681297505 	0.07515327741270984 
35216     	0.5618811881188119  	59201.15256799998   	93855.01889599998   	0.6307723685357767  	0.2377431629524174  	0.07517834659295634 
35243     	0.562962962962963   	59601.59247199998   	94538.28621599998   	0.6304492587883702  	0.23827033131416733 	0.07541481474574883 
35270     	0.5640394088669951  	59728.83672699998   	94709.11600599998   	0.6306556247786755  	0.23882881085853036 	0.07565527324432825 
35297     	0.5651105651105651  	60217.41585299998   	95440.14211099998   	0.6309443230183498  	0.23944173159427937 	0.07591936035926493 
35405     	0.5620437956204379  	60382.770193999975  	95737.59710199999   	0.630711152376923   	0.23818341642791388 	0.07557214299305166 
35486     	0.5603864734299517  	60515.59286599998   	95921.63380599998   	0.6308857602278942  	0.23750732609216202 	0.07540847637653116 
35621     	0.5560859188544153  	60672.015075999974  	96160.56439199999   	0.6309448728760534  	0.23570718471375496 	0.07487394555682633 
35756     	0.5518867924528302  	60772.16481099997   	96303.15936299998   	0.6310505824832664  	0.23381893761217806 	0.07429684588939355 
35783     	0.5529411764705883  	61085.113558999976  	96840.97747299998   	0.6307775401795277  	0.2341867946974335  	0.07443988279324085 
35837     	0.5526932084309133  	61380.46040999998   	97330.10470599998   	0.6306420875165887  	0.23396359013955628 	0.07438429478268734 
36000     	0.5473441108545035  	61392.80523099998   	97344.60563499999   	0.6306749596500123  	0.2313748122749966  	0.07356556327895855 
36176     	0.54337899543379    	61911.952107999976  	98169.17875199999   	0.6306658861271023  	0.22924074506661885 	0.07289815128821653 
36264     	0.5419501133786848  	62302.810059999974  	98815.04033799999   	0.6304992625301901  	0.22815934950272568 	0.07256887957706848 
36294     	0.5429864253393665  	62801.79885399997   	99720.788015        	0.6297763997267383  	0.22819249193733565 	0.07260775961273519 
36382     	0.5415730337078651  	63182.81389199997   	100295.063853       	0.629969327150591   	0.22718928513346626 	0.07231574690966124 
36411     	0.5426008968609866  	63339.84948399997   	100532.640529       	0.6300426324297006  	0.22724609967698667 	0.07235805703627046 
36441     	0.5436241610738255  	63595.179576999966  	100916.751087       	0.6301746626997016  	0.2273563778925184  	0.07241293045444175 
36470     	0.5446428571428571  	63676.83867499996   	100998.410185       	0.630473673381218   	0.2274553663205953  	0.07246406074677918 
36529     	0.5444444444444444  	63768.67788999996   	101177.65876        	0.6302644148078522  	0.22706260861718278 	0.0723600438643598  
36588     	0.5442477876106194  	64362.92977999996   	102105.463168       	0.6303573558458858  	0.22676753508996297 	0.07229042401056121 
36647     	0.5440528634361234  	64477.894794999964  	102258.999888       	0.6305351594052347  	0.22650308088818297 	0.07222535044451034 
36676     	0.545054945054945   	64595.61263499996   	102451.298735       	0.6305006713685752  	0.22676118984560267 	0.0723251424566482  
36735     	0.5448577680525164  	65181.38605799996   	103538.78974600001  	0.6295359084059421  	0.22659915908181327 	0.07230834252774432 
36764     	0.5458515283842795  	65301.59036199996   	103706.36811400001  	0.6296777290495478  	0.22695569216733838 	0.07245442011798536 
36794     	0.5468409586056645  	65412.01646799996   	103857.05799700001  	0.6298273581935032  	0.2273356174658825  	0.07260331185291805 
36823     	0.5478260869565217  	65468.530408999955  	103913.57193800001  	0.6300286785258592  	0.22772227709971457 	0.0727527839577088  
36852     	0.5488069414316703  	65572.12392999996   	104059.460093       	0.6301409201181406  	0.2281208331521028  	0.07290440030324458 
36941     	0.5474137931034483  	65864.45569399996   	104590.360368       	0.6297373435014146  	0.22754368905179276 	0.07275348329712904 
36970     	0.5483870967741935  	65984.48137899996   	104762.12585299999  	0.629850538462612   	0.22797225595924037 	0.07292251267376117 
37000     	0.5493562231759657  	66403.09307199996   	105553.70844899998  	0.6290929428034612  	0.2284539586465176  	0.07312133790404735 
37108     	0.5479744136460555  	66720.29278999996   	105992.06040199999  	0.6294838739519494  	0.22797325635189755 	0.07300947928823832 
37189     	0.5466101694915254  	66920.83996799996   	106315.45054399999  	0.62945545191763    	0.2273315838995163  	0.07283051390801885 
37216     	0.547568710359408   	67210.01815299995   	106864.549449       	0.6289271652717279  	0.22769499968690057 	0.07297638633901429 
37243     	0.5485232067510548  	67760.80813899996   	107766.969892       	0.6287715819318971  	0.22813986813975737 	0.07315495316422946 
37297     	0.5483193277310925  	68197.97225399996   	108539.585786       	0.6283234983820668  	0.2280910471376069  	0.07318632739572385 
37324     	0.549266247379455   	68419.66373399996   	108901.82990499999  	0.6282691832973379  	0.22851093508812412 	0.07337350767186757 
37378     	0.5490605427974948  	68616.53760799996   	109193.135669       	0.6283960725882903  	0.22833381747620754 	0.07337093648438273 
37405     	0.55                	68974.87571299996   	109804.99531099999  	0.6281579040884511  	0.2286844028661421  	0.07354180359277097 
37432     	0.5509355509355509  	69367.33789099996   	110494.70802399999  	0.6277887794946074  	0.22909277367356162 	0.07373913410325901 
37486     	0.5507246376811594  	69544.45712199996   	110740.79999399999  	0.627993089500599   	0.2290571299197857  	0.07378853559346324 
37513     	0.5516528925619835  	69768.50765999996   	111103.49597299998  	0.6279596069322146  	0.22952956316518275 	0.07400375547874301 
37594     	0.5503080082135524  	69889.36371999996   	111312.56258899998  	0.6278659128354889  	0.22897032693081007 	0.07387083446138332 
37675     	0.5489795918367347  	70110.00487499997   	111671.93336699998  	0.6278211790655546  	0.22840390250777942 	0.0737457897478949  
37729     	0.5487804878048781  	70372.21615699997   	112012.67233699998  	0.6282522743969448  	0.22827979715582108 	0.07376555244880163 
37756     	0.5496957403651116  	70669.42350499997   	112531.78973399998  	0.627995197375308   	0.2286115632428495  	0.07394223720928061 
37783     	0.5506072874493927  	70797.74674099997   	112690.54710599997  	0.6282492059818076  	0.2289786925330109  	0.0741205357855234  
37810     	0.5515151515151515  	71070.64116199997   	113096.79714099997  	0.6284054275506566  	0.2293845862304725  	0.07430969586199883 
37891     	0.5502008032128514  	71531.97718299997   	113813.58774599998  	0.6285012062236303  	0.22886957070216052 	0.07420527482766469 
37918     	0.5511022044088176  	71654.40638899997   	114015.32031799997  	0.628462966109719   	0.22921999353537229 	0.07437342638627059 
37945     	0.552               	72145.37740199997   	114884.67741099997  	0.6279808502564694  	0.22958563980338834 	0.07455289899434234 
37972     	0.5528942115768463  	72306.31718399997   	115116.26097499997  	0.6281155813400062  	0.229944945710825   	0.07472531112163464 
38045     	0.5526838966202783  	72418.73651199997   	115268.77907399996  	0.6282597689831414  	0.22985919415418377 	0.07475302058648273 
38090     	0.5524752475247525  	72819.57540899997   	115972.57995599996  	0.6279033840294641  	0.22983013793744922 	0.07480385914258061 
38113     	0.5533596837944664  	73109.80273999997   	116435.46811299995  	0.6278997622017316  	0.23030010152730396 	0.07501679622013228 
38181     	0.5520628683693517  	73143.89901999997   	116470.86611199995  	0.6280016751113005  	0.22987174007878589 	0.07493342604952433 
38204     	0.5529411764705883  	73253.32850899997   	116660.97788299994  	0.6279162907623337  	0.2303036945772958  	0.07513128923738764 
38227     	0.5538160469667319  	73582.00750899997   	117241.58853599994  	0.627610120502641   	0.23070052047733564 	0.07532129014054388 
38250     	0.5546875           	73878.63555999998   	117678.15380999993  	0.6278024694310084  	0.23114482959894472 	0.07552526753662187 
38272     	0.5555555555555556  	74000.87869499998   	117811.79556599993  	0.6281279250475694  	0.23162379507674644 	0.07572951911117808 
38318     	0.5553398058252427  	74429.47805899997   	118557.64718699992  	0.6277914569407996  	0.23170120599394894 	0.07580777228748156 
38340     	0.5562015503875969  	74779.58149999997   	119126.46630699992  	0.627732726557053   	0.232282564301595   	0.07605185781372907 
38363     	0.5570599613152805  	75240.44845799997   	119872.64999399992  	0.6276698518116187  	0.232917852360086   	0.07631334333117169 
38409     	0.5568400770712909  	75343.79660799998   	120071.90201199992  	0.6274889907254918  	0.23311851479098378 	0.07643186216288458 
38454     	0.5566218809980806  	75382.25151099998   	120124.40402699992  	0.6275348637239156  	0.2333242624970811  	0.07655102846117685 
38522     	0.5553435114503816  	75403.33001499998   	120154.26927299993  	0.6275543138935639  	0.2329752851979673  	0.07649006627013083 
38568     	0.5551330798479087  	75703.27302399998   	120700.96532199993  	0.6271969144740692  	0.23311971384786154 	0.07659316267196167 
38659     	0.5528301886792453  	76071.18285899998   	121260.09726899993  	0.6273389562787983  	0.23235628770545264 	0.07639091490370985 
38840     	0.5464684014869888  	76431.51456999998   	121875.98278799994  	0.6271253188821508  	0.22970966223498404 	0.07554056416099766 
38886     	0.5462962962962963  	76696.41631099998   	122290.20224999993  	0.6271673028572493  	0.2296973878038816  	0.07555561559085848 
38954     	0.5451197053406999  	77031.66103199997   	122793.71180799993  	0.6273257799425964  	0.22927045769002008 	0.07541683690214573 
39100     	0.541970802919708   	77397.74886199998   	123347.20467599994  	0.627478742346072   	0.2280505296504601  	0.07500652197581029 
39150     	0.5418181818181819  	77450.41007099998   	123438.79599899994  	0.62743977243287    	0.22796331023372596 	0.07496828881150899 
39200     	0.5416666666666666  	77652.16045899998   	123776.41552299993  	0.6273582905991553  	0.22790867345663143 	0.074940203417979   
39225     	0.5424954792043399  	77852.08405299998   	124072.59027699994  	0.6274720619533312  	0.22825122262517186 	0.07503295796808247 
39250     	0.5433212996389891  	77988.62543999999   	124218.21101799994  	0.6278356836800603  	0.22861615167452226 	0.07512786861961188 
39325     	0.5421903052064632  	78098.74996599999   	124328.33554399994  	0.6281653303269772  	0.22812279659757265 	0.0749315445861499  
39375     	0.5420393559928444  	78476.45678         	124955.64593299995  	0.6280345013147972  	0.2280865775671898  	0.07489178464726574 
39425     	0.5418894830659536  	78638.813361        	125238.62074899995  	0.6279118445308168  	0.22805020299383602 	0.07485459580497678 
39450     	0.5427046263345195  	78784.39664899999   	125468.25121999995  	0.6279229676267423  	0.22844215003004056 	0.07495574049799855 
39475     	0.5435168738898757  	78996.86828399998   	125874.58767899995  	0.6275839288979794  	0.22885152562084252 	0.07507164559764778 
39525     	0.5433628318584071  	79497.91618799999   	126727.28837099994  	0.6273148996549677  	0.22891407205046652 	0.0750825332288368  
39575     	0.5432098765432098  	79856.47923699999   	127296.72952599994  	0.627325458669302   	0.22894803749236123 	0.07508938977717095 
39600     	0.5440140845070423  	79981.22519         	127491.07010399994  	0.6273476654071213  	0.22940568256082036 	0.07523277960797448 
39650     	0.543859649122807   	80050.636315        	127577.95623799994  	0.6274644827015686  	0.22940368956648377 	0.07522157681257492 
39700     	0.5437062937062938  	80439.98080199999   	128101.74600799994  	0.6279382077819339  	0.22945537043458267 	0.0752223729679518  
39725     	0.5445026178010471  	80500.68065699999   	128176.61746099994  	0.6280449761556064  	0.22991877518446976 	0.07535556861655858 
39775     	0.5443478260869565  	80863.50214499999   	128769.79814499995  	0.6279694719560285  	0.2299679853950616  	0.07536279418453498 
39900     	0.5413793103448276  	81068.78454099999   	129095.35730499995  	0.6279759879316755  	0.22873663697407542 	0.07495237888031475 
39975     	0.5403087478559176  	81213.03323299998   	129388.82938099996  	0.6276664965710376  	0.22826453909856223 	0.07479268055433062 
40000     	0.541095890410959   	81233.72382499998   	129418.56383299996  	0.6276821610369817  	0.228533418054371   	0.07487851841550895 
40057     	0.5409556313993175  	81710.16034199997   	130302.93934299996  	0.6270784124593851  	0.22836630343471676 	0.07483465811579906 
40076     	0.5417376490630323  	81846.99706399997   	130520.85380899996  	0.6270798472079584  	0.228614329366741   	0.07492392210698065 
40096     	0.5425170068027211  	82016.86103299996   	130741.49503799996  	0.6273208135577905  	0.2288849300916864  	0.0750174924842313  
40134     	0.5423728813559322  	82088.74610999996   	130826.44507499997  	0.6274629419376202  	0.22876311896393664 	0.07497916180189251 
40173     	0.5422297297297297  	82374.83691099996   	131356.38838899997  	0.627109483758448   	0.22867909697280395 	0.0749576496543527  
40192     	0.5430016863406408  	82491.57340099996   	131545.08180299998  	0.6270973590980631  	0.2290013948571846  	0.07506768677420843 
40307     	0.5392320534223706  	82615.89251499996   	131742.07055299997  	0.6271033404000091  	0.22725162559665496 	0.07449465768321643 
40403     	0.5364238410596026  	83035.80313099995   	132485.70965699997  	0.6267529029808288  	0.22589528641471746 	0.07405262190324718 
40423     	0.5371900826446281  	83608.26958599995   	133402.02827199997  	0.6267391183552842  	0.2261230482437021  	0.0741283484972312  
40442     	0.5379537953795379  	83728.07631599995   	133571.25448699997  	0.6268420300278673  	0.22636624891816517 	0.0742072663694421  
40480     	0.537828947368421   	83881.31672399995   	133829.48751899996  	0.6267775381870995  	0.22624537986581464 	0.07417390382840613 
40500     	0.5385878489326765  	83977.59516399994   	133956.96268099995  	0.6268998153084511  	0.22649703122704987 	0.07426111746561734 
40538     	0.5384615384615384  	84107.94075399994   	134173.96868499994  	0.6268573671802169  	0.22638954545452478 	0.07422888398998316 
40557     	0.5392156862745098  	84317.64027199993   	134477.27734999993  	0.6270028805873945  	0.22667889839907507 	0.07432548646396332 
40576     	0.5399673735725938  	84717.46881899993   	135172.26890699993  	0.6267370482423915  	0.22701903356654257 	0.07443979980880738 
40596     	0.5407166123778502  	85295.70182899993   	136190.72444999992  	0.6262959696665302  	0.22743600362203126 	0.0745834417381119  
40615     	0.5414634146341464  	85713.62927799992   	136839.6733389999   	0.6263799612094745  	0.22789100965064762 	0.07474573410388048 
40750     	0.5369774919614148  	85781.55110099992   	136953.24778399992  	0.6263564573239837  	0.22603235969864827 	0.07415535202523    
40769     	0.5377207062600321  	85970.21601599992   	137276.47525199992  	0.6262559980374165  	0.22640300642927627 	0.0742947670666972  
40788     	0.5384615384615384  	86156.89757299992   	137555.99756199992  	0.626340538399039   	0.22678819424990188 	0.07443709719419096 
40826     	0.5383386581469649  	86211.88071099992   	137628.97901099993  	0.6264079071901673  	0.22681376045356708 	0.07446045248096748 
40884     	0.5373608903020668  	86391.01702799991   	137971.63855199993  	0.62615054756663    	0.2264830636456077  	0.07436216425291645 
40903     	0.5380952380952381  	86905.68449299992   	138705.33221899995  	0.6265489805091684  	0.2269475538285414  	0.0745190235857277  
40923     	0.5388272583201268  	87217.29049599991   	139153.31351599994  	0.6267712086207103  	0.2273349268087447  	0.07465016937626676 
40942     	0.5395569620253164  	87320.51315999991   	139346.90580199994  	0.6266412064009151  	0.22773657458305385 	0.0747863681438897  
40980     	0.5394321766561514  	87526.47554099992   	139647.02228399995  	0.6267693654290563  	0.2278092479458464  	0.07481030629298895 
41000     	0.5401574803149606  	87653.96242599993   	139857.08582899996  	0.6267395170322111  	0.2282653085847088  	0.07495695298935479 
41103     	0.5400313971742543  	87894.56290399992   	140324.00417699997  	0.6263686916540144  	0.22835903169687344 	0.07499119576992501 
41275     	0.5373831775700935  	88393.21636399992   	141133.90070799997  	0.6263074705692555  	0.22720911327833634 	0.0746299956620791  
41413     	0.5356037151702786  	88621.61019599992   	141477.96209499997  	0.62639869053593    	0.2263355107516278  	0.07435893065184801 
41482     	0.5354938271604939  	88968.47902499992   	142097.14267899995  	0.6261102605418417  	0.22615723139655633 	0.0743197799555321  
41551     	0.5353846153846153  	89053.05875299992   	142239.04325099997  	0.6260802710536642  	0.2259565905607017  	0.07426896408436605 
41586     	0.5360983102918587  	89134.97448699991   	142348.28200899996  	0.6261752739760102  	0.22612192693602276 	0.07433417393195142 
41620     	0.5368098159509203  	89343.80177899991   	142712.36438599997  	0.6260410733392944  	0.22629368973633196 	0.07440758705936583 
41689     	0.536697247706422   	89638.20950899992   	143196.48188599997  	0.6259805291889903  	0.2260963961357396  	0.07435901013404865 
41724     	0.5374045801526718  	89777.56260099993   	143443.20134399997  	0.6258753413185392  	0.22626003977687068 	0.07443015758325068 
41793     	0.5372907153729072  	89869.66609299992   	143578.11843199996  	0.625928707483119   	0.22609732022130358 	0.07439015022518386 
41827     	0.5379939209726444  	89914.42569999992   	143640.52038799995  	0.6259683928819265  	0.2262839595078758  	0.07446468469299468 
41862     	0.5386949924127465  	90089.08215599992   	143909.47197599994  	0.6260121791776447  	0.22649809237713597 	0.0745447326754812  
41896     	0.5393939393939394  	90319.35844099992   	144261.74106499995  	0.6260797753737407  	0.22674334324103146 	0.07463192546418809 
41931     	0.540090771558245   	90657.44880099992   	144864.16438599996  	0.6258100420158934  	0.22693404708823572 	0.07470026899108424 
41965     	0.540785498489426   	91060.07716899992   	145496.44298899997  	0.6258577549960062  	0.22717483149472764 	0.0747817139014204  
42000     	0.5414781297134238  	91223.00755799992   	145780.49803699998  	0.6257559055316643  	0.22743119101335812 	0.07486927575241743 
42058     	0.5421686746987951  	91461.51844199993   	146171.546533       	0.6257135578800994  	0.22771473887036103 	0.07496569350518868 
42117     	0.5420420420420421  	91759.88968399992   	146699.41522099997  	0.6254959472453611  	0.2275983612522811  	0.07492963647474235 
42147     	0.5427286356821589  	91863.62927299993   	146910.49016        	0.625303401907865   	0.22781152214023592 	0.07500770460828414 
42205     	0.5426008968609866  	92171.24154499992   	147338.224609       	0.6255758937614465  	0.22764553156464634 	0.07495374237642001 
42264     	0.5424739195230999  	92480.81374399993   	147833.449692       	0.6255743469199754  	0.2274569546294664  	0.07489328973877299 
42294     	0.5431547619047619  	92890.48636099993   	148426.726053       	0.6258339642136331  	0.22762183318697105 	0.07495324298574721 
42323     	0.5438335809806835  	92975.45514599993   	148574.858391       	0.6257818863358376  	0.22776526130169097 	0.07501112672863541 
42352     	0.5445103857566765  	93455.54883599993   	149337.550598       	0.6258007343884447  	0.2279227366327939  	0.07506944524623711 
42382     	0.5451851851851852  	93955.44546099992   	149978.639587       	0.6264588458711682  	0.22814873966719537 	0.0751396115783659  
42441     	0.5450516986706057  	94112.54115299993   	150240.47879400002  	0.6264126812457841  	0.22805660273868794 	0.07510476063043137 
42470     	0.5457227138643068  	94213.81462899993   	150399.62170000002  	0.6264232154581272  	0.22831112609191823 	0.07518439098530053 
42529     	0.5455882352941176  	94550.92046399992   	150869.210789       	0.6267078615280575  	0.22823267211540368 	0.07514485060340348 
42588     	0.5454545454545454  	95091.74541999992   	151824.19374000002  	0.6263280118769818  	0.22816521578265944 	0.07512129609286301 
42617     	0.5461200585651538  	95288.25118399992   	152160.160753       	0.6262365307216016  	0.22839630602781547 	0.075205106808526   
42647     	0.5467836257309941  	95590.36181799992   	152693.89605        	0.6260260841513835  	0.22866466630766658 	0.07530080546329058 
42676     	0.5474452554744526  	95693.68707399991   	152838.120555       	0.62611138324986    	0.22879453390590324 	0.07535823094415298 
42705     	0.5481049562682215  	96124.89827899991   	153488.238579       	0.6262688214349706  	0.22896740679886274 	0.07543175711515206 
42735     	0.5487627365356623  	96279.04465799991   	153711.48477        	0.6263620756904611  	0.22914157109988384 	0.07550354719288342 
42764     	0.5494186046511628  	96408.74960899992   	153916.642983       	0.6263698826880483  	0.2293319348721936  	0.07557945917612398 
42794     	0.5500725689404935  	96571.06513899993   	154176.551994       	0.6263667457212179  	0.2295330712783686  	0.07565434253170263 
42823     	0.5507246376811594  	96915.26947299992   	154784.610919       	0.626129877496132   	0.2297743378438888  	0.07574347886371764 
42882     	0.5505780346820809  	97007.85161599993   	154892.377219       	0.6262919670917181  	0.2296538937526026  	0.07571395463622477 
42941     	0.5504322766570605  	97372.90928099993   	155385.596455       	0.6266533803807185  	0.22955630712745012 	0.07568696946045936 
42970     	0.5510791366906475  	97466.49975499992   	155481.221101       	0.626869914352461   	0.22979279526041685 	0.07576615172396658 
43000     	0.5517241379310345  	97603.96918799993   	155725.276748       	0.6267702406844717  	0.2300394449317338  	0.07585122490090523 
43068     	0.5523672883787661  	98100.53199299992   	156515.799645       	0.6267771829777302  	0.23023865326670676 	0.07592148146227563 
43137     	0.5522174535050072  	98366.91424299992   	156963.781066       	0.6266854275231729  	0.2300699494906998  	0.07585675102500476 
43172     	0.5528571428571428  	98411.31863599992   	157082.919475       	0.6264928037046208  	0.2302151843961771  	0.07590065633487886 
43206     	0.5534950071326676  	98685.87652299993   	157418.209463       	0.6269025474222238  	0.23040837660181815 	0.07594911049875851 
43241     	0.5541310541310541  	99313.42116899992   	158438.61729300002  	0.6268258513348418  	0.23065250572946394 	0.07601729516887372 
43344     	0.5531914893617021  	99351.34483899992   	158476.808587       	0.6269140937707512  	0.23018374612774195 	0.07584909337638306 
43379     	0.5538243626062322  	99528.63257999992   	158701.397986       	0.6271440191647205  	0.23039627334810966 	0.07590094139272882 
43413     	0.5544554455445545  	99755.81280199991   	159074.77229999998  	0.6271001451686499  	0.23063582160293142 	0.07596156634107061 
43448     	0.5550847457627118  	100206.06714099992  	159691.45648        	0.627497984862765   	0.23088811519320618 	0.0760177064846791  
43517     	0.5549295774647888  	100599.52177299991  	160337.897302       	0.627421984856883   	0.2308068929478176  	0.07596806400321078 
43551     	0.5555555555555556  	100804.62948799992  	160631.514518       	0.6275520080258222  	0.23105333647267096 	0.0760203149578746  
43586     	0.5561797752808989  	101040.49263599992  	161067.647659       	0.6273171186426901  	0.23132840469441837 	0.07608216388362889 
43655     	0.5560224089635855  	101136.93440699992  	161177.66593000002  	0.6274872751347821  	0.23123233262413634 	0.07602757564722759 
43793     	0.5543175487465181  	101436.52849799993  	161703.68510200002  	0.6272988054292976  	0.2304328388573491  	0.07575200823016943 
43827     	0.5549374130737135  	101583.03309299993  	161907.057024       	0.6274157220827129  	0.23062053408066358 	0.0757984776887614  
44000     	0.5524861878453039  	101751.78133899994  	162207.39959000002  	0.6272943256361337  	0.2294458706605419  	0.07539592811849906 
44040     	0.5531034482758621  	101900.97109499994  	162407.825264       	0.6274388006203279  	0.2295348460808283  	0.07540412632602088 
44061     	0.5537190082644629  	102233.30364299995  	162986.20363300003  	0.6272512725874709  	0.22961755115603455 	0.0754128854062324  
44081     	0.5543328748280605  	102609.36343599994  	163660.03125400003  	0.626966539415787   	0.2297411869089011  	0.07543680349374464 
44183     	0.5519125683060109  	102848.70155199994  	164033.22108400002  	0.626999219257738   	0.2286372072100368  	0.07505537788841707 
44224     	0.5517711171662125  	103417.40113899994  	164931.36455000003  	0.6270329565341605  	0.22849889364343193 	0.07499648462247567 
44244     	0.5523809523809524  	103538.64647999994  	165092.56429500002  	0.627155117022649   	0.22868850318089706 	0.0750428855251518  
44285     	0.5522388059701493  	103814.47144699993  	165565.485526       	0.6270296681532526  	0.22853493177548562 	0.07498730664856837 
44367     	0.5506072874493927  	103948.07076499992  	165717.268531       	0.6272615502684007  	0.22770115089467277 	0.07470365054454517 
44408     	0.550471063257066   	104012.83554599993  	165830.00766        	0.6272256572480938  	0.22749033586685583 	0.0746265615973979  
44428     	0.5510752688172043  	104203.36269999993  	166106.13166        	0.6273300188176805  	0.22760624711202085 	0.07465600517407811 
44448     	0.5516778523489932  	104591.94442099992  	166791.32540600002  	0.627082638538931   	0.22775758798249218 	0.07470031704205612 
44489     	0.5515394912985274  	104905.39389899992  	167252.96610900003  	0.6272259101858455  	0.2276330443806026  	0.07465375362695029 
44510     	0.5521390374331551  	105139.79719399991  	167650.29384400003  	0.627137565841867   	0.22783518432126892 	0.07471701417782275 
44530     	0.5527369826435247  	105473.67916799992  	168083.40433200003  	0.6275079897814733  	0.22807896537214728 	0.074787922112836   
44551     	0.5533333333333333  	105568.53085499992  	168189.30313000004  	0.6276768432377765  	0.2283309934302504  	0.07486026626201388 
44571     	0.5539280958721704  	105793.90756599992  	168550.44632300004  	0.6276691036656336  	0.22857708695064766 	0.07492962730207417 
44591     	0.5545212765957447  	105853.07012899993  	168621.29510600003  	0.627756239580877   	0.22883274537314335 	0.07499959648420133 
44612     	0.5551128818061088  	105920.29923499993  	168745.12365200004  	0.62769398571444    	0.22909623644435775 	0.07507219564480612 
44653     	0.5549668874172186  	106192.45882999993  	169105.60591600003  	0.6279653371322829  	0.22908676373182435 	0.0750525301352528  
44714     	0.554089709762533   	106454.02192399993  	169497.63947900003  	0.6280560735312724  	0.2287467147708706  	0.0749282927942684  
44734     	0.5546772068511199  	106666.01947899992  	169834.58337700003  	0.6280582985988309  	0.2290356518066286  	0.07500834901203414 
44857     	0.5516339869281046  	107086.68457099992  	170484.74702700003  	0.6281305890317588  	0.2277775061368234  	0.07458053649618147 
44979     	0.5486381322957199  	107323.12935199992  	170857.67468400003  	0.6281434506848652  	0.22653593574463646 	0.07416074308452071 
45048     	0.5485122897800776  	107503.93447199992  	171162.47649400003  	0.6280812049115706  	0.22646312853178302 	0.07412406829438467 
45121     	0.5476804123711341  	107661.41466799992  	171410.01585700002  	0.6280929041965505  	0.22607813322837095 	0.07397902726589567 
45146     	0.5482625482625483  	107927.31922799992  	171810.39622900003  	0.6281768833368349  	0.2263095633355435  	0.07403251949818475 
45268     	0.5460358056265985  	108414.22316899992  	172636.32769600002  	0.6279919447771702  	0.22540950387751246 	0.07371849699803018 
45292     	0.5466155810983397  	108568.84417499992  	172818.348808       	0.6282252140692488  	0.22568459080526468 	0.07378720916812656 
45317     	0.5471938775510204  	108600.30419999991  	172856.669692       	0.6282679424144086  	0.2259625083472065  	0.0738561836148573  
45463     	0.5443037974683544  	108771.87974499991  	173100.636205       	0.6283736566755498  	0.22481215438838426 	0.0734549430292988  
45609     	0.5414572864321608  	108963.9796059999   	173407.611779       	0.6283690692013536  	0.22358215508437648 	0.07302752087889765 
45634     	0.5420326223337516  	109067.5439709999   	173536.410989       	0.6284994794430397  	0.22378017588212845 	0.07306347716913236 
45682     	0.541927409261577   	109384.5793599999   	174039.559466       	0.6285041153610196  	0.22370089774942675 	0.07301062273029242 
45804     	0.5398009950248757  	109455.74426999991  	174146.85460000002  	0.6285255310606104  	0.22268697781267327 	0.07265981450922789 
45853     	0.5397022332506204  	110011.94740499991  	175130.97990500001  	0.62816954181765    	0.2225235423824402  	0.07259097261583435 
45951     	0.5382716049382716  	110137.2488199999   	175281.260248       	0.6283458292356532  	0.22177102116567252 	0.0723267463033784  
45975     	0.5388409371146733  	110698.5569679999   	176243.820899       	0.628098939317923   	0.2218977384254964  	0.0723535838674642  
46000     	0.5394088669950738  	110874.0678449999   	176470.09580900002  	0.6282881376400618  	0.22202339565337803 	0.07237713502785742 
46131     	0.5379901960784313  	111116.83663199989  	176782.52061300003  	0.6285510368711685  	0.22135726860937793 	0.07213953042582394 
46157     	0.5385556915544676  	111551.4945109999   	177566.96181300003  	0.6282221274274964  	0.22150425006405414 	0.07217433768383419 
46184     	0.539119804400978   	111939.39978399989  	178203.76696700003  	0.628153948085334   	0.22167579441202262 	0.07222395083176406 
46210     	0.5396825396825397  	112018.3616069999   	178332.54818300004  	0.6281431109931188  	0.22185219267302725 	0.07227673393791163 
46236     	0.5402439024390244  	112241.66837299989  	178698.33984000003  	0.6281069453331071  	0.22200011134748812 	0.07231607403543762 
46394     	0.5375302663438256  	112408.98681199989  	179028.25986900003  	0.6278840384990206  	0.22076352930152815 	0.07191824547115681 
46421     	0.5380894800483675  	112822.67837999988  	179862.22492100004  	0.6272727829846118  	0.22089917843224763 	0.07197859382646025 
46631     	0.5341317365269461  	112882.43956899988  	179930.08648000006  	0.6273683394330343  	0.21910572916737608 	0.07140660736375938 
46710     	0.5334128878281623  	113110.42711199987  	180333.75186400005  	0.627228269488359   	0.21858452755213464 	0.07124388420135898 
46736     	0.533969010727056   	113251.38406099987  	180542.53382700004  	0.6272836747130176  	0.2186031543190985  	0.07125440771072178 
46763     	0.5345238095238095  	113332.54785399987  	180656.27810900004  	0.6273379981049981  	0.2186327280781833  	0.07126716549699656 
46815     	0.5344418052256532  	113691.61553399987  	181306.50320700003  	0.6270686021901632  	0.21842881225369823 	0.07121020490738957 
46842     	0.534994068801898   	113873.68364699987  	181569.26690900003  	0.6271638674626129  	0.21848451647748227 	0.07123669563933958 
46868     	0.5355450236966824  	114063.90157799987  	181824.49874400004  	0.6273296633067925  	0.21854729439590725 	0.07126571899445201 
46921     	0.5354609929078015  	114330.59797599987  	182355.54054200003  	0.6269653098347583  	0.21833684927143548 	0.07120940090747718 
46973     	0.535377358490566   	114583.23079499988  	182699.28395700004  	0.6271684722200012  	0.218155083837668   	0.07115810266623272 
47000     	0.535924617196702   	114763.79038199988  	182979.14437500003  	0.6271960161033509  	0.21824337333504645 	0.07119545121354846 
47047     	0.5364705882352941  	114826.81741399987  	183044.51024000003  	0.6273163683709713  	0.21834135653459125 	0.07123282852907295 
47071     	0.5370152761457109  	114931.89415199988  	183202.52080800003  	0.6273488685914471  	0.21845045354315054 	0.07127316344581022 
47095     	0.5375586854460094  	115000.14230999988  	183290.39674800003  	0.6274204450989858  	0.218555354636571   	0.07131159873262417 
47166     	0.5368421052631579  	115223.53364699987  	183588.68098400004  	0.627617852197771   	0.21817883345894792 	0.07118709547657812 
47214     	0.5367561260210035  	115308.06735899988  	183731.80028000002  	0.6275890574373894  	0.21805168657185237 	0.07113620722553415 
47261     	0.5366705471478463  	115585.81035099988  	184113.39266600003  	0.627796862994557   	0.2179435171646224  	0.07108415959827857 
47285     	0.5372093023255814  	115725.59480299988  	184332.639679       	0.6278084825591734  	0.21810197193063927 	0.07111899283880581 
47357     	0.5365005793742758  	116240.61683099989  	185214.87204100002  	0.6275987211505798  	0.21775324400512944 	0.07100147726706095 
47428     	0.535796766743649   	116604.8187389999   	185849.309658       	0.6274159368876653  	0.2174079633352497  	0.07089430032934017 
47500     	0.5350978135788262  	116842.5269329999   	186232.995331       	0.6273997082274846  	0.21700871735870655 	0.07075951329125203 
47523     	0.535632183908046   	117304.5486369999   	187010.511372       	0.6272617928072423  	0.21712727855776112 	0.07080002977703888 
47547     	0.5361653272101033  	117656.0603919999   	187547.387515       	0.6273404388668959  	0.21725570319255177 	0.07083528246374003 
47571     	0.536697247706422   	117820.8693109999   	187761.589704       	0.62750251261049    	0.21740221335114232 	0.07087297338107922 
47595     	0.5372279495990836  	118105.6706429999   	188221.998143       	0.6274806973054773  	0.2175468544345332  	0.07091452704862074 
47619     	0.5377574370709383  	118237.2823689999   	188383.012485       	0.6276430173257503  	0.21770911332715565 	0.0709573316301948  
47642     	0.5382857142857143  	118372.46382499991  	188613.52183200003  	0.6275926703199756  	0.21786507903457994 	0.07099913426791331 
47666     	0.5388127853881278  	118529.0931489999   	188884.27814300003  	0.6275222814429489  	0.21803653971559112 	0.07104683954801294 
47690     	0.5393386545039909  	118782.2765339999   	189286.74014400004  	0.6275256071483728  	0.21823431237365806 	0.07110111808869994 
47714     	0.5398633257403189  	118840.9157519999   	189361.24072800003  	0.6275883876505853  	0.2184413094955392  	0.0711560169713851  
47738     	0.540386803185438   	119171.7548429999   	189960.14193300004  	0.6273513676623406  	0.21867155058316962 	0.07122225428768358 
47761     	0.5409090909090909  	119301.2604689999   	190162.70693300004  	0.6273641261902801  	0.2189091540017482  	0.0712923014116453  
47785     	0.5414301929625426  	119640.4547659999   	190650.20629700003  	0.6275390784504097  	0.2191809833737911  	0.07136948593851812 
47857     	0.5407239819004525  	119824.1793929999   	190915.10896500002  	0.6276306785911164  	0.21897139145863823 	0.07128882106189324 
47904     	0.5406320541760722  	119892.1054069999   	190993.95337400003  	0.6277272305695976  	0.21902038273344052 	0.07128955758483557 
47928     	0.5411499436302142  	120187.07326399989  	191370.65583100004  	0.6280329277344247  	0.21935025199712535 	0.07137533126519455 
48166     	0.5368303571428571  	120614.09768199989  	192054.23993400004  	0.6280210097077225  	0.21763390335630436 	0.07080640045525469 
48238     	0.5361512791991101  	120916.70172099989  	192533.30061500004  	0.6280300671871378  	0.21739118759056542 	0.07071665668599061 
48261     	0.5366666666666666  	121197.90005299989  	192982.71068300004  	0.6280246537322386  	0.21766226526428867 	0.070792036655354   
48333     	0.5359911406423035  	121233.07682899988  	193024.53423600004  	0.6280708165355557  	0.21742855065135472 	0.07070418046802779 
48357     	0.536504424778761   	121474.39755299989  	193523.45605100004  	0.627698574796986   	0.2176936182209135  	0.07078249154067202 
48476     	0.5346534653465347  	121613.04681899988  	193800.06144300004  	0.6275181024891903  	0.2169919175253275  	0.0705492203248279  
48500     	0.5351648351648352  	121802.02646499989  	194113.14988300003  	0.6274795218068171  	0.21722666533678925 	0.07061854274638713 
48523     	0.535675082327113   	121945.61943399989  	194307.98024500004  	0.6275893521215159  	0.21747423742381639 	0.07069045494347401 
48595     	0.5350109409190372  	122105.8235669999   	194605.02595800004  	0.6274546249044615  	0.21716580639184108 	0.07059372933032154 
48690     	0.5337690631808278  	122284.81344499989  	194876.13375600005  	0.6275002027601282  	0.21663922263500374 	0.07042527335001783 
48714     	0.5342763873775843  	122397.4369589999   	195013.82834100004  	0.6276346554510814  	0.21681091831562135 	0.07047560056935344 
48738     	0.5347826086956522  	122470.4261669999   	195131.55798100005  	0.6276300329592246  	0.21695375276558043 	0.07050943532538183 
48785     	0.53470715835141    	122846.28877099989  	195712.85579100004  	0.6276863534308973  	0.216871395876503   	0.07047218662745369 
48833     	0.5346320346320347  	123007.6035479999   	195960.55812600005  	0.6277161318805167  	0.21677591298070584 	0.07043890225531954 
48880     	0.5345572354211663  	123136.6906569999   	196141.82985900005  	0.627794136240693   	0.21668418066037545 	0.07040618833578713 
48904     	0.535059331175836   	123209.9789009999   	196257.42501900005  	0.6277977961296074  	0.21683420847898097 	0.07045146118955892 
48928     	0.5355603448275862  	123436.0778669999   	196629.99365300004  	0.6277581338116297  	0.21700466400001756 	0.07050263422264359 
48952     	0.5360602798708288  	123631.4062539999   	196955.12106700003  	0.6277135907115767  	0.21717615733377332 	0.07055332062457736 
49125     	0.5342612419700214  	123918.3264079999   	197326.24056900002  	0.627987063710712   	0.21640534249939256 	0.07029125644345706 
49156     	0.5347593582887701  	124413.3126169999   	198174.949618       	0.6277953538366868  	0.21657370572162415 	0.07034001761710676 
49218     	0.5346851654215582  	124590.48333099991  	198460.95902900002  	0.6277833380458178  	0.2165056442565588  	0.0703142052558793  
49250     	0.535181236673774   	124962.5889269999   	199021.31093500002  	0.6278854678422475  	0.2166817496391729  	0.0703681097025048  
49281     	0.5356762513312034  	125087.5461299999   	199218.461496       	0.6278913369306963  	0.21687045069716868 	0.07042512793136906 
49312     	0.5361702127659574  	125604.7316799999   	200082.342465       	0.6277651997300645  	0.21709976416248739 	0.07049679151308835 
49343     	0.536663124335813   	125773.44732399989  	200354.891229       	0.6277533158910724  	0.2173476628651791  	0.0705715735869004  
49406     	0.5365853658536586  	126062.20197299989  	200769.904151       	0.6278939191911349  	0.21738783255581084 	0.07057850708227087 
49437     	0.5370762711864406  	126295.26024399989  	201121.591218       	0.6279547585077813  	0.21768205083990427 	0.07066539432894658 
49468     	0.5375661375661376  	126383.8134299999   	201252.20139799998  	0.6279872346840122  	0.21798072555299547 	0.07075179603309648 
49562     	0.5369198312236287  	126681.7644229999   	201737.23653799997  	0.6279542963757098  	0.21778188392749118 	0.07067197419540416 
49593     	0.5374077976817703  	127117.25735499989  	202394.53826599996  	0.6280666387742845  	0.21807061096512628 	0.07074641168309367 
49625     	0.5378947368421053  	127624.37679699989  	203226.83072399997  	0.6279898000787362  	0.21837911111519973 	0.07083050102818686 
49656     	0.5383806519453207  	127694.52554599989  	203325.71619099996  	0.6280293901733822  	0.2186868006918539  	0.07091364173349284 
49718     	0.5383001049317944  	127909.05394199988  	203747.84137499996  	0.6277811488887481  	0.21876067976340044 	0.07092443876450558 
49750     	0.5387840670859538  	128174.65400999988  	204218.62073799997  	0.6276345102459592  	0.21908759223620816 	0.07101831314563219 
49812     	0.5387029288702929  	128655.26382599988  	204916.54291699996  	0.6278422522388093  	0.21918746770713401 	0.07103675739732018 
49843     	0.5391849529780565  	128795.26440099988  	205104.42813899997  	0.6279497013770706  	0.21953080154887655 	0.07113160458828591 
49875     	0.5396659707724426  	129165.32411799987  	205657.14616799998  	0.6280614436441005  	0.21988566690383157 	0.071230014841982   
49906     	0.5401459854014599  	129286.61431999988  	205853.66772799997  	0.6280510604786979  	0.2202484571018409  	0.07133219405651918 
50000     	0.5395010395010394  	129771.48370399988  	206735.39397099998  	0.6277177855776535  	0.22016208268313006 	0.07129782526867985 
50146     	0.5377456049638056  	129910.47264799988  	207014.328518       	0.6275433858999963  	0.21945670331169323 	0.07105502069641469 
50170     	0.5382231404958677  	130065.66031399988  	207308.832956       	0.6274004752204915  	0.21967077433030657 	0.07111297538610147 
50195     	0.5386996904024768  	130409.43967499987  	207817.212015       	0.6275199171933221  	0.21987745356747093 	0.07117343257311333 
50219     	0.5391752577319587  	130574.20830399987  	208106.941332       	0.6274380252203623  	0.2200955694413874  	0.07123964318459987 
50243     	0.5396498455200824  	130980.93905399987  	208669.363223       	0.6276960691830149  	0.22026858783940315 	0.07129573313411781 
50341     	0.5384615384615384  	131162.77067899986  	208964.882858       	0.6276785308856427  	0.21968087831377967 	0.07109880400411252 
50390     	0.5383828045035824  	131482.45433999985  	209427.025968       	0.6278198992334928  	0.2195795776321037  	0.07105421197873305 
50463     	0.5377551020408163  	131798.75411099984  	209872.895824       	0.6279932127182666  	0.21926934696791459 	0.07093847137266639 
50512     	0.5376782077393075  	132332.16776699983  	210929.798199       	0.6273754059260613  	0.2192150624162803  	0.07091402100208766 
50560     	0.5376016260162602  	132515.92800599983  	211244.955638       	0.6273093130473885  	0.2191789074203732  	0.07089445726082355 
50609     	0.537525354969574   	132793.38256199984  	211665.46016000002  	0.6273738873674525  	0.21915687975372872 	0.07087540766829328 
50634     	0.5379939209726444  	133312.23653199984  	212426.049077       	0.6275700984471868  	0.21940420656121215 	0.07093774698208695 
50682     	0.537917087967644   	133563.71348499984  	212796.424688       	0.6276595750179056  	0.21945157433381177 	0.07093442170190141 
50731     	0.5378405650857719  	134092.44261199984  	213741.647081       	0.6273575807207281  	0.2195363883132516  	0.07094699371171805 
50829     	0.5366834170854271  	134305.21607999984  	214078.277123       	0.6273649895025731  	0.219110934063954   	0.07079836342017723 
50926     	0.5355355355355356  	134354.69841299983  	214145.437595       	0.6273993035849615  	0.21860897637949175 	0.07062257817402527 
50951     	0.536               	134682.49127199984  	214627.489564       	0.6275174328581928  	0.21879610122198204 	0.07066688054836513 
