25166     	1.0                 	229.018936          	294.33324           	0.7780940270286836  	0.008395843343559384	0.0035210097753810097
25187     	1.0                 	1058.7085519999998  	1368.237465         	0.7737754440162182  	0.01839301583475776 	0.00914463816063054 
25208     	1.0                 	1579.5103279999998  	2022.596673         	0.7809319322458906  	0.029680155476963274	0.013008692009072198
25229     	1.0                 	1823.83531          	2316.416202         	0.7873521642722476  	0.037505232773430444	0.015592105301339258
25250     	1.0                 	1971.456771         	2484.238508         	0.7935859478271963  	0.04311270827872023 	0.017280803716644526
25270     	1.0                 	2531.51796          	3250.7536           	0.7787480293800183  	0.05054550349274301 	0.019686101744228694
25291     	1.0                 	2765.572696         	3511.91255          	0.7874833603131719  	0.05645770386316269 	0.02169678458869096 
25312     	1.0                 	3184.9372550000003  	4075.942493         	0.7813989673479921  	0.06338834807946395 	0.023847774572742033
25333     	1.0                 	4204.481673         	5383.136012         	0.781046896015155   	0.07356030417186742 	0.026944362006582   
25354     	1.0                 	5029.28601          	6458.3059           	0.7787314642373938  	0.08451521359812389 	0.03051641082420812 
25395     	0.9166666666666666  	5622.102541         	7214.216483         	0.779308820888346   	0.08798353652631252 	0.03124899863743155 
25458     	0.8                 	6026.109926         	7726.6121           	0.7799161971648609  	0.08547733938549591 	0.029937616072743346
25479     	0.8125              	6798.1225589999995  	8731.601391         	0.7785653804589715  	0.09614226931760107 	0.03326970256905115 
25541     	0.7368421052631579  	7134.393601         	9101.362873         	0.7838818977501503  	0.09420283071161606 	0.031878558089278586
25562     	0.75                	8129.258207         	10412.382826000001  	0.7807298620159281  	0.10403294348048134 	0.03468533303122877 
25604     	0.7272727272727273  	8309.820842         	10621.876395000001  	0.7823307797021298  	0.10813828187924658 	0.03559348224485889 
25645     	0.7083333333333334  	8951.574223         	11388.964495000002  	0.7859866651555487  	0.11270770670927954 	0.036592528030393215
25666     	0.72                	10020.655035        	12746.505031000002  	0.7861492236993098  	0.1228764395545645  	0.039417543349838456
25687     	0.7307692307692307  	10827.650522        	13852.812951000002  	0.7816210729401625  	0.13311308159028779 	0.042521847388377804
25708     	0.7407407407407407  	11648.84054         	14912.017641000002  	0.7811713223817529  	0.1434852112000173  	0.045786639479816475
25729     	0.75                	12015.831581999999  	15357.716528000003  	0.7823970158644926  	0.15372124238037224 	0.048939893448245085
25791     	0.7096774193548387  	12732.296132999998  	16309.073568000003  	0.7806878839508093  	0.15325074950677153 	0.04874094939259946 
25854     	0.6764705882352942  	13531.575633999999  	17349.647971000002  	0.7799337287199184  	0.15226325260295537 	0.048599945117732433
25875     	0.6857142857142857  	13890.296113999999  	17765.536427000003  	0.7818675316152893  	0.16045001869299158 	0.0513233145996775  
25895     	0.6944444444444444  	14257.750853        	18224.585507000003  	0.7823360837218297  	0.168633334762298   	0.05399456632568827 
25916     	0.7027027027027027  	15268.353249        	19503.479449000002  	0.7828527873154885  	0.17726591224566682 	0.05682370187141057 
26066     	0.627906976744186   	16265.148591        	20801.405624000003  	0.7819254566255747  	0.1631198213142074  	0.052409483433962   
26088     	0.6363636363636364  	16465.863131        	21091.795706000004  	0.7806762098646697  	0.16993181593443368 	0.054733405053687574
26133     	0.6304347826086957  	16754.843407999997  	21444.287695000003  	0.7813196524082539  	0.17243587478250236 	0.05550248105696107 
26155     	0.6382978723404256  	17056.331444999996  	21823.681345000005  	0.7815515253987041  	0.17879092001201416 	0.05748205601200274 
26177     	0.6458333333333334  	17970.526491999997  	23010.898978000005  	0.7809571676961014  	0.18528882629161522 	0.059574105781278336
26200     	0.6530612244897959  	18676.392944999996  	23824.008634000005  	0.7839315890083384  	0.19150762865985524 	0.061573729966418606
26222     	0.66                	18900.353677999996  	24093.986242000006  	0.7844427853558492  	0.19763810161584927 	0.0635423470118443  
26288     	0.6415094339622641  	19318.242103999997  	24657.984146000006  	0.7834477461586731  	0.19625133815054907 	0.06308864620012695 
26311     	0.6481481481481481  	20368.623158999995  	25958.696746000005  	0.78465507564969    	0.20308576186837138 	0.065194486985023   
26422     	0.6101694915254238  	20491.776667999995  	26118.125241000005  	0.784580687890729   	0.19546659388171464 	0.06262643318696294 
26511     	0.5873015873015873  	20731.740191999994  	26394.375873000005  	0.785460519761993   	0.19163560862212584 	0.06120967840265285 
26555     	0.5846153846153846  	21316.939086999995  	27065.535802000006  	0.7876045478259027  	0.19442558444010816 	0.06185821670344565 
26644     	0.5652173913043478  	21583.107992999994  	27380.129045000005  	0.7882763429466514  	0.19109171841781786 	0.06058650331698213 
26688     	0.5633802816901409  	21863.088739999996  	27684.197147000006  	0.7897317239835212  	0.1935457246263758  	0.06110541804707194 
26711     	0.5694444444444444  	22899.280956999995  	29006.609035000005  	0.7894504638363355  	0.19912508049594338 	0.06263269602344324 
26933     	0.5121951219512195  	23182.778232999994  	29356.011755000003  	0.7897114371829285  	0.18081625810233687 	0.05670935779306505 
26955     	0.5180722891566265  	23903.467439999993  	30256.531551000004  	0.7900266889385067  	0.18462005865350267 	0.05775500442116042 
26977     	0.5238095238095238  	24056.599650999993  	30435.758964000004  	0.7904057749785244  	0.1879980768590866  	0.058636652184889525
27044     	0.5232558139534884  	25024.792758999993  	31634.428845000002  	0.7910619433533822  	0.18904938697179174 	0.05878578524093952 
27066     	0.5287356321839081  	25915.388194999992  	32956.573087000004  	0.7863496039648168  	0.192502724856414   	0.059786101302696855
27111     	0.5280898876404494  	26166.29713999999   	33235.821480000006  	0.7872920233292813  	0.1935867165285346  	0.06008981252885446 
27133     	0.5333333333333333  	26814.619530999993  	33984.051771000006  	0.7890353896495066  	0.19677381976206296 	0.06098737073365398 
27177     	0.532608695652174   	27172.225178999994  	34395.026122        	0.7900044931676877  	0.19763682803059654 	0.061099862941844295
27200     	0.5376344086021505  	27791.726650999994  	35178.222356000006  	0.790026464946141   	0.20073090778229094 	0.06192317471107564 
27311     	0.5204081632653061  	28024.077637999995  	35435.90558900001   	0.7908384778714167  	0.1950145970611519  	0.06006643928524623 
27355     	0.52                	28374.084142999996  	35849.86134000001   	0.7914698434646718  	0.19564250534392985 	0.06017157665485178 
27422     	0.5145631067961165  	29401.310176999996  	37189.87468700001   	0.7905729832232383  	0.19477784497077327 	0.059814444047036744
27444     	0.5192307692307693  	29948.236846999996  	37930.98404900001   	0.7895454757596655  	0.19750299363658325 	0.060577745219094044
27488     	0.5188679245283019  	31004.851891999995  	39240.05544000001   	0.7901327239307281  	0.19845537253938295 	0.06084583185778475 
27511     	0.5233644859813084  	31469.746986999995  	39846.05599300001   	0.7897832345697771  	0.20139710620102907 	0.06172433575907085 
27533     	0.5277777777777778  	32088.558489999996  	40791.98507000001   	0.786638807474931   	0.2040929032749798  	0.06257438676452573 
27666     	0.5087719298245614  	32326.415157999996  	41055.87397600001   	0.7873761298297295  	0.19755918931475416 	0.06061094983786194 
27688     	0.5130434782608696  	32762.801901999996  	41541.43962200001   	0.7886775759367058  	0.20020939936321158 	0.061423203329618876
27711     	0.5172413793103449  	33214.495011        	42144.00695300001   	0.7881190568339073  	0.2024914776354204  	0.062138539758215434
27733     	0.5213675213675214  	33736.697627        	42862.094178000014  	0.7870986771410754  	0.20483110015451506 	0.06289628053575762 
27800     	0.5166666666666667  	33906.139728        	43112.16913500001   	0.786463321338053   	0.20340734537147442 	0.0625200274176293  
27933     	0.5                 	34422.487321        	43712.344846000015  	0.7874774835866509  	0.19687997263340246 	0.06059605200949372 
27955     	0.5039370078740157  	34864.939037000004  	44292.55341900002   	0.7871512555888033  	0.19853119946152298 	0.06118139176841241 
28060     	0.5                 	35821.275207000006  	45505.06555100002   	0.7871931349456719  	0.19671057841304293 	0.06056608760698642 
28121     	0.5                 	36369.477236000006  	46245.58290000002   	0.7864421844275205  	0.19660050433882684 	0.06047252354737193 
28181     	0.5                 	36847.853732        	46886.23738900002   	0.7858991419227186  	0.19659901222671755 	0.06043347729319991 
28212     	0.5037037037037037  	37058.06711         	47099.692707000024  	0.7868006133401456  	0.1979817853773694  	0.06082754835808753 
28333     	0.49640287769784175 	37190.549899000005  	47263.732468000024  	0.7868728929561354  	0.1948077646271492  	0.059833649348809734
28424     	0.49295774647887325 	37607.91770800001   	47781.50683600002   	0.7870810319373409  	0.19291231651073523 	0.05919630987321475 
28454     	0.4965034965034965  	38584.791217000005  	48993.49410700002   	0.7875492842525625  	0.19386475113438725 	0.059424161713557175
28484     	0.5                 	39584.466744000005  	50357.32051900002   	0.786071743612026   	0.1948701929903872  	0.05970300967823669 
28515     	0.503448275862069   	40105.008285        	51021.072612000025  	0.7860479255304289  	0.19593598474927534 	0.05997328687304155 
28575     	0.5034013605442177  	40448.440359        	51425.53627600003   	0.786543870771009   	0.19577365458111026 	0.05984623296128661 
28606     	0.5067567567567568  	40994.949323        	52109.95149700003   	0.7867009687268675  	0.19703565279107954 	0.060165929171811225
28666     	0.5066666666666667  	41599.898336        	52827.70290100003   	0.7874636989982108  	0.19711264844423218 	0.06011084108655575 
28696     	0.5099337748344371  	42420.953361        	53842.59550000003   	0.7878697705239707  	0.19874011597020752 	0.06051102750221793 
28727     	0.5131578947368421  	43418.135519        	55176.62100600003   	0.7868937011253121  	0.20031501001668478 	0.06093895911277123 
28787     	0.512987012987013   	43689.055523        	55508.84559800003   	0.7870647471107579  	0.20065813778541688 	0.06098530789694385 
28818     	0.5161290322580645  	44013.411394        	55869.24072900003   	0.7877932619040225  	0.20242039909512832 	0.06143488617689324 
28848     	0.5192307692307693  	44603.627550000005  	56577.240528000024  	0.7883669675958429  	0.20432043757864596 	0.061913182175035004
28878     	0.5222929936305732  	45551.090930000006  	57756.66964400002   	0.788672394214683   	0.20638474991166125 	0.06245089857954099 
28939     	0.5220125786163522  	46287.417142000006  	58792.99581200002   	0.7872947534432742  	0.20682133684735476 	0.06250952540276039 
28969     	0.525               	46897.536931        	59532.51102000002   	0.7877634611320984  	0.20868799303253768 	0.06300052662057526 
29111     	0.5182926829268293  	47054.119014        	59695.83250800002   	0.7882312221325356  	0.20632675788156968 	0.06224002763797994 
29194     	0.5149700598802395  	47589.88505600001   	60270.41938500002   	0.7896060047633264  	0.2048185525273847  	0.06169615284727001 
29305     	0.5087719298245614  	48013.534165000005  	60780.44236100002   	0.789950390288835   	0.20173563108715323 	0.06068236401388742 
29361     	0.5086705202312138  	48804.663508000005  	61805.056876000024  	0.7896548595678374  	0.20110758793670258 	0.060379511217547775
29388     	0.5114942528735632  	48959.059431        	62029.69100500002   	0.7892842707704858  	0.2015787105026638  	0.06043332911415282 
29416     	0.5142857142857142  	49245.425716        	62384.73787400002   	0.7893825860976156  	0.20197414200630634 	0.060483142230377346
29444     	0.5170454545454546  	49814.895508        	63161.55791500002   	0.7886901012644217  	0.2022884919025704  	0.06053935831644286 
29500     	0.5168539325842697  	50523.761262        	64182.16663800002   	0.7871931395984791  	0.20140698451075256 	0.06023998870858478 
29527     	0.5195530726256983  	50870.419121        	64627.91795300002   	0.7871276180983423  	0.20157224811380492 	0.060241962969757736
29555     	0.5222222222222223  	51236.291224        	65035.29586300002   	0.7878228359555973  	0.2018191872077984  	0.06025477956627346 
29583     	0.5248618784530387  	52385.383623        	66704.24893100002   	0.7853380326220044  	0.20228039939422457 	0.06038734308086073 
29611     	0.5274725274725275  	52821.540722        	67251.94412100002   	0.7854277138362458  	0.20284909643376475 	0.060544001993429936
29638     	0.5300546448087432  	53135.050992        	67637.33301600002   	0.7855876129744882  	0.2034555563607713  	0.06071582869232478 
29666     	0.532608695652174   	53415.862451999994  	67974.76705100002   	0.7858189850348911  	0.20413431221905567 	0.06089992331484102 
29694     	0.5351351351351351  	54048.63686399999   	68806.77902800002   	0.7855132535997014  	0.20485956726855298 	0.061105953838670596
29722     	0.5376344086021505  	54208.351795999995  	68972.15984700002   	0.7859454005246411  	0.20562446460141226 	0.06131123294001573 
29750     	0.5401069518716578  	54490.864217999995  	69376.06450500002   	0.7854418466483174  	0.20645037206905414 	0.06153910853678071 
29833     	0.5368421052631579  	55149.883203        	70156.00365300002   	0.7861035454040101  	0.20511742599713884 	0.06113472701010305 
30064     	0.5228426395939086  	55954.735652999996  	71327.21772900003   	0.7844794376474056  	0.19933849017502323 	0.059448204202925695
30129     	0.5226130653266332  	56158.629036        	71535.28097500003   	0.7850479968845887  	0.19877859857762648 	0.05930927633000535 
30225     	0.5198019801980198  	57104.071186        	72911.23403400004   	0.7831998997489354  	0.19729842565832087 	0.05890797149134221 
30258     	0.5221674876847291  	58001.077172        	73989.55794200004   	0.7839089566863838  	0.19787751546485133 	0.05912759611358782 
30290     	0.5245098039215687  	58551.735918        	74676.34236300005   	0.7840734302890908  	0.1984167327111207  	0.05930864838093325 
30387     	0.5217391304347826  	59079.655227999996  	75309.91374700004   	0.7844870919182725  	0.19709652516388473 	0.058919834586608676
30419     	0.5240384615384616  	59574.55263699999   	75890.78909500004   	0.7850037316442263  	0.1977819250529736  	0.05912274731410183 
30483     	0.5238095238095238  	60457.693224999995  	76992.75690500005   	0.7852387114751279  	0.19768414764091807 	0.05909694186319532 
30516     	0.5260663507109005  	60695.781085999995  	77331.33408100005   	0.7848795292012513  	0.19857765981321254 	0.059367031430341825
30548     	0.5283018867924528  	61025.154775999996  	77785.33576400005   	0.784532896549418   	0.19946761209079808 	0.05964341150549718 
30580     	0.5305164319248826  	61651.434117        	78590.44776900005   	0.7844647265302688  	0.20040705137486775 	0.05992233187529289 
30774     	0.5205479452054794  	61997.335247999996  	78986.69725000006   	0.7849085657015485  	0.19646035747801924 	0.05875337291949031 
30870     	0.5180180180180181  	62562.586268        	79712.53333700006   	0.7848525651983063  	0.19538968738279666 	0.05846002034063109 
30967     	0.5155555555555555  	63477.83218         	80956.36882200006   	0.7840993006933108  	0.1943698450688383  	0.058205051589094774
31000     	0.5176991150442478  	64006.748021        	81645.82366000007   	0.7839561798965377  	0.19498339315702068 	0.0584056770346804  
31071     	0.5175438596491229  	64226.911313        	81909.35501200007   	0.7841218051783032  	0.194504283889863   	0.058223030271980857
31119     	0.5173913043478261  	64541.388879        	82288.23935700007   	0.7843330879761934  	0.19407453790256018 	0.05803323844228527 
31142     	0.5194805194805194  	64715.495028        	82539.51893200006   	0.7840546669688694  	0.19454462523713328 	0.05810743078953303 
31238     	0.5148936170212766  	65748.268162        	83890.34121100006   	0.7837406215410505  	0.19272293588500317 	0.057505419149638554
31261     	0.5169491525423728  	66209.83495399999   	84368.76511800007   	0.7847671452983508  	0.1934020776649589  	0.05763998723810087 
31285     	0.5189873417721519  	67241.02126699999   	85896.77164200007   	0.7828119728090204  	0.1942589463385476  	0.057855884000525826
31309     	0.5210084033613446  	67482.71447499999   	86213.90954900006   	0.7827358117502592  	0.19502974640201856 	0.05804399460438146 
31333     	0.5230125523012552  	68072.79557199999   	87068.67340800006   	0.7818287899370396  	0.19590663230659117 	0.058276904149067596
31357     	0.525               	68354.90061799999   	87443.34172400006   	0.7817050363165503  	0.1968287875237595  	0.05852048915072297 
31476     	0.5183673469387755  	69209.96552399998   	88598.88231800006   	0.7811607066959472  	0.19450774638728707 	0.05783055757869027 
31500     	0.5203252032520326  	69742.24649999998   	89251.85621200006   	0.7814094794212585  	0.1953273044338715  	0.058057423245504974
31595     	0.516               	70147.90472999998   	89767.89631000005   	0.781436433441134   	0.1937151205888333  	0.05759546304127527 
31642     	0.5158730158730159  	71238.21110699998   	91284.72434900005   	0.7803957520279277  	0.19367219082260098 	0.05759617226923548 
31666     	0.5177865612648221  	71583.00215699998   	91707.23090400005   	0.7805600654536576  	0.19444565760779664 	0.05783974793517224 
31690     	0.5196850393700787  	71922.93265799998   	92123.58531300006   	0.7807222484191628  	0.19529636325969346 	0.0580933568192772  
31785     	0.5155038759689923  	72106.22228399997   	92330.00849100006   	0.7809619371044311  	0.19358934581969073 	0.057574308412434834
31833     	0.5153846153846153  	72271.76046199998   	92497.84989100006   	0.7813344909872542  	0.19345708416674512 	0.05751062090185156 
31880     	0.5152671755725191  	72657.95232099998   	92969.24103000006   	0.7815267879572569  	0.19335015710350292 	0.0574514052865213  
31952     	0.5132075471698113  	73022.00971899998   	93399.25460100007   	0.7818264720735587  	0.1924650644150779  	0.0571622969039047  
31976     	0.5150375939849624  	73546.15453199999   	93999.55564000006   	0.7824095979098815  	0.19310932955556231 	0.05732090414346812 
32000     	0.5168539325842697  	74342.06976699998   	95047.05187600007   	0.782160711980713   	0.19386104435261708 	0.05752302305423695 
32050     	0.5186567164179104  	74602.66883199998   	95342.60083500008   	0.7824694121897028  	0.19456158786817837 	0.05770262485550774 
32075     	0.5204460966542751  	75577.57385999997   	96702.17591300007   	0.7815498787534497  	0.19536602313520612 	0.05793919171619968 
32125     	0.5202952029520295  	75934.57328399997   	97107.41173400007   	0.7819647535453065  	0.1954215356256239  	0.05795737323052854 
32150     	0.5220588235294118  	76353.78026399997   	97699.42947000006   	0.7815171560182492  	0.1961964593872719  	0.058199001535721544
32175     	0.5238095238095238  	76490.33290299997   	97868.35761700006   	0.7815634671457218  	0.19699147740188272 	0.058442448516364646
32250     	0.5217391304347826  	76688.24333999997   	98085.69389000005   	0.781849424708188   	0.19621303622957462 	0.058209924639508026
32300     	0.5215827338129496  	77200.49550399998   	98808.56825500005   	0.7813137753880304  	0.19609246971471495 	0.05815322508959782 
32350     	0.5214285714285715  	77411.96348699997   	99059.13937800005   	0.7814721990628593  	0.1958341508836343  	0.058053132534019856
32375     	0.5231316725978647  	78201.83377599997   	100013.26032700005  	0.7819146533201081  	0.19632748720084803 	0.05818399466324012 
32425     	0.5229681978798587  	78374.77201799997   	100195.55524400006  	0.7822180517602674  	0.1960408493883684  	0.05806738006240849 
32500     	0.5209790209790209  	79009.10025199997   	101029.98158600007  	0.7820361739326341  	0.19491358386367436 	0.057701728346562564
32525     	0.5226480836236934  	79734.86612099997   	102009.27001800007  	0.7816433360118187  	0.19524268176840476 	0.05778241672826776 
32575     	0.5224913494809689  	80012.38846699997   	102327.35789300007  	0.7819256757383101  	0.19486525068609764 	0.057656739094457114
32625     	0.5223367697594502  	80449.36351899996   	102994.90824400006  	0.7811003950643017  	0.1944658293809278  	0.057534586671790074
32650     	0.523972602739726   	80877.95898099996   	103455.65292600007  	0.78176452125676    	0.19469673369210655 	0.0575613847914233  
32675     	0.5255972696245734  	81848.67193099996   	104697.69495900007  	0.7817619285988306  	0.19503277307152223 	0.05763118500312462 
32700     	0.5272108843537415  	82047.77053599997   	104911.65785100007  	0.7820653320770857  	0.19539726774045127 	0.05770260750940247 
32725     	0.5288135593220339  	83018.34201899997   	106208.47340300007  	0.7816546021144012  	0.19580242200846426 	0.057800188947176555
32775     	0.5286195286195287  	83327.57276199997   	106564.96237200007  	0.7819415585313835  	0.19557859458069526 	0.05771166779601394 
32800     	0.5302013422818792  	83714.76852099996   	107014.18573300006  	0.782277302280914   	0.1960649625791875  	0.05782656810407388 
32825     	0.5317725752508361  	84581.14189699996   	108097.37486200007  	0.7824532464824281  	0.19668305158807683 	0.057974245618384684
32850     	0.5333333333333333  	85008.43917899996   	108605.00860000007  	0.7827303756504643  	0.19735411406389594 	0.05813414333328147 
32900     	0.5331125827814569  	85506.31562699996   	109197.61019500007  	0.7830420049880827  	0.1973239611481117  	0.058086475156749556
32925     	0.5346534653465347  	85931.88600999996   	109764.54904200007  	0.7828746782088921  	0.19802213332559795 	0.05825170542267796 
32950     	0.5361842105263158  	86554.16290899996   	110561.27302200007  	0.7828614897711693  	0.19878102893910088 	0.05844388287848772 
33044     	0.5342019543973942  	87174.76587899997   	111403.10573600007  	0.7825164774632429  	0.19804864561242538 	0.05819865052271402 
33088     	0.5339805825242718  	87921.55051599997   	112412.08464600008  	0.7821361092348398  	0.19785572761725867 	0.05812902024951317 
33155     	0.532051282051282   	88343.54774799997   	112942.54652800008  	0.7821990070508844  	0.1970419437780946  	0.05788655532337273 
33177     	0.5335463258785943  	89333.94450999997   	114243.88592600008  	0.7819582097186787  	0.19760283706438087 	0.058062544317624594
33200     	0.535031847133758   	89803.00750299997   	114855.65610300007  	0.7818771016593782  	0.19821419733731968 	0.058257488534842555
33222     	0.5365079365079365  	90334.74683099997   	115511.13225100008  	0.7820436443710633  	0.19876815361110003 	0.05843601155215184 
33244     	0.5379746835443038  	91152.08958199997   	116630.94509600007  	0.7815429216231747  	0.19934424978192178 	0.058637628766596096
33266     	0.5394321766561514  	91973.12777799997   	117758.93919100007  	0.7810288408663686  	0.2000076103747551  	0.058875689505204325
33311     	0.5391849529780565  	93189.44895999997   	119327.41477000008  	0.7809559030472567  	0.20017577462792815 	0.05897927439054652 
33400     	0.5356037151702786  	93773.56685999996   	120098.61216400008  	0.780804750116079   	0.19903562619277668 	0.05869964374143515 
33422     	0.5370370370370371  	94489.13460399996   	120939.38467800007  	0.7812933301717745  	0.1998444955881952  	0.05898405280318615 
33466     	0.5368098159509203  	95023.90441399996   	121626.40839200007  	0.7812769091046359  	0.20011415306118005 	0.05910580514334015 
33511     	0.5365853658536586  	95467.99258299996   	122270.26678100007  	0.7807948334159929  	0.20043803333205965 	0.05924876745480326 
33533     	0.5379939209726444  	95910.40021299996   	122789.71042400008  	0.7810947666690939  	0.2014503641120244  	0.059579435664644666
33577     	0.5377643504531722  	96054.65205699996   	122933.96226800008  	0.7813516320868082  	0.20174966636625066 	0.05968919526519271 
33688     	0.5327380952380952  	96358.90860399995   	123326.48293500008  	0.781331846257113   	0.2001374826407282  	0.05923666564450017 
33777     	0.5294117647058824  	96576.38074799995   	123585.17431000007  	0.7814560386163192  	0.19899831742892565 	0.058914134234771515
33844     	0.5276967930029155  	96756.66540399996   	123831.69061200008  	0.7813562499696958  	0.19844142445853258 	0.05876830556201859 
33866     	0.5290697674418605  	97030.53700499996   	124163.09634600008  	0.7814764600796443  	0.1990484221247793  	0.05896401668109798 
33977     	0.5243553008595988  	97394.00491999996   	124598.51674300007  	0.781662635044743   	0.19719883141183014 	0.058424784438825324
34000     	0.5257142857142857  	97981.25116599996   	125415.20876100007  	0.7812549381687817  	0.19769061091565931 	0.05858896553964543 
34125     	0.5211267605633803  	98151.26442299996   	125659.83406400007  	0.7810870128398414  	0.1959722736658572  	0.058098461808189956
34145     	0.5224719101123596  	98976.05549799996   	126685.84787600007  	0.7812716033986494  	0.1965735931222976  	0.05829119000373481 
34166     	0.5238095238095238  	99396.18362199995   	127250.12078600007  	0.7811087565815138  	0.1972163029450495  	0.05849716237820514 
34229     	0.5222222222222223  	99645.85569099995   	127544.57512600007  	0.7812629866269165  	0.19656977849273186 	0.05830457806324112 
34270     	0.5220994475138122  	100299.60257599995  	128491.10556400007  	0.7805956850923177  	0.1965608545115478  	0.05830295327371256 
34312     	0.521978021978022   	100926.69749799995  	129388.24957400007  	0.7800298545678809  	0.19655095592901167 	0.058315327568417896
34333     	0.5232876712328767  	101346.15363199994  	129986.75563200007  	0.7796652292708705  	0.19712913320522493 	0.05850614097748799 
34354     	0.5245901639344263  	101528.49650999994  	130176.56311400008  	0.7799291522321722  	0.1977308427250624  	0.058696847433731256
34416     	0.5230352303523035  	102074.12157199995  	130803.46534500008  	0.7803625179407504  	0.19729356804722778 	0.058578685275936196
34437     	0.5243243243243243  	102572.12391799994  	131440.24916200008  	0.780370735539156   	0.19798086992140057 	0.058795680528247594
34458     	0.5256064690026954  	103490.27477299994  	132672.9973780001   	0.7800402253530511  	0.19874618470077784 	0.05904243246237591 
34500     	0.5254691689008043  	104294.12168999994  	133785.2203440001   	0.7795638518352768  	0.1989567289993442  	0.059137762203390176
34520     	0.5267379679144385  	104490.68652199995  	134020.6806020001   	0.779660915409801   	0.19966138440255857 	0.05938838987402406 
34541     	0.528               	104753.77403799994  	134297.8161810001   	0.780011001048728   	0.20031606343571332 	0.05961880295047609 
34645     	0.5236842105263158  	104966.22283599994  	134550.35577000008  	0.7801259404726424  	0.1988264164716537  	0.059200698985327184
34729     	0.5208333333333334  	105999.72293599995  	135735.85110200007  	0.7809264986031242  	0.19780814507489208 	0.05891260420328198 
34791     	0.5193798449612403  	106541.65103199995  	136425.58965600008  	0.7809506361720474  	0.19722878876968977 	0.05873322056915914 
34854     	0.517948717948718   	107112.00063899995  	137107.30443700007  	0.7812275288966622  	0.19659652782397766 	0.058542415390130276
34875     	0.5191815856777494  	107444.95648299994  	137559.76817400008  	0.7810783480464452  	0.19691196198816213 	0.058642286711801245
34895     	0.5204081632653061  	107751.99822899995  	137989.92272900007  	0.7808686032864536  	0.19724614882261737 	0.05875316059135359 
35000     	0.5163727959697733  	108368.80510699995  	138882.39896500006  	0.7802918578207316  	0.19558102912908648 	0.05826345202238276 
35081     	0.5162907268170426  	108785.78744499995  	139370.31908700007  	0.7805520440624941  	0.1954258991740105  	0.05821927798218184 
35108     	0.5175              	109644.96852299994  	140485.21332000007  	0.7804733746123759  	0.19585469141946088 	0.05834874574365464 
35135     	0.5187032418952618  	110030.29952399994  	140988.20976400006  	0.78042199208132    	0.1963151778966421  	0.05848953968038463 
35189     	0.5186104218362283  	110347.98640399994  	141421.07872700004  	0.7802796259036904  	0.19630435748964442 	0.05849773039341712 
35216     	0.5198019801980198  	111352.09717399994  	142774.25695800004  	0.7799171891803747  	0.19685551416013847 	0.058688798423110325
35243     	0.5209876543209877  	112011.70237899994  	143629.08913200005  	0.7798678043279753  	0.19748013766341604 	0.05890172130740906 
35270     	0.5221674876847291  	112251.45921099994  	143956.01703400005  	0.7797621907286305  	0.19813373386164476 	0.05912162572907916 
35378     	0.5195121951219512  	113347.84769299993  	145317.74996300004  	0.7800000187304021  	0.19711504378992337 	0.058858037512683266
35405     	0.5206812652068127  	113706.65971799994  	145742.99880900004  	0.7801860854188643  	0.19758641410997496 	0.05903393280995835 
35432     	0.5218446601941747  	114600.92346999994  	147111.49337600003  	0.779007274279333   	0.1981350025903006  	0.05925194697603981 
35486     	0.5217391304347826  	114908.26363799993  	147478.25697400002  	0.7791539308622146  	0.19808132257281622 	0.059289196238799136
35567     	0.5203836930455635  	115838.64814099993  	148653.409967       	0.7792532183870876  	0.19761180176055362 	0.0591883759077303  
35621     	0.5202863961813843  	116137.82131099992  	148996.036545       	0.7794691993429221  	0.19761097014529727 	0.059207097182545305
35648     	0.5214285714285715  	117066.12957499993  	150280.293233       	0.7789852352330479  	0.19814358655563266 	0.05939088283602426 
35675     	0.5225653206650831  	117266.49232799992  	150558.10429000002  	0.7788786454306379  	0.19861993155199165 	0.05955950404222907 
35729     	0.5224586288416075  	117621.10738099992  	151020.14704500002  	0.7788438144345863  	0.19862419833950157 	0.05958991060227914 
35756     	0.5235849056603774  	117884.74668299992  	151318.827801       	0.779048770044866   	0.1991186383796318  	0.05976507541469392 
35783     	0.5247058823529411  	118384.90895399991  	152025.475802       	0.7787175690749752  	0.1996756988801864  	0.059959048321300605
35837     	0.5245901639344263  	118919.46986799991  	152708.213466       	0.7787365667431959  	0.1998031638576293  	0.060021915073228536
35945     	0.5220417633410673  	119404.44433199991  	153358.683823       	0.7785959122459044  	0.19887547569206293 	0.059759671942923115
36000     	0.5219399538106235  	119541.21523499991  	153497.610834       	0.7787822532578554  	0.19877565647174752 	0.05972535933223583 
36088     	0.5218390804597701  	120090.89136199991  	154328.426622       	0.7781514656152179  	0.19866335485749337 	0.05969916270973947 
36117     	0.5229357798165137  	120423.8309139999   	154837.526774       	0.777743182954413   	0.19894406206479268 	0.05981213129093554 
36147     	0.5240274599542334  	121426.9606899999   	156150.636692       	0.7776270610379197  	0.19933936330614355 	0.059957887639343045
36205     	0.5239179954441914  	122199.9100839999   	157293.303825       	0.776892004379004   	0.19933144358404867 	0.05999921300240621 
36382     	0.5191011235955056  	122919.2442699999   	158168.478756       	0.7771412182551389  	0.19737591433787022 	0.05944886255509034 
36411     	0.5201793721973094  	123232.34301899989  	158586.78954599999  	0.7770656267888876  	0.19769471655690654 	0.059582439995488005
36441     	0.5212527964205816  	123730.3696029999   	159183.00986599998  	0.7772837673263996  	0.1980697385137874  	0.05972536014995953 
36470     	0.5223214285714286  	123864.44938799989  	159353.36563899997  	0.7772942158536088  	0.19831739029672718 	0.05983344202403217 
36500     	0.5233853006681515  	124856.5285549999   	160516.14036799996  	0.7778440739277266  	0.1986603775143503  	0.05996401076919889 
36529     	0.5244444444444445  	125046.01693499989  	160793.03810799995  	0.7776830291060871  	0.19901794740909728 	0.06010218018807425 
36558     	0.5254988913525499  	125613.73356699989  	161636.28490899995  	0.7771382127331095  	0.19941316404077428 	0.06026151347542387 
36588     	0.5265486725663717  	126775.49268399988  	163162.52918099996  	0.7769890140852432  	0.19990772462509274 	0.0604543877768139  
36617     	0.5275938189845475  	126962.18059999988  	163349.21709699996  	0.7772438880108452  	0.20042847521776172 	0.060648254096429835
36647     	0.5286343612334802  	127232.50172399987  	163658.10992599995  	0.7774286393844437  	0.20097190079820765 	0.06084433839323002 
36676     	0.5296703296703297  	127504.41801599987  	163959.96744099996  	0.7776557900444911  	0.20153633182005196 	0.06104279100063484 
36764     	0.5283842794759825  	127830.04843099987  	164332.97191999995  	0.7778721880185413  	0.20119931588012357 	0.06095279385272402 
36794     	0.5294117647058824  	128064.19385699987  	164647.64489999996  	0.77780762630878    	0.20177150985031164 	0.06113590710600595 
36823     	0.5304347826086957  	128184.78764899987  	164797.20217099995  	0.7778335187753392  	0.20234966499997065 	0.061321131594286905
36852     	0.5314533622559653  	128412.27815999987  	165066.98731599996  	0.7779404001247732  	0.20295189151011445 	0.06150858529986021 
36941     	0.5301724137931034  	128954.39276799987  	165910.87090999997  	0.7772510147207442  	0.20246348691173816 	0.06135656154406004 
36970     	0.5311827956989247  	129250.88512799988  	166274.23819999996  	0.7773356024793978  	0.202846119623202   	0.06147530522303052 
37108     	0.5287846481876333  	129880.21812099988  	166949.30290799995  	0.777962027146483   	0.2019425944009937  	0.06120057222672245 
37135     	0.5297872340425532  	130400.95440399989  	167569.27204399995  	0.7781913283585759  	0.20233886126207568 	0.06130559151996393 
37189     	0.5296610169491526  	130929.06189199988  	168159.04568699995  	0.7786025506811125  	0.20218709777812952 	0.061244392946299075
37243     	0.5295358649789029  	131851.33804999987  	169372.98549999995  	0.7784673433060546  	0.20211127908571672 	0.061206241423921774
37270     	0.5305263157894737  	132260.30711199986  	169851.33574599994  	0.7786827611988011  	0.20248871704097168 	0.06130436151426531 
37297     	0.5315126050420168  	133169.43877999985  	171032.58041099994  	0.7786202983080005  	0.20291743866268144 	0.06142990450329134 
37324     	0.5324947589098532  	133651.89019599985  	171682.84612699994  	0.7784813288634135  	0.20332601922717297 	0.061546272434029686
37405     	0.53125             	134484.13108999984  	172808.57985999994  	0.7782260070590912  	0.2027773114367969  	0.06138423513467194 
37432     	0.5322245322245323  	135119.57339399983  	173719.29004999995  	0.7778040847110858  	0.20313680086174982 	0.06150119414994041 
37513     	0.53099173553719    	135640.12774099983  	174391.82306299996  	0.7777894935589905  	0.2026911026371663  	0.06137767578556204 
37567     	0.5308641975308642  	136303.29306999984  	175265.82440399996  	0.7776946448830278  	0.202656683056242   	0.06139044958040409 
37594     	0.5318275154004107  	136571.16927099985  	175643.30455699997  	0.7775483934070462  	0.20305481303529535 	0.06153773911718619 
37675     	0.5306122448979592  	136958.51826799984  	176217.82784999997  	0.7772114770622504  	0.2025880419786914  	0.06143901707794388 
37702     	0.5315682281059063  	137902.55108799983  	177374.09899299996  	0.7774672394160668  	0.20299610184063346 	0.061602271930841626
37729     	0.532520325203252   	138425.26162499984  	178140.42042599997  	0.7770570053330602  	0.2034033156974802  	0.06178103558705785 
37783     	0.5323886639676113  	138752.04560299983  	178490.13576999996  	0.777365342932978   	0.20337153293576518 	0.0618281090811632  
37810     	0.5333333333333333  	139468.02517699983  	179372.51877399997  	0.7775328468945808  	0.2037933703167322  	0.062013495129573964
37837     	0.5342741935483871  	140265.16079299984  	180226.86151899997  	0.778270007094435   	0.2042754590034595  	0.06220719253115707 
37918     	0.533066132264529   	140520.79889799983  	180517.17889099996  	0.778434494496777   	0.20383753790104905 	0.062112645875794   
37945     	0.534               	141587.96786899984  	181929.95777299997  	0.7782553769713058  	0.2042379540252563  	0.06227494237436048 
37972     	0.5349301397205589  	141859.12056699983  	182318.96732399997  	0.7780820758758537  	0.2046235449612383  	0.06243044709166716 
38045     	0.5347912524850894  	142103.57800199982  	182626.39459299998  	0.7781108438278648  	0.20458855366899817 	0.062460729198024166
38159     	0.531496062992126   	142230.2998769998   	182776.47077299998  	0.778165259868943   	0.20335821299115342 	0.06212421945979918 
38181     	0.5324165029469549  	142340.8625379998   	182888.335153       	0.7782938284113137  	0.2037486098764797  	0.0622799831545482  
38204     	0.5333333333333333  	142526.83624199982  	183154.991139       	0.7781760974989392  	0.2041156413709606  	0.062427348338039285
38272     	0.5321637426900585  	142865.51118999982  	183505.064708       	0.7785371560034742  	0.20372087003839437 	0.062331250305815364
38318     	0.5320388349514563  	143794.9562029998   	184672.020915       	0.7786504717419273  	0.20377593477017927 	0.06237525142364363 
38386     	0.5308880308880309  	144396.5820009998   	185463.097442       	0.7785731177392691  	0.20338779578739452 	0.06229097459680543 
38409     	0.5317919075144508  	144599.4774409998   	185713.944816       	0.7786140000648027  	0.20380038129137173 	0.062451003029395866
38454     	0.5316698656429942  	144733.2282129998   	185861.191407       	0.7787167784589417  	0.20382845061979013 	0.06249160104923382 
38477     	0.5325670498084292  	145608.4076079998   	186894.272084       	0.7790950786472248  	0.20422794618512874 	0.06263934267334643 
38500     	0.5334608030592735  	146150.36794699982  	187657.599189       	0.7788140132806664  	0.20466260953504223 	0.06280456565481977 
38522     	0.5343511450381679  	146297.0660569998   	187813.084041       	0.7789503420595706  	0.2050665676440981  	0.06296794851050558 
38545     	0.5352380952380953  	146828.48440099982  	188496.53316999998  	0.7789452778347872  	0.20549471482964954 	0.06314194929681892 
38568     	0.5361216730038023  	147411.01762399983  	189267.15068099997  	0.778851570880641   	0.20597197319128166 	0.06332864608495582 
38590     	0.5370018975332068  	148087.99808299984  	190300.33328799997  	0.7781804452170028  	0.20649271526000357 	0.06353883364560545 
38613     	0.5378787878787878  	149073.06932199985  	191642.84863699996  	0.777869199827886   	0.20708377285909293 	0.0637814192386638  
38659     	0.5377358490566038  	149785.44694899986  	192630.45414399996  	0.7775792649952872  	0.20729715183433195 	0.06389784873167682 
38681     	0.5386064030131826  	150399.24584799985  	193461.10504499995  	0.7774133504148872  	0.20787021216474177 	0.06412262736008838 
38704     	0.5394736842105263  	150803.26917099985  	193970.59843699995  	0.7774542656782054  	0.2084660669167545  	0.06435424468951413 
38772     	0.5383177570093458  	151849.82312399984  	195348.84818699994  	0.7773264318335773  	0.20829957849461256 	0.06436089359410896 
38818     	0.5381750465549349  	152233.27004199984  	195801.91539899993  	0.7774861125938576  	0.2085291182292504  	0.06448871462689322 
39000     	0.5321100917431193  	152641.66183499983  	196397.60437399993  	0.7772073509833874  	0.20626375020758494 	0.06383431029175336 
39150     	0.5290909090909091  	152732.23951799984  	196527.11217099993  	0.7771560769951487  	0.20501609243144234 	0.06347840034281042 
39300     	0.5251798561151079  	153359.69862799984  	197264.74183499994  	0.7774308637286839  	0.20342229998036224 	0.06300726556540547 
39375     	0.5241502683363148  	154141.98767799983  	198269.17174099994  	0.7774379966612072  	0.2029781289458465  	0.06289505933671835 
39425     	0.5240641711229946  	154413.20786899983  	198664.57496899995  	0.7772558740937825  	0.20290243865967086 	0.0628970351987805  
39525     	0.5221238938053098  	155494.66106799984  	200051.78629999995  	0.7772720451234475  	0.20202084343508753 	0.06263160668496671 
39550     	0.5229681978798587  	156292.05985299984  	201065.37918399996  	0.7773195986663276  	0.2022619720807533  	0.06271738503967196 
39575     	0.5238095238095238  	157056.50187199985  	202059.60469499996  	0.7772780814308219  	0.20252981298714548 	0.06281296606285178 
39600     	0.5246478873239436  	157350.36572199984  	202451.13316099995  	0.7772264015774435  	0.20281370995190784 	0.06291459604697261 
39625     	0.5254833040421792  	157709.04720899984  	202913.05758999995  	0.7772247339925359  	0.20310489976952278 	0.06301799234925974 
39650     	0.5263157894736842  	157845.90554899984  	203084.86594799996  	0.7772411046592532  	0.20341280686612012 	0.06312332935344069 
39675     	0.5271453590192644  	158940.71052999984  	204756.25354799995  	0.7762434981881527  	0.20382162303503598 	0.06326579957379345 
39900     	0.5206896551724138  	159331.92638399985  	205281.88887999995  	0.7761616343911336  	0.20134499951115117 	0.06251510145101084 
40000     	0.5188356164383562  	159461.59278799983  	205429.64300399995  	0.7762345806388562  	0.20058504298911498 	0.062287644908490994
40038     	0.5196581196581197  	160075.14537699983  	206228.33489599996  	0.776203451663056   	0.20085621095196743 	0.06238391694405684 
40057     	0.5204778156996587  	161024.28824499983  	207575.68164499995  	0.7757377307828707  	0.2011727468761029  	0.0625082745585508  
40076     	0.5212947189097104  	161383.58628299984  	208016.73398299995  	0.7758202101961125  	0.20148066104556367 	0.06262085530648889 
40096     	0.5221088435374149  	161804.44107999984  	208507.84203399994  	0.7760112977123206  	0.20181691199305823 	0.06273828094052959 
40115     	0.5229202037351444  	162688.05871499985  	209665.89950399994  	0.7759395261693289  	0.20218882607057223 	0.06287122290832642 
40134     	0.523728813559322   	162806.38434599986  	209790.75761499995  	0.7760417389062294  	0.20258059309308107 	0.0630043045326589  
40173     	0.5236486486486487  	163367.77499799986  	210546.83068099996  	0.7759213210172647  	0.20266582913822406 	0.06304366662331487 
40211     	0.5235690235690236  	164263.75302699985  	211709.12550899998  	0.7758935881109047  	0.2028082696035488  	0.06310040219424272 
40230     	0.5243697478991597  	164786.79698499985  	212373.23596199998  	0.7759301507016882  	0.20332057459208783 	0.06327486937471391 
40307     	0.5225375626043406  	165082.67361999984  	212784.61619699997  	0.7758205295591634  	0.20274798977958586 	0.06311275536701126 
40346     	0.5224625623960066  	165985.76024199984  	213948.46739999996  	0.7758212164785989  	0.20290487001851853 	0.06318196358486142 
40500     	0.5172413793103449  	166239.08972399984  	214258.95804399997  	0.7758792969107092  	0.20097476072197226 	0.06259453411201056 
40538     	0.5171849427168577  	166527.52281599984  	214595.77709599998  	0.7760055909278369  	0.20106074589442452 	0.06263321340254557 
40557     	0.5179738562091504  	166976.54834799984  	215160.20462399998  	0.7760568393202508  	0.20149980284756602 	0.06278271397223345 
40576     	0.5187601957585645  	167731.04573099985  	216133.42025099997  	0.7760532616205791  	0.2019909161683278  	0.06294831480106552 
40653     	0.5170178282009724  	168328.68902699984  	216795.56112799997  	0.7764397395923415  	0.20151922044976536 	0.06281249917117807 
40750     	0.5144694533762058  	168518.90174799983  	217031.42647099998  	0.7764723500562604  	0.20066025389761055 	0.06255655016802769 
40788     	0.5144230769230769  	169018.75916799981  	217616.335692       	0.7766823139932747  	0.20078839616718733 	0.06260620207024659 
40826     	0.5143769968051118  	169205.27412199983  	217838.84726799998  	0.776745177658015   	0.20082766310029876 	0.06262221928498511 
40884     	0.5135135135135135  	169493.73068099984  	218240.05649699998  	0.7766389607919194  	0.20057108982537217 	0.06254612001056147 
40923     	0.5134706814580031  	170314.95775099983  	219190.93291799998  	0.7770164371475858  	0.20059281058852443 	0.0625499204465928  
41000     	0.5118110236220472  	170617.34994399984  	219571.59813299996  	0.7770465369599062  	0.2000025707594951  	0.06236054752302076 
41068     	0.5125786163522013  	171498.01338299984  	220659.07645199995  	0.7772080629563672  	0.2003925550566205  	0.06247273096307205 
41137     	0.512539184952978   	172125.14290299983  	221433.76487099996  	0.7773211235570794  	0.20051534313974098 	0.06249785608253535 
41172     	0.513302034428795   	172617.63605899984  	222161.87351099995  	0.7769903689187829  	0.20094447009404467 	0.06262389432948214 
41344     	0.5108695652173914  	173427.09071399985  	223190.94749399996  	0.7770346094286018  	0.20001949627630766 	0.06233436148181059 
41379     	0.5116279069767442  	173739.77697099984  	223563.56528899996  	0.7771381564183186  	0.20035444815824238 	0.06243823682842751 
41413     	0.5123839009287926  	174229.40812899984  	224131.11213399997  	0.7773548547996064  	0.20067117242868562 	0.06253901884709559 
41482     	0.5123456790123457  	174878.39434099983  	224955.42713899998  	0.7773913106481422  	0.200676654647637   	0.06254789019060412 
41586     	0.511520737327189   	175064.52426799983  	225168.88009        	0.7774809920359623  	0.20029895246442098 	0.06243331347884123 
41620     	0.5122699386503068  	175511.63208299983  	225807.571639       	0.7772619439156424  	0.2005639325095772  	0.06252187504542006 
41793     	0.5098934550989346  	175641.82692999984  	225980.580082       	0.7772430129450323  	0.19945668791015136 	0.062181380406207624
41827     	0.5106382978723404  	175792.78468699983  	226166.822537       	0.7772704356680823  	0.1995788983694997  	0.06222364506652775 
41862     	0.511380880121396   	176193.53183399982  	226622.104897       	0.7774772541014036  	0.19973114725363345 	0.062269597798505286
41896     	0.5121212121212121  	176672.55502299982  	227178.168291       	0.7776828044352136  	0.19992022698737955 	0.062320782878097905
41965     	0.5120845921450151  	177471.51571299983  	228168.37334400002  	0.7778094444554476  	0.19975222952108573 	0.06226091909615584 
42000     	0.5128205128205128  	177937.70279899982  	228685.826154       	0.778088024918406   	0.1998649302901546  	0.06228406317509027 
42058     	0.5135542168674698  	178474.47075999982  	229383.81282700002  	0.7780604418438378  	0.20000950334652998 	0.06231765907810075 
42088     	0.5142857142857142  	179168.1387959998   	230268.872589       	0.778082320817159   	0.20019441737522378 	0.06236178170205609 
42117     	0.515015015015015   	179771.1390389998   	231121.84891600002  	0.7778197512790608  	0.2003247435200386  	0.062387090662448665
42205     	0.5142002989536621  	180374.5601549998   	231821.44177300003  	0.7780753961992131  	0.19986520714248712 	0.062227883423119044
42235     	0.5149253731343284  	181140.8876039998   	232744.63290900004  	0.778281695865457   	0.2000465538183184  	0.06226483761013188 
42264     	0.5156482861400894  	181842.6670709998   	233654.13965800003  	0.7782557045090801  	0.20026180850095396 	0.06231453010383712 
42294     	0.5163690476190477  	182850.6823729998   	234959.11868500002  	0.7782233922069659  	0.20048677448557817 	0.0623766962923556  
42323     	0.5170876671619614  	183165.9612369998   	235326.47702500003  	0.7783482910745358  	0.20068802487036694 	0.06243884063068103 
42352     	0.5178041543026706  	184214.4000869998   	236614.26792800002  	0.7785430764600167  	0.20095056371660402 	0.06251745348581582 
42441     	0.51698670605613    	184515.25807199982  	236983.433416       	0.7785998177691277  	0.2006268076981436  	0.06241190378679244 
42470     	0.5176991150442478  	184751.42823199983  	237277.47300600001  	0.778630292591358   	0.20090727732032534 	0.06249568685752221 
42588     	0.5161290322580645  	185822.50977699982  	238844.339913       	0.7780067547118195  	0.20024305229381162 	0.06229927321806307 
42647     	0.5160818713450293  	186434.51805099982  	239647.40603800002  	0.7779534155334757  	0.20012148721676082 	0.06227410942692256 
42735     	0.5152838427947598  	186721.90851999982  	240048.01518400002  	0.777852332488044   	0.19957159478847133 	0.0621171763889301  
42764     	0.5159883720930233  	187038.01504799983  	240425.83466000002  	0.7779447467136842  	0.19962302927843864 	0.06214571870450477 
42882     	0.5144508670520231  	187268.30079799984  	240681.20128900002  	0.778076143026791   	0.19882761360878373 	0.061906203975900666
42911     	0.5151515151515151  	187926.08944399984  	241619.05359400003  	0.7777784353041042  	0.19888837825283462 	0.06193942345776087 
42941     	0.515850144092219   	188696.93059699982  	242541.20173000003  	0.7779994873079736  	0.19898423867193366 	0.06198049752118846 
42970     	0.516546762589928   	188885.50459799982  	242731.80990300002  	0.7781654356447218  	0.1990986315576574  	0.062021586582532616
43172     	0.5142857142857142  	189053.99531099983  	242975.03463200002  	0.7780799191873076  	0.19796584944125037 	0.0616574168531197  
43241     	0.5142450142450142  	190112.00715499982  	244388.24160600003  	0.7779097959283011  	0.19774380711211176 	0.06157973353556212 
43275     	0.5149359886201992  	190996.16445199982  	245559.43939500002  	0.7778001323124408  	0.19785899085441583 	0.06160812768824281 
43310     	0.515625            	191626.89033099983  	246363.50183000002  	0.7778217508177389  	0.19797472528531698 	0.061638554704329065
43344     	0.5163120567375886  	191795.95354899982  	246532.83267200002  	0.7779732681860474  	0.1980237156257755  	0.06164178564710254 
43379     	0.5169971671388102  	192199.23798999982  	247007.90947100002  	0.778109650017361   	0.19810246740424226 	0.06164961679345206 
43413     	0.5176803394625177  	192631.76145199983  	247527.734071       	0.7782229420673563  	0.19820985570571767 	0.06166416178369416 
43448     	0.518361581920904   	193448.52398399982  	248521.959486       	0.7783960998219047  	0.1983691613434685  	0.06168770522447522 
43551     	0.5175808720112518  	193867.81944999984  	249039.778228       	0.7784612596005072  	0.1979579289531223  	0.061525716349936185
43586     	0.5182584269662921  	194444.63662899984  	249729.76876        	0.7786201764991368  	0.1981278197890294  	0.06154445619929834 
43620     	0.5189340813464236  	195379.73759899984  	250869.478309       	0.7788103156907252  	0.19832682508667332 	0.06157809701293369 
43655     	0.5196078431372549  	195695.29650499983  	251202.809656       	0.7790330720145495  	0.19854288172091458 	0.06161249344851675 
43689     	0.5202797202797202  	195970.56891099983  	251619.677886       	0.7788364191444009  	0.19875022382770305 	0.061649403147668085
43724     	0.520949720670391   	196726.91231299983  	252497.621996       	0.7791238220695652  	0.19900178051585024 	0.06169572349926429 
43758     	0.5216178521617852  	197373.27871399984  	253357.517104       	0.7790306795317253  	0.1992668008043925  	0.06175430265426548 
43827     	0.521557719054242   	197722.53127499984  	253763.63699199999  	0.7791602201903858  	0.19927331082278615 	0.061730156117375604
43862     	0.5222222222222223  	198598.15138199984  	254904.66898299998  	0.7791075470463221  	0.19959849030781668 	0.06180916198933725 
43965     	0.5214384508990318  	199534.04180499984  	256168.177405       	0.7789181459863299  	0.1993160398466619  	0.061706252611316376
44000     	0.5220994475138122  	199867.63551599983  	256567.568276       	0.779005845746623   	0.1996040691131564  	0.061778500376899304
44040     	0.5227586206896552  	200222.16178099983  	256987.816796       	0.7791114936002533  	0.19990968206373202 	0.061854267149181914
44061     	0.5234159779614325  	200883.13319499983  	257908.435364       	0.7788932258515806  	0.20025213316378865 	0.06194378402288653 
44081     	0.5240715268225584  	201633.2618929998   	258848.190763       	0.7789633811951737  	0.20063957068423258 	0.06204484239312143 
44102     	0.5247252747252747  	202264.2662869998   	259622.321803       	0.7790711710855002  	0.2010608040841895  	0.06215407863272271 
44122     	0.5253772290809328  	202641.1768759998   	260182.062703       	0.7788437633662564  	0.20149534734642718 	0.06227375636683943 
44183     	0.5245901639344263  	203150.16609099982  	260774.752619       	0.7790254388154229  	0.20140790050265603 	0.06222849993826009 
44204     	0.5252387448840382  	203681.1854839998   	261491.138657       	0.7789219417915727  	0.20189462803573352 	0.062364144547630736
44244     	0.5251700680272109  	203932.1500249998   	261821.430125       	0.7788978538832271  	0.20203042214872033 	0.06239163969929464 
44367     	0.5222672064777328  	204199.52181199982  	262106.985599       	0.7790693611058754  	0.20091862217562934 	0.06204173759576307 
44530     	0.5180240320427236  	204948.49921999982  	263035.956566       	0.7791653350197957  	0.1992945718357064  	0.06153497361671045 
44551     	0.5186666666666667  	205166.81925699982  	263344.215323       	0.7790823087013939  	0.19956167189231408 	0.0616123474807085  
44571     	0.5193075898801598  	205753.4397799998   	264070.359633       	0.7791614328315835  	0.19985808212676423 	0.06169681614688991 
44591     	0.5199468085106383  	205932.4122599998   	264261.018333       	0.7792765408952625  	0.20013388171003194 	0.06177007684789434 
44612     	0.5205843293492696  	206136.1360429998   	264521.341556       	0.7792797920592738  	0.20041615444374    	0.061846063147203256
44632     	0.5212201591511937  	207036.6005739998   	265687.276194       	0.7792492118547125  	0.2007081174543413  	0.06192698711580393 
44653     	0.5218543046357615  	207598.20821899982  	266379.661104       	0.7793320532003728  	0.20102960942875073 	0.06201711193852265 
44714     	0.521108179419525   	208235.43096099983  	267158.151838       	0.779446292498947   	0.20079123661456938 	0.06194086027388277 
44755     	0.5210526315789473  	208958.44665699982  	268066.14756199997  	0.7795033000527254  	0.20080577354284854 	0.06194268258939958 
44795     	0.520997375328084   	209147.10187499982  	268254.80277999997  	0.7796583684897701  	0.20081807386489223 	0.061935170459285024
44938     	0.517555266579974   	209592.98117199983  	268955.733311       	0.7792843030032842  	0.19951432886569    	0.061527125268188695
44959     	0.5181818181818182  	209919.94661299983  	269407.389958       	0.7791914937660985  	0.19976381802232046 	0.06160188983284999 
44979     	0.5188067444876784  	210515.33521599983  	270221.309064       	0.7790478698559661  	0.20004136385429774 	0.0616883249938083  
45048     	0.51875808538163    	210943.47977399983  	270728.54983599996  	0.779169688242277   	0.20007229759153852 	0.06169503164956554 
45073     	0.5193798449612403  	211545.08972899982  	271589.11742699996  	0.7789159290812185  	0.20037449290930864 	0.061791108016777264
45097     	0.52                	212409.5505079998   	272813.16903399996  	0.7785897992392288  	0.20071193642781993 	0.061905700977460856
45121     	0.520618556701031   	212716.0380269998   	273166.38691799995  	0.7787050245345657  	0.20107189465672698 	0.06202336780046271 
45146     	0.5212355212355212  	213301.6828079998   	273928.8371509999   	0.7786755313038468  	0.20146480847879167 	0.062149388304091106
45195     	0.521181001283697   	213754.3741069998   	274459.22838099994  	0.7788201379414701  	0.20162047294906416 	0.062200645421452275
45243     	0.5211267605633803  	214607.47740199981  	275514.0937539999   	0.7789346616642334  	0.20178405221809978 	0.06224966058477746 
45268     	0.5217391304347826  	215460.40597499983  	276774.33293299994  	0.7784696062375023  	0.20224577726499385 	0.06239893175425579 
45292     	0.5223499361430396  	215822.29564499983  	277272.14639099996  	0.778377123177221   	0.20272213848883583 	0.06255450464706597 
45317     	0.5229591836734694  	215951.32997999983  	277408.04158499994  	0.7784609586158326  	0.20320077649715537 	0.0627100841506304  
45439     	0.5209125475285171  	216493.07043099983  	278056.02753499994  	0.7785951354848765  	0.2026755327522741  	0.06255292776071146 
45463     	0.5215189873417722  	216811.93685199984  	278425.12903699995  	0.7787082207769676  	0.20320240081874458 	0.06271593534412515 
45609     	0.5188442211055276  	217411.60378099984  	279138.826776       	0.7788655067876521  	0.20235458206886706 	0.06243212982191731 
45634     	0.5194479297365119  	217674.43509799984  	279430.76949499996  	0.7789923618339921  	0.2028000037204533  	0.06254404745757744 
45658     	0.5200501253132832  	218124.90241499984  	280075.39416399994  	0.7788078030420459  	0.20323224341256496 	0.06265755669872125 
45682     	0.5206508135168961  	218771.30917799985  	280913.04222799995  	0.7787865862078293  	0.20364999409026976 	0.06276730245252707 
45804     	0.5186567164179104  	219003.83307899986  	281175.71101599996  	0.778886029264945   	0.20288165531095775 	0.06251586954778886 
45853     	0.5186104218362283  	220126.04115099987  	282615.86367399996  	0.7788877746966013  	0.20282792197685387 	0.06248645546462209 
45902     	0.5185643564356436  	220831.90218999988  	283497.25743799994  	0.7789560441807631  	0.20280487893666604 	0.06246924911231513 
45926     	0.519159456118665   	221164.94120899987  	283975.59785499994  	0.7788167112933708  	0.20304515228030445 	0.06253575955495944 
45951     	0.519753086419753   	221475.80971299988  	284325.9064229999   	0.7789505096433382  	0.20330387824257168 	0.06260443410413773 
46000     	0.5197044334975369  	221831.5767119999   	284773.45103799994  	0.7789756239685379  	0.20328282421910096 	0.0625827605998709  
46052     	0.5202952029520295  	222757.0495109999   	286105.3823739999   	0.7785839177950507  	0.20352323135742062 	0.06265261523748533 
46210     	0.5177045177045178  	222952.0216869999   	286350.1739429999   	0.7785992186314513  	0.20249667453893222 	0.062332412785112846
46394     	0.5145278450363197  	223294.3453819999   	286877.8994319999   	0.7783602216277677  	0.20112480113744788 	0.06191933669491238 
46605     	0.5107913669064749  	224022.1743249999   	287890.7311959999   	0.7781500064081001  	0.19953581906588325 	0.061444483648534255
46631     	0.511377245508982   	224139.32980099993  	288011.9368569999   	0.7782293062120089  	0.19964571390462502 	0.061490066806214314
46710     	0.5107398568019093  	224660.96828299994  	288672.73223999987  	0.7782548997257519  	0.19926700107906425 	0.06138792006689923 
46736     	0.5113230035756854  	225034.10183299994  	289063.41667499987  	0.7784938835273318  	0.19938438267407513 	0.06143429074181945 
46763     	0.5119047619047619  	225242.33450899995  	289304.22983999987  	0.7785656456995826  	0.1995096488225182  	0.06148213865256077 
46789     	0.5124851367419738  	225560.86566999994  	289689.27614699985  	0.7786303610201345  	0.19964513790591532 	0.06153322729794533 
46842     	0.5124555160142349  	225918.20007699993  	290127.30614299985  	0.7786864431355796  	0.199567027915325   	0.0615151688290003  
46868     	0.5130331753554502  	226363.51337099992  	290623.29967499984  	0.7788897642554441  	0.1997191248552693  	0.0615661501675497  
46894     	0.5136094674556213  	227181.82510599992  	291772.73579499987  	0.778625955187322   	0.19984749025139545 	0.06160235226923084 
46921     	0.5141843971631206  	227693.19168999992  	292413.9963619999   	0.7786672133440646  	0.19999476948987782 	0.061646053488224106
46973     	0.5141509433962265  	228215.96395199993  	293070.5836939999   	0.778706484545321   	0.19993443088796842 	0.06162359764413577 
47047     	0.5141176470588236  	228406.18750399994  	293263.1460789999   	0.778843815044088   	0.19988700410037308 	0.06160139689244935 
47071     	0.5146886016451234  	228688.06553199995  	293650.8917669999   	0.7787753143057188  	0.2000816688847568  	0.06165676200748067 
47095     	0.5152582159624414  	228854.54861499995  	293827.1887409999   	0.7788746494005651  	0.20026948913207201 	0.06171087955494092 
47119     	0.5158264947245017  	229421.92600499996  	294440.1635459999   	0.7791801337223403  	0.2004826285352325  	0.0617696732025119  
47142     	0.5163934426229508  	229735.98066799995  	294794.9930989999   	0.7793076071371693  	0.20070731687470098 	0.06183064065207276 
47166     	0.5169590643274854  	230140.72354499996  	295322.9252439999   	0.7792849923684538  	0.20096101767333394 	0.0618976327897421  
47190     	0.5175233644859814  	230590.49090299997  	295835.3462899999   	0.7794555106236628  	0.20123804808737128 	0.061968767142880084
47214     	0.5180863477246208  	230883.32057099996  	296157.4687499999   	0.7795964813769366  	0.20149558800138484 	0.06203050400419168 
47261     	0.5180442374854481  	231408.72982899996  	296859.8445939999   	0.7795218317434811  	0.20153636565039726 	0.06201952244789349 
47285     	0.5186046511627908  	231704.14798299997  	297262.4062049999   	0.7794599759217813  	0.20182776268197902 	0.06208523197765982 
47309     	0.519163763066202   	232652.16951599997  	298411.31979799987  	0.7796358719685517  	0.20217292448702406 	0.06216320227995968 
47333     	0.5197215777262181  	233544.59556899997  	299640.51996299985  	0.7794159334586607  	0.20252591759849603 	0.062250339492635164
47452     	0.5178777393310265  	234420.82105299996  	300735.0215019999   	0.7794929233123621  	0.20193638783628629 	0.06205532963244859 
47500     	0.5178365937859609  	234883.12083899995  	301319.48664899985  	0.7795152031193054  	0.20203543096912427 	0.06207193069261281 
47547     	0.5177956371986223  	235463.82447099994  	302139.88965099986  	0.7793205483161556  	0.2021201312758197  	0.06209164844836011 
47571     	0.518348623853211   	235841.15928699993  	302576.90884399984  	0.7794420274436508  	0.20245539752700756 	0.062185547068980156
47619     	0.5183066361556065  	236102.03330499993  	302843.61813299987  	0.7796170008816595  	0.20254783895554812 	0.062203041586817276
47642     	0.5188571428571429  	236351.15401499992  	303219.4292069999   	0.779472326800171   	0.20283427345294602 	0.06228148114312661 
47666     	0.519406392694064   	236740.02379499993  	303687.9540109999   	0.7795502609445779  	0.20313384151628505 	0.06236501032404751 
47690     	0.5199543899657925  	237221.53966599994  	304304.30457699986  	0.7795536773485714  	0.20346048718797252 	0.06245568316408309 
47714     	0.520501138952164   	237401.05035799995  	304499.67663499987  	0.7796430294491569  	0.2037955343023877  	0.06254677733253572 
47761     	0.5204545454545455  	237691.88720999996  	304936.63223499985  	0.7794796101336305  	0.20390610103838672 	0.06257264697813165 
47833     	0.5198187995469988  	238416.19807999994  	306031.15046399983  	0.7790585949126972  	0.20381935602045478 	0.06254312464119212 
47857     	0.5203619909502263  	238789.71456999995  	306567.02303599985  	0.7789152016587222  	0.2042097472998727  	0.06266203625522113 
47904     	0.5203160270880361  	238940.66445499996  	306717.97292099986  	0.7790240075580539  	0.20437871854348394 	0.06271006087681136 
47928     	0.5208568207440811  	239517.23435999997  	307408.4487059999   	0.7791498098644326  	0.2048127385066167  	0.0628336870116422  
48047     	0.5196408529741863  	240256.85126499998  	308367.29426399985  	0.7791255938423578  	0.20453918863819845 	0.06274864676019082 
48142     	0.5184357541899441  	240625.63352699997  	308840.65027499985  	0.7791255241586253  	0.2042290489146218  	0.06265581633130854 
48261     	0.5166666666666667  	241190.69924899997  	309547.30469699984  	0.7791723448701623  	0.20368284345110851 	0.06248519747325524 
48333     	0.5160575858250277  	241351.60096799996  	309721.49996999983  	0.7792536229850937  	0.2035704254317589  	0.062447894686065444
48357     	0.5165929203539823  	241937.60273399996  	310526.6651549998   	0.7791202169811615  	0.20392613205107082 	0.06255940981315322 
48476     	0.5148514851485149  	242278.74605299995  	311005.7645999998   	0.7790168981742408  	0.203257785545911   	0.062353427364305984
48523     	0.5148188803512623  	242549.39657799996  	311330.82668899983  	0.7790728568626188  	0.20328003079155646 	0.062357167904933265
48547     	0.5153508771929824  	243196.01055999997  	312166.25016199984  	0.7790592686870937  	0.203539221239422   	0.062438462632979065
48714     	0.5125136017410229  	243455.43825499996  	312475.8199989998   	0.7791176874286759  	0.20233219064722135 	0.062068712487789376
48738     	0.5130434782608696  	243674.64605499996  	312722.54067799984  	0.7792039727187551  	0.20244000233856485 	0.062104691614297644
48761     	0.5135722041259501  	244712.69598299995  	314142.57714399986  	0.7789860839870364  	0.20258222598262582 	0.06215861353222126 
48833     	0.512987012987013   	245120.65938899995  	314641.75600999984  	0.7790468197781404  	0.20224968006044228 	0.06207581193861917 
48857     	0.5135135135135135  	245833.92281899994  	315605.17251199984  	0.7789286875824347  	0.20238642810493726 	0.06213837886525416 
48880     	0.5140388768898488  	246094.39930499994  	315994.5274879998   	0.778793231836414   	0.20251113656807648 	0.0621955469114488  
48904     	0.5145631067961165  	246290.67326999994  	316190.8014529998   	0.7789305449058417  	0.20264407488112982 	0.06225331093056425 
48928     	0.5150862068965517  	246870.67199099995  	316876.1477619998   	0.7790762218443158  	0.20279551579340505 	0.062316256322472854
48952     	0.5156081808396125  	247332.40170199994  	317506.1794909998   	0.7789845290523266  	0.2029642643817307  	0.062385405590164804
49000     	0.5155746509129968  	247717.08014899996  	317960.6966209998   	0.7790808196783886  	0.2029119948500736  	0.06238584806547144 
49093     	0.5155412647374062  	248086.41977099996  	318400.1041879998   	0.7791656362791797  	0.20285710998213372 	0.06238665948587045 
49125     	0.5160599571734475  	248590.26896499997  	318985.1851289998   	0.7793160327006043  	0.20306048254488493 	0.062457753250536124
49156     	0.5165775401069519  	249644.71361999997  	320475.54093599983  	0.7789821116796397  	0.20327424479798442 	0.0625399699210318  
49218     	0.5165421558164355  	249966.57763199997  	320906.2436449998   	0.7789395893104644  	0.20326545830419893 	0.06255308755263563 
49281     	0.516506922257721   	250255.68070399997  	321280.7153219998   	0.7789315348516458  	0.20323566755662711 	0.06255406515410411 
49406     	0.5153764581124072  	250916.35103899997  	322076.8324309998   	0.7790574352868275  	0.20276465889092865 	0.06241307843404482 
49468     	0.5153439153439153  	251114.45431099998  	322316.9926969998   	0.7790915775485188  	0.20270170614924254 	0.062394266510433   
49500     	0.5158562367864693  	251571.297298       	322856.6458519998   	0.7792043327282858  	0.20286567876590783 	0.06244284964662658 
49562     	0.5158227848101266  	252160.533084       	323677.8092709998   	0.7790479478711442  	0.20280773301042448 	0.06241656268059469 
49593     	0.5163329820864068  	253037.390643       	324836.1774209998   	0.7789692412094054  	0.20299301806295555 	0.06246378636154865 
49625     	0.5168421052631579  	254010.31644199998  	326056.3507959998   	0.7790380890354867  	0.2032041034132763  	0.06251784519284194 
49656     	0.5173501577287066  	254170.927336       	326231.3300489998   	0.779112561929057   	0.2034140916815969  	0.0625716839170628  
49687     	0.5178571428571429  	254703.57874199998  	326936.9735469998   	0.7790601839206918  	0.20364413297022646 	0.06263309020347395 
49750     	0.5178197064989518  	255309.13979999998  	327696.6016259998   	0.7791021894434669  	0.20366646094196367 	0.06263071503859692 
49781     	0.518324607329843   	256039.40806899997  	328693.8089919998   	0.7789602391788031  	0.20392390145204292 	0.06270621387824953 
49812     	0.5188284518828452  	257039.56043999997  	330038.39990999975  	0.7788171331278231  	0.2042030491865644  	0.06278737491417952 
49843     	0.5193312434691745  	257323.66451399997  	330418.2732779997   	0.778781578758203   	0.20447537630249196 	0.06286158050007372 
49906     	0.5192909280500522  	257578.63541499997  	330773.97182699974  	0.778714945412083   	0.2045395387407044  	0.06287527598036804 
49968     	0.5192507804370448  	258423.02848199997  	331913.4650369997   	0.7785855522709587  	0.2045974109549284  	0.06289357102236    
50000     	0.5197505197505198  	259422.43765699997  	333309.27512499975  	0.7783234881768883  	0.20490408389665923 	0.06299501220480322 
50097     	0.5191709844559586  	260227.76709799998  	334434.9274329998   	0.7781118111538564  	0.20476680803141864 	0.06296701546303025 
50121     	0.5196687370600414  	260616.551372       	334958.0952489998   	0.7780571810878729  	0.20504213694614604 	0.06306663753980205 
50170     	0.5196280991735537  	260932.260338       	335427.0212709998   	0.7779106744271099  	0.2050923560241892  	0.06309916760261243 
50195     	0.5201238390092879  	261605.45722799998  	336204.9090479998   	0.7781131393017545  	0.20537615927089625 	0.06320365434142984 
50243     	0.5200823892893924  	262522.744105       	337332.0861799998   	0.7782323557709785  	0.20536314092201255 	0.06322059596228793 
50292     	0.5200411099691675  	262924.60493699997  	337868.5467299998   	0.7781860948042327  	0.20533265653481067 	0.06322483510404253 
50341     	0.52                	263299.54277299996  	338329.1901719998   	0.7782347796805347  	0.2052853043031995  	0.06322323833581027 
50439     	0.5188968335035751  	263778.38176599995  	338922.4448769998   	0.7782853739938327  	0.20478062884150633 	0.06307823829675795 
50463     	0.5193877551020408  	264480.15073799994  	339785.9695949998   	0.7783727828822393  	0.2049381700220452  	0.06313451008698447 
50487     	0.5198776758409785  	264688.48811399995  	340017.9690419998   	0.7784544118646419  	0.20509952038747337 	0.06319168524528092 
50512     	0.5203665987780041  	265570.50104199996  	341230.18036799977  	0.7782737762398255  	0.20527820807585223 	0.06325796170388046 
50560     	0.5203252032520326  	265917.14674799994  	341708.22327399976  	0.7781994363500392  	0.20524089714993696 	0.06326168057821042 
50585     	0.5208121827411167  	266198.50104199996  	342144.4721839998   	0.7780295246121723  	0.2054228420985343  	0.06333507533448808 
50756     	0.5181451612903226  	266410.68103199993  	342422.2046859998   	0.7780181232005611  	0.204277874202108   	0.06299590696742788 
50804     	0.5181086519114688  	266729.7367029999   	342834.0482469998   	0.7780141385222934  	0.20414003709587897 	0.06296829135910602 
50829     	0.5185929648241207  	267118.7715599999   	343356.2460929998   	0.7779639211445986  	0.20422702784387223 	0.06300933675236925 
50853     	0.5190763052208835  	267933.6477719999   	344452.1130049998   	0.7778545628143984  	0.20431325381458437 	0.06304740749062578 
50878     	0.5195586760280843  	268338.6736579999   	344997.9071179998   	0.7777979753547314  	0.2044122703201462  	0.06309162609113272 
50902     	0.5200400801603207  	268833.7821929999   	345629.5270049998   	0.7778090735549658  	0.20452998640329215 	0.06314304301535796 
50926     	0.5205205205205206  	269038.8155019999   	345844.9305029998   	0.7779174762246986  	0.20461641668683211 	0.0631885737006017  
50951     	0.521               	269704.30393699993  	346666.4941199998   	0.7779935716649929  	0.2047265701383453  	0.06323961781910603 
