25166     	1.0                 	131.876969          	262.505577          	0.5023777799585568  	0.010788081828243234	0.005159537183449354
25187     	1.0                 	538.0164540000001   	939.471801          	0.5726797264455626  	0.02061151297997097 	0.011442206211773994
25208     	1.0                 	769.4819500000001   	1257.548442         	0.6118905040160673  	0.031863794734183104	0.015010261785381493
25229     	1.0                 	900.4493380000001   	1441.0434050000001  	0.6248592754914277  	0.04071005749690741 	0.017365318985956994
25250     	1.0                 	935.2609310000001   	1489.3222280000002  	0.6279775547672817  	0.046867177962105586	0.018871321547119   
25270     	1.0                 	1199.4239670000002  	1784.829635         	0.6720103383984882  	0.05352219982083182 	0.02052007028242777 
25291     	1.0                 	1292.097866         	1995.539796         	0.6474929082296287  	0.059202071521619735	0.02226178082159563 
25312     	1.0                 	1486.556714         	2308.6384900000003  	0.6439105647935376  	0.06572617605082859 	0.02420091386385201 
25333     	1.0                 	1980.774801         	2958.7130070000003  	0.669471758941708   	0.07436322730632851 	0.026710268303173548
25354     	1.0                 	2375.467316         	3661.9264020000005  	0.6486933529583263  	0.08341549632584118 	0.03001645990656713 
25375     	1.0                 	2644.5113610000003  	4029.4187370000004  	0.6563009539606457  	0.09247112399864178 	0.033192199163913784
25395     	1.0                 	2935.9554260000004  	4424.729058000001   	0.6635333796747923  	0.10232809540579535 	0.03631413993295401 
25458     	0.8666666666666667  	3104.4662240000002  	4667.949332000001   	0.6650599659936496  	0.09679202973461876 	0.03400562507956402 
25479     	0.875               	3468.3903020000002  	5218.990163000001   	0.6645711514440346  	0.10625531667833005 	0.03706995092719627 
25541     	0.7894736842105263  	3627.215768         	5442.690604000001   	0.6664379866337152  	0.10232223851574422 	0.03504737053730297 
25604     	0.7272727272727273  	3711.362503         	5584.6992070000015  	0.6645590685256756  	0.0997406770219659  	0.03367887121381423 
25625     	0.7391304347826086  	3985.044312         	5982.391212000001   	0.6661290060747701  	0.10711045009160053 	0.03575955214961122 
25687     	0.6923076923076923  	4390.521563         	6684.594721000001   	0.6568119304536069  	0.10594567585605251 	0.035245823763122644
25708     	0.7037037037037037  	4783.623902         	7356.218188000002   	0.6502830367108191  	0.11374718313963665 	0.03790185045835169 
25729     	0.7142857142857143  	4934.74856          	7591.1680510000015  	0.6500644600207388  	0.12160080558798754 	0.04050554158336519 
25750     	0.7241379310344828  	5277.81104          	8049.654314000001   	0.6556568560740308  	0.12945823094608855 	0.04300001325822846 
25770     	0.7333333333333333  	5806.208701         	9051.132773000001   	0.64148972803937    	0.13794220294700926 	0.04594355350311712 
25791     	0.7419354838709677  	6181.6136209999995  	9723.994995000001   	0.635707198962827   	0.1466179156423433  	0.04910121912518052 
25895     	0.6666666666666666  	6357.658613         	10030.772341000002  	0.6338154627449338  	0.13685869440648238 	0.04614942149065915 
25916     	0.6756756756756757  	6856.308352999999   	10816.715617000002  	0.633862310498793   	0.1443242350908194  	0.04893070506283932 
25958     	0.6666666666666666  	7353.288301         	11662.910879000001  	0.6304848229819007  	0.1479404812513882  	0.05050549235379268 
26066     	0.627906976744186   	7794.955265         	12342.734501        	0.6315420026549593  	0.14341299839573393 	0.04925174098325567 
26133     	0.6086956521739131  	7927.199511999999   	12538.49046         	0.6322291776102686  	0.1423252648743282  	0.048909736182839676
26155     	0.6170212765957447  	8083.768549999999   	12808.973090000001  	0.6311020011675267  	0.1476683434186764  	0.050765745009978804
26200     	0.6122448979591837  	8387.383005999998   	13297.563126000001  	0.6307458687374535  	0.1493057795997424  	0.051431516664001045
26266     	0.5961538461538461  	8715.225476999998   	13805.479735        	0.6312874050225823  	0.14800564866732963 	0.05105030165814142 
26311     	0.5925925925925926  	9205.990247999998   	14576.702449        	0.6315550639940211  	0.15038079363859483 	0.051866722775759905
26400     	0.5689655172413793  	9569.606526999998   	15145.065509        	0.6318629999529042  	0.14694788458251884 	0.05058946063431178 
26422     	0.576271186440678   	9631.590661999999   	15225.187137        	0.6326090165810484  	0.1513983489030675  	0.05200699229263655 
26466     	0.5737704918032787  	9907.487694999998   	15663.209509        	0.6325324122943772  	0.15355451236520415 	0.052615037826287125
26511     	0.5714285714285714  	10011.237325999999  	15814.676654        	0.6330345883782492  	0.1557743300725961  	0.05321188439942242 
26533     	0.578125            	10134.921890999998  	16037.050883        	0.6319691796790066  	0.16050932983237046 	0.05466973315303005 
26555     	0.5846153846153846  	10359.739726999998  	16367.819035        	0.632933422885928   	0.16547073253379593 	0.05613969902327448 
26577     	0.5909090909090909  	10713.961494999998  	16945.406293        	0.6322634765875069  	0.1702956766620883  	0.057608781918575436
26622     	0.5882352941176471  	11176.586610999997  	17692.95671         	0.6316969398722956  	0.17283377570537178 	0.058346960076900246
26644     	0.5942028985507246  	11271.753727999998  	17816.127683        	0.632671359823909   	0.1778864780157114  	0.059916718033111556
26688     	0.5915492957746479  	11400.730208999998  	17969.191519        	0.6344598307021916  	0.18030213970464576 	0.060558515991499716
26777     	0.5733333333333334  	11668.109728999998  	18366.918854        	0.6352785582465229  	0.17744821943266625 	0.05937839343005618 
26844     	0.5641025641025641  	11778.336959999999  	18529.14181         	0.6356655413821347  	0.17680124839950487 	0.058983795209556926
26933     	0.5487804878048781  	11930.447438        	18721.060286        	0.637274131685898   	0.17397331877227376 	0.05786711132844819 
26955     	0.5542168674698795  	12294.194909        	19272.276862        	0.6379212480721989  	0.1779973278476697  	0.059016284926072304
26977     	0.5595238095238095  	12375.214676        	19366.34423         	0.6390062331345847  	0.18160431076751313 	0.06000097160476005 
27066     	0.5517241379310345  	12888.998851        	20243.790172999998  	0.6366890162787108  	0.18124798849636017 	0.059749918317507936
27177     	0.532608695652174   	13062.33427         	20506.272326        	0.6369921389095279  	0.1760311618201061  	0.05786365671981025 
27200     	0.5376344086021505  	13387.46554         	21034.033627999997  	0.6364668696820437  	0.17886375211198538 	0.05865627701653183 
27244     	0.5368421052631579  	13849.939672999999  	21916.605068999997  	0.6319381870228653  	0.18006961284826006 	0.058968514699366925
27266     	0.5416666666666666  	14197.484075999999  	22494.582297999998  	0.6311512651320627  	0.1831876532606983  	0.05995638518649024 
27288     	0.5463917525773195  	14440.906683        	22808.843008999997  	0.6331275408095822  	0.18604883807444747 	0.06083962561669111 
27311     	0.5510204081632653  	14564.145986        	22957.414557999997  	0.6343983530551708  	0.1888953904782024  	0.06171041459633963 
27333     	0.5555555555555556  	14991.180652        	23684.239618999996  	0.6329601833606581  	0.192038672989364   	0.06268842392357    
27511     	0.5233644859813084  	15175.542796        	23941.007081999996  	0.6338723656871438  	0.18191364481852493 	0.05936196489193912 
27555     	0.5229357798165137  	15417.198799        	24271.393911999996  	0.6352003867144028  	0.1829839213486317  	0.05963906874802208 
27600     	0.5225225225225225  	15663.66215         	24708.577162999994  	0.6339362257352336  	0.18415621583591552 	0.05998338743602511 
27644     	0.5221238938053098  	15943.893441        	25112.127341999996  	0.634908115264845   	0.1853151313574947  	0.06033553471179497 
27666     	0.5263157894736842  	16056.646083        	25276.944459999995  	0.6352289181316658  	0.18795250582059603 	0.06119142030542972 
27688     	0.5304347826086957  	16258.738454999999  	25577.394635999994  	0.6356682799942394  	0.19075370376028208 	0.06206508907012207 
27711     	0.5344827586206896  	16493.905044        	25995.466478999995  	0.6344915971146095  	0.19350379115306449 	0.06296342839696098 
27755     	0.5338983050847458  	16653.625616999998  	26303.911855999995  	0.6331235334185192  	0.1938764864348141  	0.06308899408358742 
27800     	0.5333333333333333  	16732.749538999997  	26423.352205999996  	0.6332561216513801  	0.19428597593175836 	0.06322739036617173 
27888     	0.5241935483870968  	17204.935235999998  	27304.351159999995  	0.630116977883169   	0.19153900971981286 	0.06241332108668555 
27933     	0.5238095238095238  	17430.337063999996  	27606.720134999996  	0.6313802211477375  	0.1921440564452764  	0.06265877202538445 
28121     	0.5075757575757576  	17730.560805999994  	28055.969659999995  	0.6319710571714382  	0.1867137381788129  	0.06085728298987492 
28151     	0.5112781954887218  	17990.826663999993  	28445.061223999994  	0.6324762855078887  	0.1885723089978036  	0.06145310355297305 
28212     	0.5111111111111111  	18060.64806799999   	28518.124567999992  	0.6333042001038782  	0.18895262945756552 	0.061568693089989565
28333     	0.5035971223021583  	18119.14110399999   	28608.17457599999   	0.6333553738587895  	0.18648188277988054 	0.06077315215576002 
28393     	0.5035460992907801  	18270.706195999992  	28823.85310699999   	0.6338745249698374  	0.186638671212756   	0.06078464649999695 
28424     	0.5070422535211268  	18485.64214399999   	29155.987987999993  	0.6340255782657168  	0.18804152115962072 	0.06117054745719453 
28515     	0.503448275862069   	18733.58726399999   	29514.496619999994  	0.6347249456833187  	0.18679353572921498 	0.060673453865977944
28666     	0.49333333333333335 	18985.58485999999   	29896.648039999993  	0.6350405849712106  	0.18311258544005976 	0.05939845689450773 
28696     	0.4966887417218543  	19394.537191999993  	30553.41048999999   	0.634774870659619   	0.18448925454510562 	0.05977975994506071 
28727     	0.5                 	19921.592728999993  	31469.73872299999   	0.6330396608739585  	0.18606968020497044 	0.06025948950391772 
28818     	0.4967741935483871  	20075.60283799999   	31655.62724299999   	0.6341874916548782  	0.18534080554629553 	0.059959809544288575
28848     	0.5                 	20323.890945999992  	31977.897210999992  	0.635560581482163   	0.18715264246870691 	0.06046031377832755 
28878     	0.5031847133757962  	20739.534976999992  	32554.333974999994  	0.6370744673482449  	0.1891232080381529  	0.06101123480732776 
28939     	0.5031446540880503  	21169.35642599999   	33247.110786        	0.6367277013109416  	0.18940909610807205 	0.061043684585031774
28969     	0.50625             	21441.67262399999   	33639.327928        	0.6373989596312006  	0.1910129191292495  	0.061497056366860814
29083     	0.5030674846625767  	21797.069184999993  	34310.062081        	0.6352966990715716  	0.19038240647831722 	0.06125500965615496 
29111     	0.5060975609756098  	21835.909245999992  	34362.380952        	0.6354597277907506  	0.19185810944972553 	0.06169708806892581 
29194     	0.5029940119760479  	22044.087203999992  	34623.522331        	0.6366795091862426  	0.19095966141678442 	0.06135244996558793 
29222     	0.5059523809523809  	22498.64510199999   	35322.586746        	0.6369478335147066  	0.19257256853959226 	0.06180951805572299 
29250     	0.5088757396449705  	22872.997430999993  	35842.200522        	0.6381582910056125  	0.19384554447469152 	0.06213180094703354 
29277     	0.5117647058823529  	23424.608817999993  	36950.394333        	0.6339474649957857  	0.19498541916970127 	0.06247252292286489 
29305     	0.5146198830409356  	23577.975307999994  	37230.150697        	0.6333032466049058  	0.19618552793875346 	0.06284276350497707 
29388     	0.5114942528735632  	23662.341675999993  	37384.755270999995  	0.6329409275110404  	0.19463251996439465 	0.062326028723208186
29416     	0.5142857142857142  	23765.99483699999   	37548.977075999996  	0.6329332165000678  	0.19536518592063046 	0.06254521036273827 
29444     	0.5170454545454546  	24065.99783499999   	38014.689333999995  	0.6330710116701014  	0.19600372020484605 	0.06274666633753191 
29527     	0.5139664804469274  	24244.01042999999   	38276.787124999995  	0.6333867665231842  	0.19432894098147663 	0.062199446175146715
29555     	0.5166666666666667  	24388.98637699999   	38505.52658599999   	0.6333892440745751  	0.19492024412833564 	0.062373588270417064
29611     	0.5164835164835165  	24615.92335299999   	38799.23228999999   	0.6344435675688468  	0.1945695753532324  	0.062223155942777705
29638     	0.5191256830601093  	24747.115274999993  	39037.43191299999   	0.6339329731052024  	0.19534257154549528 	0.06244120315759093 
29666     	0.5217391304347826  	24888.410999999993  	39270.35841999999   	0.6337709152999373  	0.196192090410384   	0.0626767381272966  
29722     	0.521505376344086   	24949.065272999993  	39336.67857999999   	0.6342443280324355  	0.19595143612250135 	0.0625425166868149  
29805     	0.5185185185185185  	25282.03143899999   	39907.31062399999   	0.6335187975256731  	0.1947185988594631  	0.06210996428022361 
29833     	0.5210526315789473  	25623.25907499999   	40420.88922099999   	0.6339113158769367  	0.19572082195862123 	0.062380811906031564
29916     	0.5181347150259067  	25755.42360599999   	40713.33855799999   	0.6326040683032899  	0.19461941991915882 	0.06200688368012712 
29944     	0.520618556701031   	25818.36187699999   	40817.63290499999   	0.6325296211343344  	0.19557432200015226 	0.06228820093265078 
30129     	0.5125628140703518  	25886.77935999999   	40889.64685499999   	0.6330888464700583  	0.19221485244145414 	0.06112010150421473 
30161     	0.515               	26151.47922099999   	41299.65824899999   	0.6332129690596945  	0.1929211133621702  	0.06124330530906042 
30225     	0.5148514851485149  	26585.77937099999   	42067.53371999999   	0.631978559711962   	0.19256587881007006 	0.06104867147740596 
30258     	0.5172413793103449  	26924.15461699999   	42595.45198599999   	0.6320898913303996  	0.19325383356619766 	0.061186471563243236
30322     	0.5170731707317073  	27217.167625999988  	43104.17328499999   	0.6314276681759585  	0.1930517292374193  	0.06103849138619875 
30354     	0.5194174757281553  	27482.26967699999   	43564.93559599999   	0.6308346219504876  	0.19386617986972865 	0.061230351680937774
30451     	0.5167464114832536  	27533.72936999999   	43669.891482999985  	0.6304968580175759  	0.19280612536156325 	0.060832795434557156
30741     	0.5                 	27868.82034899999   	44276.09029399999   	0.6294327291309322  	0.1864579022822359  	0.05878265136935737 
31047     	0.4845814977973568  	28307.13557799999   	44995.06262199999   	0.629116483641906   	0.1803188838950073  	0.05683270389881176 
31071     	0.4868421052631579  	28398.38792999999   	45107.99900399999   	0.6295643468352861  	0.18081921671267276 	0.05696732542479103 
31142     	0.48484848484848486 	28513.97212199999   	45300.75662199999   	0.629436995057879   	0.17966767138087644 	0.056576728530083185
31166     	0.4870689655172414  	28745.460342999988  	45626.80742499999   	0.6300125291529751  	0.18019447090051527 	0.056697397739114634
31190     	0.4892703862660944  	28964.370391999986  	45990.468626999995  	0.6297907209189784  	0.18078784450727703 	0.056842622163097455
31214     	0.49145299145299143 	29308.810684999986  	46585.842446999995  	0.6291355730733897  	0.18147561705395157 	0.057026042401956425
31309     	0.48739495798319327 	29398.415266999986  	46750.891727999995  	0.6288311127420211  	0.17969329574355486 	0.05645251394593456 
31357     	0.4875              	29516.720676999987  	46943.74376499999   	0.628767931777245   	0.17943927615178654 	0.05634536962659317 
31404     	0.48760330578512395 	29984.017737999988  	47736.274806999994  	0.6281180896336546  	0.17931344812107994 	0.05630115385847278 
31476     	0.4857142857142857  	30409.026437999986  	48379.770446999995  	0.6285483820414786  	0.1784893980721718  	0.05605757909483154 
31500     	0.4878048780487805  	30678.317183999985  	48813.002425        	0.6284865847196447  	0.17924251648278622 	0.05630408720886184 
31571     	0.4859437751004016  	30792.696295999984  	49023.936365        	0.6281155406766566  	0.17840157160307402 	0.05606501745273406 
31619     	0.4860557768924303  	31387.110907999984  	50045.008837        	0.6271776474299353  	0.1784867733224248  	0.05612302176286136 
31642     	0.4880952380952381  	31984.081313999985  	50936.321051        	0.6279228780966714  	0.17942756973520085 	0.05646146975263542 
31666     	0.4901185770750988  	32148.773195999984  	51205.439102        	0.6278390295991878  	0.18030645050405036 	0.05677318355639752 
31690     	0.4921259842519685  	32329.112242999985  	51420.416115        	0.6287213267721722  	0.1812683751607514  	0.05709123319444005 
31738     	0.4921875           	32445.044712999985  	51582.490128        	0.6289933780336862  	0.18132558181661504 	0.05712288992893515 
31785     	0.49224806201550386 	32514.446875999984  	51663.459066999996  	0.6293509467461997  	0.18138835479230175 	0.05714486403584716 
31833     	0.49230769230769234 	32599.713295999984  	51751.028709        	0.6299336285527901  	0.1814962730975823  	0.0571669663146387  
31880     	0.49236641221374045 	32810.15754899998   	52073.655549999996  	0.6300721008052983  	0.18168807099462528 	0.05720809283000813 
31952     	0.49056603773584906 	32998.96574599998   	52313.699022999994  	0.6307901441167793  	0.18120702333409747 	0.057029284100292545
31976     	0.4924812030075188  	33191.357348999976  	52658.403077999996  	0.6303145444770789  	0.18211582505775922 	0.05728835650964064 
32000     	0.4943820224719101  	33628.62647799998   	53304.66882299999   	0.6308758167068818  	0.183149775797388   	0.05758394911913206 
32050     	0.4962686567164179  	33747.30858699998   	53472.953084999994  	0.6311098721882004  	0.18422382015740718 	0.05788437880410541 
32125     	0.4944649446494465  	33966.61791499998   	53740.49881         	0.632048802432766   	0.18398174597759867 	0.05776043882490291 
32175     	0.4945054945054945  	34023.24366799998   	53829.500070999995  	0.6320557245213875  	0.184277775762653   	0.05779734544494298 
32200     	0.49635036496350365 	34174.44375199998   	54064.980208999994  	0.6320994407080368  	0.18525001302892824 	0.05804781800939193 
32225     	0.49818181818181817 	34503.856959999976  	54619.71608299999   	0.6317106611753162  	0.18617598086821094 	0.05828319619684264 
32250     	0.5                 	34568.84977099997   	54684.70889399999   	0.6321483732867209  	0.1868612706621279  	0.058436976275786   
32275     	0.5018050541516246  	34715.88349399997   	54941.58537299999   	0.6318689797229703  	0.18759644166227987 	0.05860411156241722 
32350     	0.5                 	34800.31808899997   	55065.123107999985  	0.631984750506153   	0.18680430305145532 	0.058295081806551796
32375     	0.501779359430605   	35163.13778999997   	55737.191088999985  	0.6308738761853321  	0.1874045607134391  	0.05844211140462232 
32425     	0.5017667844522968  	35223.18850199997   	55806.598475999985  	0.6311653005898209  	0.18720456115713138 	0.05833989807908942 
32450     	0.5035211267605634  	35514.448463999965  	56270.95440799998   	0.6311328613070567  	0.1876348128612948  	0.05843148806719331 
32575     	0.4982698961937716  	35637.78666599996   	56434.85813899998   	0.6314853592477102  	0.1853056073173745  	0.057672027064369816
32600     	0.5                 	36137.99801899996   	57196.54301699998   	0.631821367390316   	0.18564624368133742 	0.057749370002514115
32650     	0.5                 	36272.426132999964  	57395.26957099998   	0.6319758824049025  	0.18535160060072323 	0.057622875964753434
32700     	0.5                 	36356.98175099996   	57494.689475999985  	0.6323537370556017  	0.18510714301589404 	0.05750036812281886 
32775     	0.4983164983164983  	36477.504751999964  	57698.21239899998   	0.6322120432388333  	0.1842443528357734  	0.05719277816684942 
32800     	0.5                 	36646.473737999964  	57977.23081999998   	0.6320838925849197  	0.18468627233883506 	0.057285894126655336
32825     	0.5016722408026756  	37099.66843199996   	58643.32859999998   	0.6326323781014023  	0.18525918635874744 	0.05741336800422115 
32850     	0.5033333333333333  	37257.88616499996   	58845.92297399998   	0.6331430332303852  	0.1858754645696528  	0.05755008345127141 
32925     	0.5016501650165016  	37514.05824199996   	59250.66759899998   	0.6331415283940719  	0.18530803153489347 	0.05732336880444853 
32975     	0.5016393442622951  	37786.59492699996   	59692.92682699998   	0.6330162874491276  	0.18519998045528036 	0.057259708148289436
33066     	0.5                 	37934.53713199996   	59945.38084399998   	0.6328183522717061  	0.18445479486082145 	0.05699981434272782 
33133     	0.4983922829581994  	38532.57204699996   	60939.789087999976  	0.6323056351796209  	0.18382885257121181 	0.056787708822262216
33155     	0.5                 	38728.88042899996   	61244.56211999997   	0.6323643942970194  	0.18439948754693686 	0.05695078469355879 
33244     	0.49683544303797467 	39097.20643099996   	61792.03006399998   	0.6327224787809324  	0.1831607430562012  	0.05656639337758453 
33288     	0.4968553459119497  	39420.088616999965  	62334.362979999976  	0.6323973925850165  	0.18315099069819046 	0.05657303424432722 
33355     	0.4953271028037383  	39735.47697999996   	62855.505038999974  	0.6321717875840036  	0.18264743463560687 	0.05643082725081734 
33400     	0.4953560371517028  	39973.449731999965  	63292.93396099997   	0.6315625968078984  	0.1827318315817673  	0.056483127198908564
33422     	0.49691358024691357 	40253.357231999966  	63658.47877099997   	0.6323330058954792  	0.18346326306915334 	0.0567218985625901  
33444     	0.49846153846153846 	40366.12846899997   	63844.20252699997   	0.6322598900335386  	0.18421058761681433 	0.056968920605443625
33466     	0.5                 	40644.23877899996   	64202.984814999974  	0.6330583990154941  	0.1850415210958621  	0.057226561783716774
33488     	0.5015290519877675  	40701.23272899996   	64304.870668999974  	0.632941677754142   	0.18587967208407613 	0.05748680422255451 
33511     	0.5030487804878049  	40921.64358199996   	64604.54622799998   	0.6334173981747477  	0.18676295039202068 	0.05775960233339046 
33533     	0.5045592705167173  	41154.17030899996   	64926.339138999974  	0.6338593990474886  	0.1877204927856038  	0.05804233054905292 
33555     	0.5060606060606061  	41256.856660999954  	65113.92183299997   	0.6336103785425935  	0.18869978600928602 	0.058331237909112175
33577     	0.5075528700906344  	41284.612726999956  	65143.47238599997   	0.633749034475363   	0.18961059688503654 	0.058595919710028324
33600     	0.5090361445783133  	41468.73741699995   	65511.84710499997   	0.632996003769141   	0.1904948460098804  	0.05885897336568404 
33622     	0.5105105105105106  	42042.39415199995   	66470.75849699997   	0.6324945750979726  	0.19143336607798342 	0.05916074698582376 
33666     	0.5104477611940299  	42138.08942399995   	66609.32373199998   	0.632615481783615   	0.19179066625156208 	0.059287488580510896
33688     	0.5119047619047619  	42285.93170199994   	66801.29806999998   	0.6330106288906125  	0.19276124549195273 	0.059595801759465314
33844     	0.5043731778425656  	42371.75144499994   	66921.13376099998   	0.6331594978101399  	0.19011296970463604 	0.05878029104759252 
33977     	0.498567335243553   	42546.64298999994   	67181.11811599997   	0.6333125167183986  	0.18785801655510953 	0.058084997716103426
34208     	0.48746518105849584 	43156.00451099994   	68249.44579799997   	0.6323275450284259  	0.18334475387783356 	0.056696044217796414
34250     	0.48753462603878117 	43429.171065999944  	68752.05239599997   	0.6316781761780057  	0.1830910596389882  	0.05663649023687546 
34291     	0.48760330578512395 	43953.14546099994   	69556.26441299997   	0.6319077919426789  	0.18295964618099114 	0.05661115053358528 
34354     	0.48633879781420764 	44013.33063699994   	69623.91419299998   	0.6321582339509585  	0.18230593298513045 	0.0564090143226708  
34375     	0.4877384196185286  	44470.41129799994   	70374.60804899997   	0.631909896635394   	0.18274452661019874 	0.056555393999139524
34395     	0.4891304347826087  	44660.94901299994   	70687.00335299998   	0.631812736352255   	0.1832272081961279  	0.05671430886151457 
34479     	0.48655913978494625 	45247.50625199994   	71692.07724699998   	0.6311367725628757  	0.18230284914989786 	0.056448817117846474
34541     	0.48533333333333334 	45341.92550199994   	71812.33949299998   	0.631394629698977   	0.18176367332243354 	0.056298866009523676
34583     	0.4854111405835544  	45551.94996699994   	72166.74082899997   	0.6312042007679948  	0.18165079503297427 	0.05628183257399613 
34604     	0.48677248677248675 	46150.98660199994   	73173.26948299997   	0.6307082754136332  	0.18214383945234738 	0.05645799358984576 
34645     	0.4868421052631579  	46257.56533299994   	73319.93900499996   	0.6309002156950166  	0.18217814659164233 	0.05648977477006248 
34666     	0.4881889763779528  	46659.23456799994   	73896.38850899997   	0.6314142748981194  	0.18268306300681655 	0.05668453193535192 
34687     	0.4895287958115183  	47138.21064599994   	74668.27884899997   	0.6313016902576062  	0.18327465965297976 	0.05690828087571214 
34770     	0.48704663212435234 	47454.13555099994   	75173.77535099996   	0.6312591768795434  	0.18225858429171618 	0.056610811417227284
34791     	0.4883720930232558  	47717.38898399994   	75624.03818999996   	0.6309817635513384  	0.18273083806874832 	0.05677419981094827 
34812     	0.4896907216494845  	48238.01021999994   	76505.37954899996   	0.6305178865115568  	0.18328487925401335 	0.05697825942061561 
34833     	0.4910025706940874  	48445.954481999936  	76845.83348999996   	0.6304304642398636  	0.18386408639659693 	0.057191656156379056
34875     	0.49104859335038364 	48628.36482899993   	77210.93607299996   	0.6298118803147742  	0.1839590244002042  	0.057266075926494846
34937     	0.48984771573604063 	49078.48763499993   	77901.03391899996   	0.6300107349798569  	0.18366999629237182 	0.05722078683503647 
34979     	0.4898989898989899  	49259.45168999993   	78155.43935399996   	0.630275411374536   	0.18377480024817724 	0.05728186300622072 
35000     	0.491183879093199   	49624.66801699993   	78837.14251999996   	0.6294579741320634  	0.18440815503663185 	0.05751701890099851 
35054     	0.49246231155778897 	50213.30709199993   	79843.31076099997   	0.628898108224828   	0.1851570170812004  	0.057793555944425715
35081     	0.49373433583959897 	50405.34687399993   	80100.53078799997   	0.6292760656905817  	0.18594861168686214 	0.05807741820604863 
35135     	0.4937655860349127  	50584.91632399993   	80386.53548099997   	0.629271009396295   	0.18619335785546728 	0.05818844389608935 
35216     	0.49257425742574257 	51068.424730999934  	81311.98115999997   	0.6280553493157558  	0.18598822572843407 	0.0581737789301289  
35297     	0.4914004914004914  	51557.00385699993   	82136.89742399997   	0.6276960230291734  	0.18588178236653213 	0.05819518386182903 
35378     	0.4902439024390244  	52015.72254499993   	82795.06372999997   	0.628246663528475   	0.18570808145326817 	0.058167322795398595
35405     	0.49148418491484186 	52181.07688599993   	83026.46839599997   	0.6284872510428723  	0.1864777820535313  	0.058429989617417674
35621     	0.48448687350835323 	52337.49909599993   	83269.79742199997   	0.6285291992576927  	0.1840559073168867  	0.057688474122368015
35675     	0.4845605700712589  	52427.67067299993   	83437.41730299998   	0.6283472375782047  	0.18430144191139242 	0.057778082802407274
35729     	0.4846335697399527  	52604.75539299993   	83614.50202299998   	0.629134350145742   	0.18454574284980776 	0.057862460338033266
35837     	0.48243559718969553 	52900.10224399993   	83999.38021999998   	0.6297677685888995  	0.1837681327694225  	0.05760851573838006 
35864     	0.48364485981308414 	53469.380582999926  	85046.62746699998   	0.6287066539322475  	0.18438728344690405 	0.057806026925599954
35972     	0.48148148148148145 	53919.404328999924  	85879.80249699998   	0.6278473256955088  	0.183562043124363   	0.05755257026706167 
36000     	0.48267898383371827 	53931.74914999992   	85894.30342599998   	0.6278850517306241  	0.1840211959669261  	0.057701019953329824
36147     	0.4805491990846682  	54571.82036899992   	86938.21347799999   	0.6277080950462538  	0.18305262290345561 	0.05740076027141338 
36235     	0.47954545454545455 	54695.95746599992   	87160.242852        	0.6275333302922854  	0.18252427719088138 	0.05724697907525861 
36352     	0.4774774774774775  	54967.99245799992   	87708.442201        	0.6267126752978998  	0.18149607456164593 	0.056961128498313904
36382     	0.4786516853932584  	55349.00749599992   	88334.855329        	0.6265817415996724  	0.18177643194096452 	0.0570863676222947  
36411     	0.4798206278026906  	55506.04308799992   	88627.811943        	0.6262824487159632  	0.18208894023091235 	0.05722279390150956 
36470     	0.4799107142857143  	55587.702185999915  	88782.023017        	0.6261143900196549  	0.18189669515276988 	0.0571960658309499  
36500     	0.48106904231625836 	56106.18708399992   	89694.697193        	0.6255240146836527  	0.18219980139196987 	0.057331736391640756
36529     	0.4822222222222222  	56198.02629899992   	89873.945768        	0.625298308856597   	0.1825190005636399  	0.05747270986260708 
36558     	0.48337028824833705 	56478.872038999914  	90340.741273        	0.6251760971091308  	0.18287462253909334 	0.05763172420774682 
36588     	0.48451327433628316 	57073.123928999914  	91345.932004        	0.6248020319777426  	0.18332187875019448 	0.057826579124215856
36647     	0.4845814977973568  	57188.088943999916  	91499.468724        	0.6250100655393168  	0.18339481594019041 	0.057897419031950816
36764     	0.48253275109170307 	57308.293247999914  	91661.03603500001   	0.6252197850580394  	0.18268821743781644 	0.057720208096588406
36852     	0.48156182212581344 	57411.88676899992   	91806.92419         	0.6253546480893155  	0.1824085385091781  	0.05767445665572392 
36882     	0.48268398268398266 	57706.51228999992   	92315.38862700001   	0.6251017641615838  	0.18296914763190927 	0.057898794777749736
36970     	0.4817204301075269  	57826.53797499992   	92520.59157700001   	0.6250126268039903  	0.1825514869098189  	0.05778238347938682 
37054     	0.4817987152034261  	57979.32249499992   	92838.72804600002   	0.6245165537626942  	0.18254496819710414 	0.05780661661798497 
37297     	0.47478991596638653 	58416.48660999992   	93595.87282600002   	0.6241352833858331  	0.17942322696383875 	0.05684531773176774 
37351     	0.47489539748953974 	58899.17561899992   	94281.17448500003   	0.6247183060746733  	0.17906903648332137 	0.05675673764458775 
37378     	0.4759916492693111  	59096.04949299992   	94649.80356600003   	0.6243652629642469  	0.17903104152327784 	0.05676627398236907 
37405     	0.47708333333333336 	59454.38759799992   	95252.81638000003   	0.6241745898705352  	0.17904345066441282 	0.05679868598695217 
37432     	0.4781704781704782  	59846.84977599992   	95874.76587000003   	0.6242189926924919  	0.1790822140728615  	0.05683509976934677 
37486     	0.4782608695652174  	60023.96900699992   	96120.85784000003   	0.6244635176572609  	0.17878632478554593 	0.056760154091114554
37540     	0.47835051546391755 	60279.08760899992   	96544.83158700002   	0.6243636931996744  	0.17852431542425853 	0.05670120603460398 
37567     	0.4794238683127572  	60538.97291499992   	97015.37086800003   	0.6240142399431713  	0.17866447640915403 	0.0567771950685791  
37621     	0.47950819672131145 	60818.742462999915  	97510.81840300003   	0.6237127680709607  	0.1784755740569126  	0.056754778172575834
37648     	0.48057259713701433 	61312.155781999914  	98394.15002300002   	0.6231280596221214  	0.17872250071467508 	0.05688050573439959 
37675     	0.4816326530612245  	61532.79693699991   	98814.73584800003   	0.6227087125107699  	0.17896628004547657 	0.05701652453988922 
37702     	0.48268839103869654 	61972.30708099991   	99486.09608400002   	0.6229243031978484  	0.17927228912328144 	0.05715788841081805 
37729     	0.483739837398374   	62234.51836299991   	99901.89575100002   	0.6229563302593979  	0.17961846712239626 	0.05731126023139807 
37756     	0.4847870182555781  	62531.72571099991   	100397.56118100001  	0.6228410827456822  	0.18001570327228827 	0.057480984352929275
37783     	0.48582995951417    	62660.04894699991   	100537.98074500001  	0.6232475377233607  	0.18045418715310096 	0.05765113574348857 
37810     	0.4868686868686869  	62932.943367999906  	100961.33007600001  	0.6233371065993909  	0.1809339845563729  	0.057834172666809375
37837     	0.4879032258064516  	63266.7030119999    	101459.70731200001  	0.6235648090078525  	0.1814410829938786  	0.05801664147512469 
37918     	0.48697394789579157 	63389.132217999904  	101671.38471600002  	0.6234707277280188  	0.18120308639175467 	0.057965600053382756
37945     	0.488               	63880.10323099991   	102488.67278000001  	0.623289398703831   	0.181711568306222   	0.05815332810344494 
37972     	0.48902195608782434 	64041.04301299991   	102767.46941500001  	0.6231645420243502  	0.18224822073130878 	0.058350288951762405
38045     	0.48906560636182905 	64153.46234099991   	102942.85857700002  	0.6231948794487175  	0.18243213925107135 	0.058435867028809194
38068     	0.49007936507936506 	64262.55907799991   	103107.98204300003  	0.6232549391879276  	0.18299203573882783 	0.05864247802075487 
38159     	0.4881889763779528  	64334.42891299991   	103203.20618300003  	0.6233762621572244  	0.18248214989887956 	0.05850316060385117 
38181     	0.48919449901768175 	64368.52519299991   	103238.60418200002  	0.6234927884100816  	0.18306081523266038 	0.05871016276165915 
38204     	0.49019607843137253 	64477.95468199991   	103428.71595300002  	0.6234047680849091  	0.18358570901736943 	0.05889660183395127 
38227     	0.4911937377690802  	64806.633681999905  	103955.52785900002  	0.6234072878731405  	0.18415149548392698 	0.059099965465902564
38250     	0.4921875           	65103.261732999905  	104451.86463100002  	0.6232848208406043  	0.18476911160391085 	0.059316960163743014
38272     	0.49317738791423    	65225.5048679999    	104589.92949200002  	0.6236308331481276  	0.18541952658044736 	0.05953457182888735 
38340     	0.49224806201550386 	65575.6083089999    	105168.04905200003  	0.6235316609950255  	0.18535023444545207 	0.0595169448109953  
38431     	0.49038461538461536 	65788.3389349999    	105508.41081900003  	0.6235364405958117  	0.18486507746392644 	0.05937074729148366 
38454     	0.491362763915547   	65826.79383799991   	105573.30606700003  	0.6235174050173652  	0.18545588344477193 	0.059569449983946456
38522     	0.4904580152671756  	65847.87234199992   	105611.95805500002  	0.623488793832494   	0.18521206621556913 	0.05950431591677753 
38568     	0.49049429657794674 	66147.81535099991   	106079.35248400003  	0.6235691847852954  	0.1853713927755744  	0.059568794025796484
38704     	0.4868421052631579  	66295.1018919999    	106326.70003800004  	0.6235038035442343  	0.18385469581089042 	0.05908411656774123 
38818     	0.48417132216014896 	66437.59462299991   	106526.78808300004  	0.623670306958239   	0.18270916114764976 	0.05872185773258342 
38863     	0.4842300556586271  	66678.7504119999    	106984.17401700004  	0.6232580755486741  	0.18258941373473547 	0.05869524070310327 
38886     	0.48518518518518516 	66943.6521529999    	107355.99058300004  	0.623566992297871   	0.18285280528574355 	0.058786446070352306
38909     	0.48613678373382624 	67259.4123679999    	107840.14342700003  	0.6236955017917762  	0.18316079701410024 	0.05889162760342279 
38977     	0.4852941176470588  	67747.88237999991   	108687.26156800003  	0.6233286348613498  	0.1827150855106052  	0.058751324477759784
39075     	0.4844606946983547  	68108.62423399992   	109244.42052300004  	0.6234517415894985  	0.18231266457156695 	0.0586265882334931  
39125     	0.48451730418943534 	68269.87377199992   	109510.12406200003  	0.6234115279912238  	0.1822506312941752  	0.058605118800850176
39150     	0.48545454545454547 	68322.53498099992   	109601.71538500003  	0.6233710370408169  	0.18244506644492736 	0.058666702422346964
39200     	0.4855072463768116  	68524.28536899992   	109871.40034100003  	0.6236771821996078  	0.18234595074991436 	0.05862704026015936 
39225     	0.4864376130198915  	68724.20896299992   	110131.41830400004  	0.6240200119215555  	0.1826186582826086  	0.058698750820055524
39325     	0.48473967684021546 	68834.33348899992   	110304.32231400003  	0.6240402193220613  	0.18187393565798096 	0.05842969183059034 
39400     	0.48392857142857143 	69116.43534499992   	110789.79369600004  	0.6238520087387373  	0.18145303864114096 	0.058263458249050985
39425     	0.48484848484848486 	69278.79192599992   	111033.75070100004  	0.623943544090112   	0.18168189005050572 	0.05830470806412307 
39450     	0.48576512455516013 	69424.37521399991   	111270.29410300004  	0.6239255119586146  	0.18191614192775196 	0.05834372545980397 
39475     	0.4866785079928952  	69636.8468489999    	111618.29666000004  	0.6238837980221144  	0.18216711100377367 	0.05839555137549085 
39575     	0.48500881834215165 	69995.40989799991   	112232.80438400003  	0.6236626651376671  	0.18135652854631706 	0.05812434495314752 
39600     	0.4859154929577465  	70120.15585099992   	112399.07497100004  	0.6238499371021651  	0.18153193801344147 	0.05816650891967517 
39625     	0.4868189806678383  	70294.88316199991   	112707.89337900004  	0.6236908618779791  	0.18172886240465963 	0.058218642632290256
39650     	0.48771929824561405 	70364.29428699991   	112812.25452200005  	0.6237291736180828  	0.1819417568325558  	0.058273123400332666
39675     	0.4886164623467601  	71083.27174999991   	113865.62581500005  	0.624273315508672   	0.18225655200034055 	0.05835657530197936 
39725     	0.4886561954624782  	71143.97160499991   	113940.49726800005  	0.6243958321303601  	0.18225640679053415 	0.05833900842485059 
39775     	0.48869565217391303 	71506.79309299991   	114558.00024000005  	0.6241972882137653  	0.1823063542017018  	0.05833919951174474 
39800     	0.4895833333333333  	71748.75391799991   	114935.24300700006  	0.6242537279329553  	0.18271060904547023 	0.05844948058981446 
39825     	0.4904679376083189  	72199.05419899992   	115641.20197300006  	0.6243367672350636  	0.1831679422813099  	0.05857946216827878 
39850     	0.4913494809688581  	72727.84489999992   	116500.92918100006  	0.6242683677398599  	0.18363767627144845 	0.05872577827078993 
40000     	0.488013698630137   	72748.53549199992   	116539.70749300005  	0.6242381850526745  	0.18248781775365094 	0.05835540312088489 
40096     	0.48639455782312924 	72918.39946099992   	116798.34202600006  	0.6243102273212733  	0.18191367242222956 	0.058165481182942715
40134     	0.4864406779661017  	72990.28453799992   	116876.75958300005  	0.6245064014301822  	0.18196107277078896 	0.05816950923180633 
40230     	0.48403361344537815 	73241.50431199992   	117347.95569500006  	0.6241395845221408  	0.18109029751468422 	0.05788063406246915 
40269     	0.48408710217755446 	73765.12386899992   	118208.97671200006  	0.6240230304058761  	0.18119022207492322 	0.057908339929610954
40307     	0.48414023372287146 	73889.44298299991   	118400.63707100006  	0.6240628835357652  	0.18125926647603072 	0.0579242824063918  
40346     	0.4841930116472546  	74278.08916299991   	119030.84921700007  	0.6240238530734725  	0.1813804316246114  	0.057955839515980004
40365     	0.4850498338870432  	74540.75888999991   	119447.19322300007  	0.6240478062204208  	0.18183309093688174 	0.058094794328478916
40423     	0.484297520661157   	75113.22534499991   	120239.06752200007  	0.6246990008572421  	0.1817020547417797  	0.0580416843015091  
40461     	0.4843492586490939  	75468.84558799991   	120816.06260700007  	0.6246590391998692  	0.18192012446871345 	0.058101094545995144
40500     	0.48440065681444994 	75565.1240279999    	120943.53776900008  	0.6247967061483508  	0.18208003280101623 	0.05813962519334662 
40557     	0.48366013071895425 	75774.8235459999    	121315.49803900007  	0.6246095904551294  	0.18190083216691788 	0.05806820463545913 
40596     	0.4837133550488599  	76353.0565559999    	122353.13605300007  	0.6240384106127514  	0.1820901431821344  	0.058122182557853216
40750     	0.4790996784565916  	76420.97837899989   	122466.71049800007  	0.6240142979936403  	0.18046186563360758 	0.05760816724961501 
40769     	0.4799357945425361  	76609.64329399989   	122735.13754500008  	0.624186722941598   	0.180865050982712   	0.05773900145745299 
40807     	0.48                	77077.28184899989   	123534.03932400008  	0.623935574929633   	0.1810224940961483  	0.05779435239458592 
40826     	0.48083067092651754 	77132.26498699989   	123625.01908400009  	0.6239211573717975  	0.1813841571298281  	0.05791714456079337 
40865     	0.48089171974522293 	77674.14212099988   	124629.17023000009  	0.6232420706777887  	0.18148686662630956 	0.057966740572344286
40884     	0.48171701112877585 	77853.27843799988   	124930.37787000008  	0.6231733207355888  	0.18189951882561498 	0.05811610012087827 
40903     	0.48253968253968255 	78367.94590299988   	125671.02068700008  	0.6235960006896528  	0.18237629521948798 	0.05828411004493845 
40923     	0.48335974643423135 	78679.55190599988   	126121.67360600008  	0.6238384700776505  	0.18277304652102802 	0.05842858617568024 
40942     	0.48417721518987344 	78782.77456999988   	126270.08108100008  	0.6239227368473936  	0.18318401447025756 	0.058576370129490726
40961     	0.4849921011058452  	79141.03319299988   	126933.81072800008  	0.6234826854965153  	0.18363255438544923 	0.05874152838903489 
40980     	0.48580441640378547 	79346.99557399988   	127209.65411300008  	0.6237497942059972  	0.18411244265253443 	0.058911704492690245
41000     	0.48661417322834644 	79474.48245899989   	127378.42932800009  	0.6239241830683334  	0.18461234874706545 	0.05908393694909819 
41068     	0.48742138364779874 	79965.79072199989   	128092.11182700009  	0.6242834908522773  	0.1851486339466792  	0.05925986332602501 
41137     	0.48746081504702193 	80272.01497799989   	128497.06705400009  	0.6246991998989835  	0.18540760555140653 	0.059344942865275134
41172     	0.48826291079812206 	80589.3267889999    	128971.88926300009  	0.6248596283230508  	0.18592754568247225 	0.0595167822202016  
41206     	0.4890625           	81032.2985669999    	129794.6423440001   	0.6243115825400302  	0.18649117376709456 	0.059711668564952955
41344     	0.48757763975155277 	81375.9482299999    	130307.1717440001   	0.6244932427040172  	0.18610024028215183 	0.0596001916985278  
41413     	0.48761609907120745 	81604.34206199991   	130546.3155740001   	0.6250987758880299  	0.18627943086714827 	0.05966704316436957 
41482     	0.4876543209876543  	81951.21089099991   	131134.58045600008  	0.6249397421033211  	0.18649066607296363 	0.05974683359032771 
41551     	0.4876923076923077  	82035.7906189999    	131276.4810280001   	0.6249085135173786  	0.18665626176098926 	0.059810835629788145
41586     	0.48847926267281105 	82117.7063529999    	131372.0582740001   	0.6250774132024988  	0.1871213614714866  	0.059967545490212285
41689     	0.4877675840978593  	82412.1140829999    	131762.2512310001   	0.6254607318337209  	0.18686943136478118 	0.05988678827573199 
41724     	0.48854961832061067 	82551.46717499991   	131987.2169160001   	0.6254504724312635  	0.18716690083079524 	0.05998605576570401 
41793     	0.4885844748858447  	82643.5706669999    	132122.13400400008  	0.6255088997010737  	0.18715904437577588 	0.059983431721953084
41827     	0.48936170212765956 	82688.3302739999    	132184.53596000007  	0.6255522226822504  	0.18744084760346175 	0.060073671352063374
41862     	0.49013657056145676 	82862.9867299999    	132373.96771000006  	0.6259764526476462  	0.18775167676660154 	0.060166421926106745
41896     	0.4909090909090909  	83093.2630149999    	132719.72789100005  	0.6260807216485756  	0.18809822668264323 	0.06026506173916718 
41965     	0.4909365558912387  	83495.89138299991   	133330.08699900005  	0.6262344326200441  	0.18815580476755306 	0.06026857162346744 
42000     	0.4917043740573152  	83658.82177199991   	133634.07501100004  	0.6260291154416534  	0.18841511791463533 	0.06034021201933743 
42117     	0.49099099099099097 	83957.1930139999    	134207.61664400002  	0.6255769613784684  	0.18809320797694207 	0.06023667076041408 
42147     	0.4917541229385307  	84060.9326029999    	134442.33970100002  	0.6252563945997337  	0.1883468601424102  	0.06032173101086959 
42205     	0.49177877428998507 	84368.5448749999    	134870.07415000003  	0.6255542262189814  	0.18828104261649692 	0.06029597966239993 
42264     	0.4918032786885246  	84678.1170739999    	135408.34843400004  	0.6253537396571469  	0.18813515079138837 	0.06023960850250672 
42294     	0.49255952380952384 	85087.78969099991   	136053.48635500003  	0.6253995540326182  	0.1882805452786904  	0.06028328172005745 
42352     	0.49258160237388726 	85567.8833809999    	136738.27346400003  	0.62577858571198    	0.1881728689499591  	0.06025084463394206 
42382     	0.49333333333333335 	86067.7800059999    	137441.37330800004  	0.626214493747278   	0.1883953996159308  	0.06031930647983257 
42441     	0.4933530280649926  	86224.8756979999    	137634.90501200003  	0.626475352967201   	0.18836099130720044 	0.06030260174753903 
42470     	0.4941002949852507  	86326.1491739999    	137805.04908800003  	0.6264367651643407  	0.18861352764453163 	0.06037869787924416 
42558     	0.4933920704845815  	86834.71158699991   	138791.24143800003  	0.6256497938004985  	0.1882690008871086  	0.06027809526487599 
42617     	0.493411420204978   	87031.21735099991   	139172.17958200004  	0.6253492444567289  	0.1881225696299778  	0.06024428249756099 
42647     	0.49415204678362573 	87333.32798499991   	139642.34175500003  	0.6254072145125198  	0.1882893154183598  	0.060309792188349684
42676     	0.4948905109489051  	87436.6532409999    	139786.56626000002  	0.6255011163116319  	0.18834331082476305 	0.06034708852622933 
42705     	0.4956268221574344  	87867.8644459999    	140508.598877       	0.6253557799897973  	0.18844047630610405 	0.06040297849939407 
42735     	0.4963609898107715  	88022.0108249999    	140731.84506800002  	0.6254590834254228  	0.18853767373730737 	0.060454756510138735
42764     	0.49709302325581395 	88151.71577599991   	140937.003281       	0.6254689238726265  	0.18864951308062272 	0.0605106028908471  
42794     	0.49782293178519593 	88314.03130599992   	141135.111272       	0.6257410399868417  	0.18876555905950504 	0.060564765593764724
42823     	0.4985507246376812  	88658.23563999991   	141741.67761900002  	0.6254916488170277  	0.1888721213801065  	0.06060434250818067 
42882     	0.4985549132947977  	88750.81778299992   	141849.443919       	0.6256691272873731  	0.18872398284579942 	0.060557186232067954
42911     	0.49927849927849927 	89106.53164699992   	142410.350433       	0.6257026359114395  	0.18889227459069982 	0.06061083625546869 
42941     	0.5                 	89471.58931199992   	142939.369183       	0.6259408434736601  	0.18909632852233627 	0.06067315642250206 
42970     	0.5007194244604316  	89565.17978599992   	143037.028001       	0.6261677905204641  	0.18930927137251924 	0.060732745166153145
43000     	0.5014367816091954  	89702.64921899993   	143254.88668999998  	0.626175143421908   	0.18953481821825677 	0.06079689543001127 
43137     	0.5007153075822603  	89969.03146899992   	143698.66354299997  	0.626095116340994   	0.18918783058763403 	0.060672082638504626
43172     	0.5014285714285714  	90013.43586199993   	143780.43494399998  	0.6260478756866928  	0.1893663304737752  	0.06071920929011628 
43206     	0.5021398002853067  	90287.99374899993   	144133.286607       	0.6264201412070971  	0.18958530699662934 	0.06077110473366409 
43241     	0.5028490028490028  	90915.53839499992   	145108.93308699998  	0.6265330221985131  	0.18985926765226088 	0.060839768527106174
43275     	0.5035561877667141  	91385.30940599993   	145815.320865       	0.6267195303201855  	0.19019104855735555 	0.06092289188343886 
43310     	0.5042613636363636  	91734.71336799992   	146404.28417199999  	0.6265848973396662  	0.19052519703234339 	0.06100776257715546 
43344     	0.5049645390070922  	91772.63703799993   	146442.47546599997  	0.6266804541917695  	0.19082297389361833 	0.061079413928712106
43379     	0.5056657223796034  	91949.92477899992   	146679.31021499998  	0.626877264722757   	0.19114643647857132 	0.06115490222199981 
43413     	0.5063649222065064  	92177.10500099992   	147020.35529299997  	0.6269683188922937  	0.19150080183681417 	0.061238114783273775
43448     	0.5070621468926554  	92627.35933999992   	147587.30028699996  	0.6276106356026276  	0.19187128056424507 	0.06131439777164672 
43551     	0.5063291139240507  	92832.46705499993   	147878.88383299997  	0.6277601280777578  	0.19165726618821624 	0.061197602319964246
43586     	0.5070224719101124  	93068.33020299993   	148279.59641399997  	0.6276543263791402  	0.19200656821604695 	0.061263685059246384
43655     	0.5070028011204482  	93164.77197399993   	148394.39023299998  	0.6278186919850419  	0.19204191216663008 	0.061235246474203565
43827     	0.5048678720445062  	93311.27656899994   	148582.639622       	0.6280092802657663  	0.19124871498251114 	0.060950777440668555
43896     	0.5048543689320388  	93704.88829299994   	149239.87161899998  	0.6278810566939017  	0.19127015094168384 	0.06092878863013336 
43965     	0.5048409405255878  	94194.45486499993   	150009.68998099997  	0.6279224687213905  	0.19130166287105116 	0.06091657782297926 
44000     	0.505524861878453   	94363.20311099994   	150262.21227099997  	0.6279902424224568  	0.191620310535444   	0.060993803627266606
44081     	0.5048143053645117  	94739.26290399993   	150894.87362299996  	0.6278494466332846  	0.19137872088244048 	0.06089333185746385 
44183     	0.5027322404371585  	94978.60101999993   	151237.79471999998  	0.6280083704992016  	0.19064887129777194 	0.06063370662290629 
44265     	0.501358695652174   	95313.38922899993   	151936.109335       	0.6273254570369833  	0.19016084066344427 	0.06046889045868577 
44306     	0.5013550135501355  	95853.11535099993   	152832.71436699998  	0.6271766862742888  	0.19009532721264666 	0.060457774460659586
44346     	0.5013513513513513  	96204.90594199992   	153424.57794499997  	0.6270501586550735  	0.19007044662873163 	0.06045958672932493 
44367     	0.5020242914979757  	96338.50525999992   	153576.40137499996  	0.6273001867309183  	0.19032657955064405 	0.06054429041009732 
44387     	0.5026954177897575  	96620.61308799991   	154098.95412099996  	0.6270036914860077  	0.19060172440831177 	0.06064103225048832 
44428     	0.5026881720430108  	96811.1402419999    	154452.95635799997  	0.6268001760847197  	0.1906415026445851  	0.06066438453017028 
44448     	0.5033557046979866  	97199.7219629999    	155109.43081099997  	0.6266525604199866  	0.19097565111092554 	0.06078388169417224 
44469     	0.5040214477211796  	97318.5408419999    	155287.35618499998  	0.6266997084170876  	0.19132143751758796 	0.06090678823652072 
44489     	0.5046854082998661  	97631.9903199999    	155736.3418         	0.6269056354577857  	0.19169785150032584 	0.06103822822248019 
44530     	0.5046728971962616  	97965.8722939999    	156307.942271       	0.6267491649538247  	0.1918521668363481  	0.06109999951111968 
44571     	0.5046604527296937  	98191.2490049999    	156662.264163       	0.6267702661493283  	0.19203160218040682 	0.061168041725342875
44591     	0.5053191489361702  	98250.41156799991   	156744.799166       	0.6268176812931966  	0.1924724107603537  	0.0613183530574346  
44612     	0.5059760956175299  	98317.64067399991   	156868.62771200002  	0.6267514550742697  	0.19288131201785985 	0.061458410860902646
44653     	0.5059602649006623  	98589.80026899991   	157323.63617        	0.6266687108761345  	0.19300630983110104 	0.061506398155065645
44693     	0.5059445178335535  	98869.71610399992   	157850.45244700002  	0.6263505398389434  	0.19309962759725008 	0.06155431054801399 
44734     	0.5059288537549407  	99081.71365899991   	158113.92909000002  	0.6266475966364836  	0.19317769852837396 	0.0615754258281648  
44877     	0.5026109660574413  	99567.61176099992   	158912.54242800002  	0.6265560303782312  	0.19196119679274842 	0.0611940720075568  
44897     	0.5032594524119948  	100100.05721399991  	159757.453432       	0.6265751929790683  	0.1922817035364937  	0.06129934019419985 
45121     	0.49871134020618557 	100257.53740999992  	160007.121377       	0.6265817205334168  	0.190568855511373   	0.06075637602043093 
45317     	0.49489795918367346 	100288.99743499991  	160045.442261       	0.6266282626871057  	0.18909142629247813 	0.060283221440381535
45390     	0.49428208386277    	100593.19776599991  	160497.87597199998  	0.6267571901297256  	0.1888458521018093  	0.060203168110134764
45414     	0.4949238578680203  	101009.98704699992  	161267.38024899998  	0.6263510133979886  	0.18911540403760796 	0.060295457067452915
45463     	0.49493670886075947 	101181.56259199991  	161481.74573999998  	0.6265820457187232  	0.18917351330910337 	0.06031336787847553 
45487     	0.49557522123893805 	101303.38023999991  	161661.72347199998  	0.6266380072184854  	0.18948362567780988 	0.06041134492661756 
45512     	0.4962121212121212  	101519.2847729999   	161975.299317       	0.6267578155501209  	0.18981392707307684 	0.06051512005087753 
45585     	0.49559748427672956 	101836.66135399991  	162507.3388         	0.6266588457234641  	0.1896909758229183  	0.06047684581981597 
45609     	0.4962311557788945  	102028.7612149999   	162765.803075       	0.6268439640726412  	0.19006868664366722 	0.060594543485439904
45634     	0.4968632371392723  	102132.3255799999   	162894.602285       	0.6269840998249251  	0.19046317821339653 	0.060713400880514475
45658     	0.4974937343358396  	102329.6784649999   	163324.275535       	0.6265429810100147  	0.1908491005605399  	0.06083377043010877 
45682     	0.4981226533166458  	102646.7138539999   	163790.687132       	0.6266944455228779  	0.19126617411946617 	0.06096460756203552 
45804     	0.4962686567164179  	102717.8787639999   	163868.927172       	0.6268295065859877  	0.1906186413136594  	0.060753861853181886
45853     	0.49627791563275436 	103274.08189899991  	164848.545778       	0.6264785740850766  	0.19061754345138957 	0.06075199875829116 
45951     	0.49506172839506174 	103399.3833139999   	165031.035617       	0.6265450793992875  	0.1901278709484925  	0.06058435836434475 
45975     	0.4956843403205919  	103960.6914619999   	165967.62707999998  	0.6263913830128366  	0.19040336834576618 	0.06066187521397681 
46000     	0.4963054187192118  	104136.2023389999   	166190.65183999998  	0.626606858966153   	0.1906552199387615  	0.06072580194767887 
46184     	0.4938875305623472  	104524.10761199989  	166890.31346799998  	0.6263042200591327  	0.18973366313603776 	0.06042346362926079 
46236     	0.49390243902439024 	104747.41437799988  	167234.75918399997  	0.6263495393487641  	0.18969286439814095 	0.06039911705289349 
46289     	0.49391727493917276 	105228.17353199988  	168022.94565399995  	0.626272638670972   	0.18968045299972894 	0.060388075989014106
46368     	0.49333333333333335 	105415.48075599989  	168329.42669599995  	0.6262451124863535  	0.18941607005364497 	0.06030358767975781 
46421     	0.49334945586457074 	105829.17232399988  	169104.78895499994  	0.6258200786505332  	0.18940905561435448 	0.06031047848555237 
46447     	0.4939613526570048  	106158.52988099988  	169629.97506099995  	0.6258241200756213  	0.18961747318502523 	0.060386042210502845
46526     	0.49338146811071    	106710.47849299989  	170490.67504799995  	0.6259021407649222  	0.18942361318807693 	0.060332895249867985
46552     	0.49399038461538464 	106874.80207599989  	170774.56227699996  	0.6258238970195497  	0.18969490480197554 	0.0604314091162073  
46605     	0.4940047961630695  	107204.35583799989  	171346.30494299997  	0.6256589885242199  	0.18971396904188592 	0.060450957189017926
46631     	0.4946107784431138  	107264.11702699988  	171410.11631699998  	0.6257747169871194  	0.18997155159141635 	0.060543086609963485
46684     	0.4946236559139785  	107556.78007899989  	171976.34835899997  	0.6254161174214231  	0.1900261227131461  	0.0605744601508864  
46736     	0.49463647199046484 	107697.73702799989  	172151.21781499995  	0.6255996233714469  	0.19007853171408798 	0.060601661804314415
46763     	0.49523809523809526 	107778.90082099989  	172297.54258599997  	0.6255393965773105  	0.1903315217052053  	0.06069595936040207 
46868     	0.4940758293838863  	107969.1187519999   	172599.54756899996  	0.6255469395644689  	0.18991369394038232 	0.060578282268158534
46894     	0.49467455621301776 	108378.96774899989  	173204.57198599997  	0.6257281000513087  	0.19021529366783513 	0.06068706252518897 
46947     	0.4946871310507674  	108762.45303299988  	173818.29712499995  	0.6257249946177087  	0.1902790289096246  	0.06071953789698689 
46973     	0.49528301886792453 	109015.08585199989  	174162.88744099994  	0.6259375200639702  	0.1905950487465454  	0.06082887798488992 
47000     	0.4958775029446408  	109195.64543899988  	174377.06190699994  	0.626204182160363   	0.19092375798010752 	0.0609413956186085  
47047     	0.4964705882352941  	109258.67247099988  	174442.42777199994  	0.6263308408766436  	0.1912613853631593  	0.061053796526831086
47071     	0.4970622796709753  	109363.74920899989  	174638.33020099995  	0.6262299294955908  	0.19160669957762289 	0.06117050268696757 
47095     	0.49765258215962443 	109431.99736699989  	174716.39224999995  	0.6263407569131506  	0.19193514784725885 	0.06127908651608729 
47119     	0.49824150058616645 	109673.58986399989  	175045.46012499995  	0.6265434692546838  	0.19225793629424484 	0.06138301581697957 
47142     	0.49882903981264637 	109805.61050099989  	175218.25565199996  	0.6266790528898097  	0.19259472300904604 	0.06148857841689129 
47166     	0.4994152046783626  	110029.00183799988  	175538.55503799996  	0.6268081779195527  	0.192955218455754   	0.06159935896000518 
47214     	0.49941656942823803 	110113.53554999988  	175672.01520599995  	0.6268131860437555  	0.1931004003210448  	0.061639966458077164
47238     	0.5                 	110535.35256599988  	176445.69365399994  	0.6264553714909783  	0.19350778038511293 	0.061768279355831616
47261     	0.5005820721769499  	110813.09555799988  	176903.69431299996  	0.6264035128737087  	0.19394259642436495 	0.06190370489303403 
47309     	0.5005807200929152  	111342.10313999989  	177710.63890799996  	0.6265359453107432  	0.19419147748611854 	0.06197647958419459 
47357     	0.5005793742757821  	111857.1251679999   	178563.69859899997  	0.6264270176168178  	0.19446054714292949 	0.06206638137944682 
47500     	0.4982738780207135  	112094.8333619999   	178915.40585499996  	0.626524210289895   	0.1937327604406656  	0.06183376209280092 
47523     	0.49885057471264366 	112556.8550659999   	179737.64265499997  	0.6262286152380934  	0.19416602732186217 	0.06197493759904909 
47571     	0.4988532110091743  	112721.6639849999   	179951.84484399998  	0.626399046271063   	0.19434390990875827 	0.06203030359510755 
47619     	0.4988558352402746  	112853.27571099991  	180112.859186       	0.6265697864162932  	0.1945158628491908  	0.0620813609694578  
47642     	0.49942857142857144 	112988.45716699991  	180311.385824       	0.6266296310166831  	0.19488999560472703 	0.062193716648043844
47666     	0.5                 	113145.0864909999   	180592.853233       	0.6265202884026683  	0.19527763609323087 	0.06231103396798185 
47690     	0.500570125427594   	113398.2698759999   	180985.808878       	0.6265589030377519  	0.1956903560542477  	0.062435597524900556
47714     	0.5011389521640092  	113456.9090939999   	181052.37877900002  	0.6266524077680861  	0.19611278942480848 	0.06256037173914329 
47785     	0.5005675368898979  	113796.1033909999   	181523.31114700003  	0.6268952602943997  	0.1960429944871454  	0.06251778409363547 
47857     	0.5                 	113979.8280179999   	181789.73480000003  	0.6269871516309615  	0.1959402176129007  	0.06246433851118503 
47880     	0.5005649717514125  	114198.6981999999   	182168.52253400005  	0.6268849119017572  	0.19629940875560004 	0.06256018417302052 
47904     	0.5011286681715575  	114266.6242139999   	182258.28533800005  	0.6269488599768792  	0.19666894731806706 	0.06265666344406376 
47928     	0.5016910935738444  	114561.59207099989  	182620.24398500004  	0.6273214270834601  	0.1970758879905168  	0.06275756889384809 
47952     	0.5022522522522522  	114923.61095199989  	183237.71023700005  	0.6271831862740341  	0.19749492088452614 	0.0628709609172963  
48047     	0.5016835016835017  	115288.67060999988  	183858.98746100004  	0.6270494154355918  	0.19746476100622448 	0.06284951865452562 
48095     	0.5016797312430011  	115442.75980199988  	184076.74939000004  	0.6271447110216697  	0.19765062846088527 	0.06290035319653571 
48119     	0.5022371364653244  	115725.67641099989  	184545.35120400004  	0.6270852972236318  	0.1980833493426541  	0.06302999511342208 
48190     	0.5016722408026756  	116144.92963899989  	185240.91830800002  	0.6269939206730003  	0.19809889419412036 	0.06302660384366136 
48238     	0.5016685205784205  	116447.53367799989  	185644.46825600002  	0.6272609939415004  	0.19835545383733622 	0.06309243232167032 
48261     	0.5022222222222222  	116728.73200999989  	186101.55189600002  	0.6272313735203666  	0.19885982093561103 	0.06323586456624028 
48309     	0.5022172949002217  	117086.06630699988  	186729.68673800002  	0.6270350920219936  	0.19916572444637817 	0.06332060111520382 
48333     	0.5027685492801772  	117121.24308299988  	186778.15706800003  	0.6270607062492844  	0.19967067272536085 	0.06346841269680213 
48380     	0.5027624309392266  	117348.18377999988  	187127.50689200003  	0.6271028013413708  	0.199949391403736   	0.06354798925228057 
48476     	0.5016501650165016  	117486.83304599987  	187335.13422100004  	0.627147884109129   	0.19973394460672966 	0.06347525755492943 
48500     	0.5021978021978022  	117675.81269199988  	187655.30997300005  	0.6270849074770714  	0.20015379826773308 	0.06360236062581946 
48595     	0.5010940919037199  	117836.01682499988  	187860.08376100005  	0.6272541482250886  	0.19981174478042332 	0.06349832934165968 
48714     	0.499455930359086   	117948.64033899989  	187997.77834600004  	0.6273937988879933  	0.19918812413411435 	0.06329742102660421 
48738     	0.5                 	118021.62954699989  	188098.28043300004  	0.627446616073871   	0.19940784283815566 	0.06335744800368168 
48809     	0.49945828819068255 	118573.66032699989  	189155.62438900003  	0.6268577035972889  	0.19922776192474004 	0.06329935828189033 
48833     	0.5                 	118734.9751039999   	189485.71189200002  	0.6266170357566302  	0.1994777167516094  	0.06338351755691073 
48857     	0.5005405405405405  	119065.05184099989  	190055.80702700003  	0.6264741588458019  	0.19975697737076198 	0.06347734514041395 
48880     	0.5010799136069114  	119194.13894999989  	190313.77262600002  	0.6263032743522841  	0.20003829520305272 	0.06357351138099897 
48904     	0.5016181229773463  	119267.42719399989  	190408.21432800003  	0.6263775311108587  	0.20032680589771354 	0.0636704375195159  
48928     	0.5021551724137931  	119493.52615999989  	190699.25644100003  	0.6266071949628692  	0.20063331578937613 	0.06377164540334909 
48952     	0.5026910656620022  	119688.8545469999   	191024.38385500002  	0.6265632278539454  	0.20093970436144595 	0.06387248427288374 
49125     	0.5010706638115632  	119975.7747009999   	191385.98199300002  	0.6268785908540995  	0.20030651996502274 	0.06366783140135694 
49187     	0.5010683760683761  	120229.1669139999   	191825.42824000004  	0.6267634485016066  	0.2002930972721019  	0.06366275370185683 
49218     	0.5016008537886874  	120406.3376279999   	192122.62002900004  	0.6267160920969385  	0.2004665595518506  	0.0637107372635032  
49250     	0.502132196162047   	120778.4432239999   	192771.52984500004  	0.6265367262536801  	0.20066962279892292 	0.06377017800308715 
49281     	0.5026624068157615  	120903.4004269999   	192958.93422100003  	0.6265758095892394  	0.20088538567387057 	0.06383249834875246 
49343     	0.5026567481402763  	121072.1160709999   	193179.56642500003  	0.62673355319909    	0.20090534277768882 	0.06382895812981809 
49468     	0.5015873015873016  	121160.6692569999   	193289.14810800002  	0.6268363767080268  	0.20045101511516084 	0.06366895451793393 
49500     	0.5021141649048626  	121373.2795389999   	193572.40649300002  	0.6270174646167299  	0.2006484236370083  	0.0637133713463353  
49531     	0.5026399155227033  	121820.57010699989  	194383.58204        	0.6267019510008403  	0.2008487891129413  	0.06376234485770908 
49562     	0.5031645569620253  	122118.5210999999   	194946.707418       	0.6264200237973567  	0.20107616088834013 	0.06382231458711497 
49593     	0.5036880927291886  	122554.01403199989  	195553.53221900002  	0.6267031469150447  	0.20133039223614924 	0.06388265108699856 
49625     	0.5042105263157894  	123061.13347399989  	196414.809493       	0.6265369387962858  	0.20160819535225244 	0.06395456092513128 
49656     	0.5047318611987381  	123131.28222299989  	196499.326601       	0.6266244488105704  	0.2018698413274944  	0.06402016506706981 
49687     	0.5052521008403361  	123407.40320999989  	196943.432463       	0.6266134476618538  	0.20215417814711964 	0.06409281880488117 
49718     	0.5057712486883525  	123621.93160599988  	197254.872116       	0.6267116765222475  	0.20243763920512237 	0.06416561614201813 
49750     	0.5062893081761006  	123887.53167399988  	197691.53398900002  	0.6266709007422303  	0.2027454316710382  	0.06424560665902947 
49812     	0.5062761506276151  	124368.14148999988  	198457.162003       	0.6266749974390939  	0.20284373328600966 	0.06426117714232814 
49843     	0.5067920585161965  	124508.14206499988  	198645.04722500002  	0.6267870445517465  	0.20315056776604815 	0.06433286259338886 
49968     	0.5057232049947971  	124936.69898899988  	199367.33984400003  	0.6266658274457578  	0.20282390864543    	0.06421358517527435 
50097     	0.5046632124352332  	125343.88400099988  	200016.01630200003  	0.626669235386359   	0.20246276644923916 	0.06407920757920986 
50121     	0.505175983436853   	125493.39248799988  	200285.13653200003  	0.6265736672274206  	0.20272594672259012 	0.06414441256001333 
50219     	0.5041237113402062  	125658.16111699988  	200533.67124100003  	0.6266187635191934  	0.20231506233465943 	0.06400061922064812 
50243     	0.5046343975283213  	126064.89186699988  	201142.97240900004  	0.6267427112027663  	0.20246056592828482 	0.06403047967841138 
50268     	0.5051440329218106  	126546.58950799989  	201953.64478400003  	0.6266120606208819  	0.20264179494355586 	0.06407402017788462 
50292     	0.5056526207605344  	126748.07389599989  	202274.15568700002  	0.6266152661249045  	0.2028403570157465  	0.06412213907809901 
50439     	0.5035750766087844  	126910.50239199988  	202493.44904900002  	0.6267388055664441  	0.20192588398815922 	0.06381949595049835 
50512     	0.5030549898167006  	127443.91604799988  	203426.210212       	0.6264871960952554  	0.20165775005587736 	0.06372590570002092 
50585     	0.5025380710659898  	127590.67340899988  	203697.363447       	0.6263737107338538  	0.20137630426271713 	0.06363517864768554 
50756     	0.5                 	127678.84093999988  	203818.307234       	0.6264346057658804  	0.20022092576467487 	0.06327307460047621 
50804     	0.5                 	127783.93207899987  	204012.465871       	0.6263535491983097  	0.2000523487082627  	0.06322879423392176 
50853     	0.5                 	128203.73556699988  	204632.034765       	0.6265086290825843  	0.19986649826932676 	0.06317497086942317 
50902     	0.5                 	128460.59889899987  	205036.293954       	0.6265261453068406  	0.19970013275211626 	0.06312869300536504 
50926     	0.5005005005005005  	128510.08123199988  	205096.146476       	0.6265845723583008  	0.19973937368447856 	0.06314618857977866 
50951     	0.501               	128837.87409099987  	205547.606738       	0.626803085356388   	0.19980596127830708 	0.06316986699951697 
