25166     	1.0                 	131.876969          	228.479628          	0.5771935561799847  	0.009240581086425519	0.003865539848942065
25187     	1.0                 	538.0164540000001   	857.0914109999999   	0.6277235392806896  	0.022872386140464242	0.009402825761346552
25208     	1.0                 	769.4819500000001   	1177.6875459999999  	0.6533837880968814  	0.034345673486886476	0.012685616631977115
25229     	1.0                 	900.4493380000001   	1355.1164529999999  	0.6644811492079199  	0.043129880923247994	0.014790611491292606
25250     	1.0                 	935.2609310000001   	1389.9280459999998  	0.672884422824288   	0.049380248192787135	0.016097123364906506
25270     	1.0                 	1199.4239670000002  	1849.2311919999997  	0.6486068222236652  	0.05715357510415673 	0.01827482373110716 
25291     	1.0                 	1292.097866         	1941.9050909999996  	0.6653764244135247  	0.06339274508038602 	0.020046703947489312
25312     	1.0                 	1486.556714         	2237.6530289999996  	0.6643374530073314  	0.07031075904464573 	0.02195352093822834 
25333     	1.0                 	1980.774801         	2988.1806719999995  	0.662869825630142   	0.08013444156096435 	0.024728489603784022
25354     	1.0                 	2375.467316         	3618.5671859999998  	0.6564662734992259  	0.09041398030762111 	0.02802300729497218 
25375     	1.0                 	2644.5113610000003  	4025.4587779999997  	0.6569465759909964  	0.10091105417807424 	0.031174515277099447
25395     	1.0                 	2935.9554260000004  	4456.8752589999995  	0.6587474980528731  	0.11184926367506864 	0.0342912650454098  
25416     	1.0                 	3301.7818180000004  	4996.715028999999   	0.6607904991253406  	0.12338599777958686 	0.03757185853210288 
25437     	1.0                 	3660.9113020000004  	5573.041869999999   	0.656896428807918   	0.13478052277140312 	0.04111011297314266 
25458     	1.0                 	3829.4221000000002  	5841.099516999999   	0.6555995303375347  	0.1454128756915365  	0.04443268495003748 
25479     	1.0                 	4193.346178000001   	6319.064176999998   	0.6636024038595552  	0.15659252194634485 	0.04773272525439744 
25500     	1.0                 	4553.933484000001   	6931.037109999998   	0.6570349302313867  	0.16758708001961162 	0.051299193810201274
25520     	1.0                 	5024.293273000001   	7629.5620549999985  	0.6585297080986914  	0.17900527559715596 	0.055086292242389395
25541     	1.0                 	5183.118739000001   	7868.579144999999   	0.658710885852061   	0.18842512125636054 	0.05803845892234913 
25562     	1.0                 	5692.278221000001   	8694.412750999998   	0.6547053129431079  	0.19882514398854845 	0.061401030875243776
25583     	1.0                 	5912.269567000001   	9082.232726999999   	0.6509709390537622  	0.2089784836112785  	0.06478709893705263 
25604     	1.0                 	5996.416302000001   	9195.310395999999   	0.6521167903813742  	0.21848808542399867 	0.06792712303603438 
25625     	1.0                 	6270.098111000001   	9680.89424          	0.6476775755996691  	0.22787517774202354 	0.07116831336837351 
25645     	1.0                 	6564.426449000001   	10092.490593999999  	0.6504268087108809  	0.2373751787860315  	0.07436383654330392 
25687     	0.9615384615384616  	6969.903700000002   	10888.329407        	0.6401260872507328  	0.23743980005941484 	0.07492828952586238 
25729     	0.9285714285714286  	7121.028358000001   	11072.693812        	0.6431161629596049  	0.23794315962350604 	0.07549247171504984 
25750     	0.9310344827586207  	7464.090838000001   	11587.351106999999  	0.6441585112140852  	0.24712532137081894 	0.07873246683824772 
25791     	0.9032258064516129  	7839.495758000001   	12215.534270999999  	0.6417644602423302  	0.24820006505314027 	0.07948041496351373 
25812     	0.90625             	8269.897643         	13002.071887999999  	0.6360446022939265  	0.25689508930760024 	0.08300126896235172 
25875     	0.8571428571428571  	8415.153928         	13222.133913999998  	0.6364444637101866  	0.24985712802176063 	0.08133412562507829 
25895     	0.8611111111111112  	8591.198919999999   	13465.323721999997  	0.6380239418948     	0.2578640094165974  	0.08447439307108047 
25916     	0.8648648648648649  	9089.84866          	14218.396607999997  	0.6393019487784991  	0.2662170908225178  	0.08776342385388813 
25937     	0.868421052631579   	9417.204409         	14747.963584999998  	0.638542694706552   	0.2737381409797979  	0.09080481246274728 
25958     	0.8717948717948718  	9914.184357         	15586.978168999998  	0.6360555746923239  	0.2815096089073381  	0.09406669871494648 
25979     	0.875               	10490.909679        	16597.168079        	0.6320903439107722  	0.2897872744959626  	0.09761547956085155 
26066     	0.8372093023255814  	10932.576643        	17371.059628        	0.6293557720208409  	0.2827425631829564  	0.09582426584761189 
26133     	0.8043478260869565  	11064.82089         	17566.815586999997  	0.6298706123031382  	0.27690820479380507 	0.09431866511921451 
26222     	0.76                	11152.353168000001  	17700.364739999997  	0.6300634665904632  	0.2652326020334086  	0.09083600266723282 
26244     	0.7647058823529411  	11564.321295000002  	18328.871023999996  	0.6309347302328425  	0.2708366081757056  	0.09321862654496804 
26266     	0.7692307692307693  	11892.163766000001  	18844.367607999997  	0.6310725843063804  	0.276345001737928   	0.09545125726252597 
26288     	0.7735849056603774  	12124.515486000002  	19182.169411999996  	0.6320721721087053  	0.2819519268571129  	0.09769542182870898 
26311     	0.7777777777777778  	12615.280257000002  	19910.505399999995  	0.6335991981901176  	0.28814226956963745 	0.10004339493384065 
26377     	0.7543859649122807  	13126.854636000002  	20718.960844999994  	0.633567230239148   	0.28383159140229725 	0.09869305050748907 
26400     	0.7586206896551724  	13490.470915000002  	21230.922781999994  	0.6354161358656297  	0.28933567933381216 	0.10067973822843972 
26422     	0.7627118644067796  	13552.455050000002  	21329.181902999993  	0.6353949772491659  	0.2947639712394254  	0.10262020494416706 
26444     	0.7666666666666667  	14004.278501000003  	22039.392739999992  	0.6354203433011651  	0.29985290091942807 	0.10448439360757203 
26511     	0.746031746031746   	14108.028132000003  	22178.431533999992  	0.6361147816234032  	0.2952636850823277  	0.10293370178704499 
26533     	0.75                	14231.712697000003  	22354.05069399999   	0.6366502828420225  	0.30033478866044394 	0.10473681107249098 
26555     	0.7538461538461538  	14456.530533000003  	22656.04776599999   	0.6380870433498542  	0.3056301022577883  	0.10653937103421214 
26644     	0.7246376811594203  	14551.697650000004  	22786.802113999987  	0.6386020108130743  	0.2973850335535978  	0.1035991274934807  
26666     	0.7285714285714285  	14833.024235000004  	23271.769393999988  	0.6373827440394072  	0.30259351215586555 	0.10538995320981262 
26688     	0.7323943661971831  	14962.000716000004  	23417.291042999987  	0.6389296135289961  	0.3078290050463527  	0.1071423498543106  
26711     	0.7361111111111112  	15499.945442000004  	24401.446174999986  	0.6352060173335203  	0.31342886832157    	0.10910597928631874 
26733     	0.7397260273972602  	16025.919492000005  	25312.159286999988  	0.6331312674786587  	0.319305579084243   	0.11124520440863354 
26777     	0.7333333333333333  	16293.299012000005  	25741.171590999988  	0.6329664892835224  	0.32050767991083806 	0.11173845417075756 
26800     	0.7368421052631579  	16696.196268000003  	26492.271729999986  	0.6302289376374297  	0.3258792945214805  	0.1137972823360962  
26822     	0.7402597402597403  	16973.037275000002  	26880.287366999986  	0.6314306481647671  	0.3313480342155069  	0.11587311955060892 
26844     	0.7435897435897436  	17083.264506000003  	27031.996903999985  	0.6319645776325223  	0.33667289318529703 	0.11790302322344304 
26866     	0.7468354430379747  	17542.005192000004  	27662.755252999985  	0.6341380325843573  	0.3422894516934337  	0.11999506439011082 
26888     	0.75                	18017.144438000003  	28425.684935999983  	0.6338332560346511  	0.34795112684873153 	0.12209889321663578 
26911     	0.7530864197530864  	18481.724868        	29099.669546999983  	0.6351180324625152  	0.3531512463278651  	0.12397361209909226 
26933     	0.7560975609756098  	18633.835346        	29317.685468999982  	0.6355834387302879  	0.35815502100865504 	0.12578056160255718 
26977     	0.75                	18714.855113        	29411.75283699998   	0.6363053306179262  	0.35823946815715546 	0.1258182757454562  
27088     	0.7272727272727273  	18962.783544        	29817.199579999982  	0.6359679584637912  	0.34987211361501397 	0.12293709252035483 
27155     	0.7142857142857143  	19371.420387000002  	30630.229856999984  	0.6324281756107363  	0.3456966446865685  	0.12153499299730984 
27177     	0.717391304347826   	19544.755806        	30848.138642999984  	0.6335797447031726  	0.34939791025380296 	0.12285375615581859 
27200     	0.7204301075268817  	19869.887076000003  	31336.964674999985  	0.634071847164311   	0.3531219737172935  	0.12419524133182844 
27244     	0.7157894736842105  	20332.361209000002  	32028.194698999985  	0.634826951693123   	0.3531302233785638  	0.12413638103508137 
27311     	0.7040816326530612  	20455.600512        	32174.530372999987  	0.6357699793861109  	0.349028747993362   	0.12268684412692821 
27355     	0.7                 	20586.174713        	32433.003065999987  	0.6347292192187038  	0.3485243303969922  	0.1225342110453691  
27444     	0.6826923076923077  	20890.925731        	32905.831047999985  	0.6348700235081814  	0.34093493811481923 	0.11992268346722751 
27466     	0.6857142857142857  	21159.675402        	33334.301791999984  	0.6347718195519003  	0.3436964573183301  	0.12092606092581705 
27511     	0.6822429906542056  	21344.037546        	33574.80736799999   	0.6357158601702929  	0.3432337780629032  	0.12078378455131512 
27533     	0.6851851851851852  	21636.021468        	34198.922644999984  	0.6326521362263811  	0.34578386446323656 	0.12171096076767896 
27555     	0.6880733944954128  	21877.677471        	34503.78184199998   	0.6340660734287752  	0.348513704091951   	0.12265086610736424 
27577     	0.6909090909090909  	22149.730466999998  	34849.06313299998   	0.6355904140798989  	0.3511945518565913  	0.12351853743119108 
27600     	0.6936936936936937  	22396.193817999996  	35275.93441599998   	0.6348859126986537  	0.3539505994270204  	0.12445085784939389 
27644     	0.6902654867256637  	22676.425108999996  	35640.79881599998   	0.6362490702318384  	0.35353702950288846 	0.1242483210772573  
27666     	0.6929824561403509  	22789.177750999996  	35805.61593399998   	0.6364693681853424  	0.3561546263671418  	0.1251247362663985  
27688     	0.6956521739130435  	22991.270122999995  	36032.50579299998   	0.6380702539834601  	0.35892855550255603 	0.12600157100841006 
27711     	0.6982758620689655  	23226.436711999995  	36380.39030999998   	0.6384328621569428  	0.3616603207675203  	0.12689894939768742 
27755     	0.6949152542372882  	23386.157284999994  	36656.85071699998   	0.6379750804439518  	0.36096598434153626 	0.12666338382976858 
27777     	0.6974789915966386  	23743.942958999993  	37259.14342999998   	0.6372648636866423  	0.36352068305413504 	0.12758160944064292 
27800     	0.7                 	23823.06688099999   	37418.900207999985  	0.6366586604249457  	0.3660727950744933  	0.12851195822675773 
27844     	0.6967213114754098  	24340.206540999992  	38225.47124899999   	0.6367536029169752  	0.3657717415693979  	0.12845245563930485 
27866     	0.6991869918699187  	24762.56762999999   	38984.190291999985  	0.6351951251141302  	0.3684505294051576  	0.12952411622405346 
27888     	0.7016129032258065  	25234.75332699999   	39654.710281999985  	0.6363620651253256  	0.37128336872937007 	0.13066647379341464 
28000     	0.6821705426356589  	25601.89069199999   	40182.619707999984  	0.6371384165105316  	0.36239486671256177 	0.12759293577762953 
28060     	0.6846153846153846  	26097.13246199999   	40910.235599999985  	0.6379120549968185  	0.3649829843510252  	0.1284218750652379  
28121     	0.6818181818181818  	26397.35620399999   	41318.53392699998   	0.6388744637125275  	0.36468451960775716 	0.12817413456409316 
28151     	0.6842105263157895  	26657.622061999988  	41752.63746699998   	0.6384655839542919  	0.36711803820164146 	0.12891794521314484 
28181     	0.6865671641791045  	26906.426209999987  	42149.25621799998   	0.6383606408340251  	0.36940809436474814 	0.12959986251099906 
28212     	0.6888888888888889  	26976.247613999985  	42222.31956199998   	0.6389096547475939  	0.3716233027167572  	0.1302537041967048  
28242     	0.6911764705882353  	27298.960009999984  	42833.430535999985  	0.6373283593770565  	0.3739552717606376  	0.13097254100400688 
28272     	0.6934306569343066  	27810.122228999986  	43788.31899699999   	0.6351036729888011  	0.3764442477212772  	0.13180822642351245 
28303     	0.6956521739130435  	27984.209170999988  	44044.609677999986  	0.6353605895383364  	0.3789798647708919  	0.13266242594779185 
28333     	0.697841726618705   	28042.702206999988  	44134.659685999985  	0.6353895647210678  	0.3810473060350582  	0.13327303946100955 
28424     	0.6901408450704225  	28257.638154999986  	44413.16603299999   	0.6362446247133997  	0.37742260576591175 	0.13184167273372716 
28454     	0.6923076923076923  	28720.352906999986  	45150.47045599999   	0.6361030708414994  	0.3792919881860037  	0.1323238828256341  
28484     	0.6944444444444444  	29217.428252999987  	45990.77034299999   	0.6352889511329314  	0.3808948573543993  	0.1327590482819968  
28515     	0.696551724137931   	29465.373372999988  	46344.05367899999   	0.635796203264621   	0.38253888163043015 	0.13317648827897133 
28545     	0.6986301369863014  	30049.228826999988  	47368.23697199999   	0.6343750738445785  	0.38442955461922546 	0.1337169872276851  
28575     	0.7006802721088435  	30196.646464999987  	47578.387382999994  	0.6346714995176446  	0.38639111402061116 	0.13426752591437255 
28606     	0.7027027027027027  	30395.75581199999   	47937.54953799999   	0.6340698701735962  	0.38825526797970294 	0.13481131704844812 
28636     	0.7046979865771812  	30970.275053999987  	48824.61792099999   	0.6343167928955639  	0.3903659455453328  	0.13544230027067622 
28666     	0.7066666666666667  	31222.272649999988  	49208.04346399999   	0.6344953071105505  	0.3923927623163245  	0.1360522247654605  
28696     	0.7086092715231788  	31631.22498199999   	49848.48694699999   	0.6345473437464813  	0.39443903479485815 	0.13668588186276093 
28787     	0.7012987012987013  	31800.015683999987  	50103.09008799999   	0.6346917052051505  	0.39101423425238724 	0.13542573377776432 
28818     	0.7032258064516129  	31954.025792999986  	50271.83665899999   	0.6356247934553902  	0.39247614837694733 	0.13583201745375947 
28848     	0.7051282051282052  	32202.313900999987  	50606.01645799999   	0.6363337040710566  	0.394057086639019   	0.13626398504123477 
28878     	0.7070063694267515  	32617.957931999987  	51210.05443299999   	0.6369444104902343  	0.3958050875352675  	0.1367488536462868  
28909     	0.7088607594936709  	33016.40716099999   	51898.04160999999   	0.636178286053827   	0.39711036489777063 	0.13711895346089786 
28969     	0.70625             	33288.72335899999   	52299.26479899999   	0.636504614107625   	0.3956444609189919  	0.13650637480419053 
29000     	0.7080745341614907  	33533.53732199999   	52702.35867499999   	0.6362815282858875  	0.3967672859881437  	0.13679431062755576 
29055     	0.7098765432098766  	33779.20326899999   	53178.63314899999   	0.6352025478796121  	0.39790295459832875 	0.13711751463363436 
29083     	0.7116564417177914  	34134.59982999999   	53798.206923999984  	0.6344932625397997  	0.39899934514969726 	0.1373944751988503  
29111     	0.7134146341463414  	34173.439890999995  	53843.78638999999   	0.6346775028686834  	0.3998739143291628  	0.13760559740827852 
29138     	0.7151515151515152  	34393.98508299999   	54268.652443999985  	0.6337726023046412  	0.4005975683843982  	0.13779527086390173 
29166     	0.7168674698795181  	34760.37525399999   	54967.29899699998   	0.632382814660352   	0.4014111183787168  	0.13806553981098926 
29194     	0.718562874251497   	34968.55321199999   	55284.569613999985  	0.6325192265428206  	0.40214801890434815 	0.13830366370777966 
29222     	0.7202380952380952  	35423.11110999999   	56009.797602999985  	0.632444904748284   	0.4030719218478885  	0.13861482406834175 
29361     	0.7052023121387283  	35889.05203799999   	56757.14541199998   	0.6323265868549491  	0.39438688023071244 	0.13562630394172623 
29388     	0.7068965517241379  	35973.41840599999   	56876.63088299998   	0.6324815279582987  	0.3948485259794999  	0.13582177370806162 
29416     	0.7085714285714285  	36077.07156699999   	57066.45019599998   	0.6321940727536051  	0.39524219054198545 	0.13601432595511148 
29472     	0.7062146892655368  	36266.78491199999   	57328.43625699999   	0.632614236143092   	0.393340700612253   	0.13539974019469533 
29527     	0.7039106145251397  	36444.79750699999   	57573.26481399999   	0.6330159949195338  	0.3912966749084877  	0.13468453604703123 
29555     	0.7055555555555556  	36589.77345399999   	57781.521447999985  	0.6332435099849121  	0.3915408184357572  	0.1347467241149296  
29611     	0.7032967032967034  	36816.710429999985  	58097.99714999999   	0.6337001658584713  	0.3895139924516094  	0.1340109417170952  
29638     	0.7049180327868853  	36947.90235199998   	58357.27583899999   	0.6331327468734895  	0.3897000952329903  	0.1340474330367236  
29666     	0.7065217391304348  	37089.19807699999   	58576.80850699999   	0.6331720525977067  	0.3899476647855863  	0.1341021240897618  
29694     	0.7081081081081081  	37384.50211299999   	59117.525398999984  	0.6323759639917603  	0.3901166562504789  	0.1341386499156578  
29722     	0.7096774193548387  	37445.15638599999   	59183.84555899999   	0.6326921820021167  	0.390327357403988   	0.13417634334330783 
29750     	0.7112299465240641  	37606.75628199999   	59419.00682699999   	0.6329078571019043  	0.3905907209777174  	0.13423100812591285 
29777     	0.7127659574468085  	37973.146575999985  	59952.67721599999   	0.6333853355570555  	0.39084697397609336 	0.1342659259151971  
29805     	0.7142857142857143  	38306.11274199998   	60452.57952999999   	0.6336555534903242  	0.39112966522247467 	0.13433348604094283 
29833     	0.7157894736842105  	38647.340377999986  	60914.00052099999   	0.6344574325680086  	0.3915424645846083  	0.13443478526308084 
29861     	0.7172774869109948  	39016.65063499998   	61514.62068699999   	0.6342662963578259  	0.3920369054045621  	0.1345808123936886  
29888     	0.71875             	39205.88631599998   	61779.92553199999   	0.6346055936194454  	0.39261741539618905 	0.13474217482861486 
29944     	0.7164948453608248  	39268.82458699998   	61863.541840999984  	0.6347652174188096  	0.3909162499381126  	0.13413399492433556 
30096     	0.7070707070707071  	39857.40909299998   	62877.884816999984  	0.6338859713395437  	0.385081913225666   	0.13208756978120723 
30129     	0.7085427135678392  	39925.82657599998   	62952.92183799998   	0.6342172120103207  	0.385142832776006   	0.13206605906327498 
30161     	0.71                	40190.52643699998   	63351.74925699998   	0.6344027893209148  	0.3853201306934513  	0.13207279080057707 
30193     	0.7114427860696517  	40794.13723899998   	64313.03374899998   	0.6343059075429528  	0.38570284335335614 	0.13215993277223118 
30258     	0.7093596059113301  	41132.512484999985  	64834.40535199998   	0.6344241496730432  	0.38426373256861196 	0.1316230492219731  
30322     	0.7073170731707317  	41425.52549399999   	65297.81244599998   	0.6344090857294505  	0.3827104961796032  	0.13104314792184182 
30387     	0.7053140096618358  	41640.18245999999   	65540.84758899998   	0.6353317662463165  	0.38118418195915127 	0.13044580311499382 
30419     	0.7067307692307693  	41823.72181199999   	65805.65101399999   	0.6355642891991464  	0.3815934014751746  	0.1305000996461893  
30451     	0.7081339712918661  	41875.181504999986  	65883.85880399999   	0.6355909059543068  	0.382018179057877   	0.1305605630482054  
30516     	0.7061611374407583  	41994.24291299999   	66103.40952699998   	0.6352810424377189  	0.3806719368396043  	0.13002191237478888 
30580     	0.704225352112676   	42299.15348999999   	66596.65972099997   	0.6351542805180928  	0.37931984755166837 	0.12947123882269687 
30612     	0.705607476635514   	42660.017324999986  	67135.80710599998   	0.6354286805198388  	0.37987217557661856 	0.12956861448324306 
30645     	0.7069767441860465  	43017.521744999984  	67714.31019299998   	0.6352796273400855  	0.38031493214275025 	0.12962718791718006 
30774     	0.6986301369863014  	43153.10478699998   	67916.09345499998   	0.6353885006002661  	0.3754574236628133  	0.1279004198668438  
30838     	0.6968325791855203  	43500.80818299998   	68479.83604099997   	0.6352352852736877  	0.37402995994940424 	0.12735087413078977 
31047     	0.6828193832599119  	43939.12341199998   	69163.97507099998   	0.6352891569186772  	0.36598013223141673 	0.12453959407063836 
31071     	0.6842105263157895  	44030.37576399998   	69276.91145299998   	0.6355707094978075  	0.36625568515282225 	0.12454988247037774 
31095     	0.6855895196506551  	44186.362040999986  	69527.59967699998   	0.6355226161448663  	0.3664701894773979  	0.12454827084967525 
31119     	0.6869565217391305  	44335.22584999999   	69719.72474299997   	0.6359064958077212  	0.36673474332631567 	0.12455464936445439 
31142     	0.6883116883116883  	44450.81004199999   	69912.48236099997   	0.6358064903556687  	0.3669206841592111  	0.12453619356000306 
31166     	0.6896551724137931  	44682.29826299999   	70229.80223799997   	0.6362298744851551  	0.3671884044955784  	0.12453611692080856 
31214     	0.688034188034188   	45026.73855599999   	70853.35033499998   	0.6354920175702373  	0.3659163692699231  	0.12402620240706679 
31238     	0.6893617021276596  	45646.66485899999   	71824.74219399998   	0.6355284191025355  	0.3663945546285067  	0.12412639419320744 
31261     	0.690677966101695   	45843.59266699999   	72047.42410099998   	0.6362974560025069  	0.36687214933046336 	0.12421250081047375 
31285     	0.6919831223628692  	46431.11066599999   	72963.81786099999   	0.6363580200045694  	0.367501184421139   	0.12436460782028669 
31333     	0.6903765690376569  	46756.974708999995  	73435.796601        	0.6367054879658416  	0.3665613096246132  	0.12398897987896529 
31357     	0.6916666666666667  	46875.280118999995  	73628.648638        	0.6366445804195774  	0.3670870972236814  	0.12410657590758918 
31380     	0.6929460580912863  	47255.94051099999   	74212.982898        	0.6367610984718082  	0.36771077918377715 	0.12426228376013568 
31428     	0.691358024691358   	47556.20791599999   	74627.5387          	0.6372474390073913  	0.3669061492388783  	0.12393501911953778 
31476     	0.689795918367347   	47981.21661599999   	75269.403382        	0.6374597706386798  	0.3659057701260529  	0.1235548672370137  
31500     	0.6910569105691057  	48250.50736199999   	75621.50923000001   	0.6380526896818187  	0.36633437003758207 	0.12362828471204056 
31547     	0.6895161290322581  	48502.53633799999   	76115.58466700002   	0.6372221477401108  	0.3652626498861042  	0.12323566957351695 
31571     	0.6907630522088354  	48616.91544999999   	76278.24119300002   	0.6373628270608515  	0.36553857933957074 	0.12330094934645801 
31595     	0.692               	48830.477113999994  	76576.15190900002   	0.6376721198007983  	0.3658781983033427  	0.12338255170020598 
31619     	0.6932270916334662  	49424.891725999994  	77535.00239300002   	0.6374526368810965  	0.3662380181328783  	0.123464002320725   
31642     	0.6944444444444444  	50021.862131999995  	78604.06320100001   	0.6363775623670763  	0.36673019073477214 	0.12362086331883548 
31666     	0.6956521739130435  	50186.554013999994  	78822.17641100001   	0.6367060172547611  	0.3672652142728652  	0.12379097286531456 
31690     	0.6968503937007874  	50366.893060999995  	79086.08734200001   	0.6368616118685113  	0.36786028812161836 	0.12397203520485625 
31761     	0.6926070038910506  	50755.079173        	79683.81801200002   	0.6369559145039525  	0.3652779303729436  	0.12309613370988713 
31785     	0.6937984496124031  	50824.481336        	79764.78695100002   	0.6371794281506924  	0.36559816148449314 	0.1231905115379619  
31809     	0.694980694980695   	50970.35729         	80006.75777800001   	0.6370756509272727  	0.3659648554418593  	0.12329837571435161 
31833     	0.6961538461538461  	51055.62371         	80092.02419800001   	0.6374620222331067  	0.3663784510733128  	0.12340563196514213 
31880     	0.6946564885496184  	51266.067963        	80432.57039500002   	0.6373794559994179  	0.3653753092271659  	0.12300513659466179 
31928     	0.6931818181818182  	51861.941341        	81440.09537700002   	0.636810911147909   	0.3644150949463437  	0.12265837762026974 
31952     	0.6943396226415094  	52050.749538        	81710.11506800001   	0.637017210105295   	0.36490079502752787 	0.12279259823921188 
31976     	0.6954887218045113  	52243.14114099999   	82011.57034000002   	0.6370215924949691  	0.3654136375345729  	0.1229338516637173  
32050     	0.6940298507462687  	52361.823249999994  	82185.49997800002   	0.637117536110586   	0.36459894252396724 	0.12262360699663322 
32075     	0.6951672862453532  	52839.697745        	83112.97557700002   	0.63575750210082    	0.365186502050771   	0.12282588229833374 
32100     	0.6962962962962963  	53403.136543        	83986.40937600003   	0.6358545024102494  	0.3658418123985816  	0.12307334420171721 
32125     	0.6974169741697417  	53622.445871        	84217.99646500002   	0.6367100634278903  	0.36654512858924293 	0.12332434924658658 
32175     	0.6959706959706959  	53679.071624000004  	84306.99772600002   	0.6367095623361944  	0.3657642140558349  	0.1230698960611187  
32200     	0.6970802919708029  	53830.271708        	84507.51900600002   	0.6369879549318926  	0.366347694699769   	0.12326819926064801 
32225     	0.6981818181818182  	54159.684916        	85045.29734000002   	0.6368333889112837  	0.3669915650699103  	0.123502484217773   
32250     	0.6992753623188406  	54224.677726999995  	85120.00306900001   	0.6370380142379032  	0.3673441897473274  	0.12362862228932119 
32275     	0.7003610108303249  	54371.711449999995  	85321.95817000001   	0.6372534411559906  	0.367745471029248   	0.12376203274525563 
32300     	0.7014388489208633  	54662.81774099999   	85751.25546800002   	0.6374579292474456  	0.36810923310951593 	0.12384835078501129 
32350     	0.7                 	54747.25233599999   	85913.89634300001   	0.6372339594217533  	0.36704188798240417 	0.12346143405718722 
32375     	0.701067615658363   	55110.07203699999   	86511.85049400001   	0.6370233872274195  	0.36729468605759863 	0.1235305385095472  
32400     	0.7021276595744681  	55636.89455899999   	87411.14840500001   	0.6364965519182848  	0.3676482671938845  	0.12366061187948248 
32425     	0.7031802120141343  	55696.94527099999   	87471.19911700001   	0.6367461042405591  	0.3680269656968791  	0.1237904768312154  
32450     	0.704225352112676   	55988.205232999986  	87928.71132300001   	0.6367454315045197  	0.36836927324305385 	0.12390790631775139 
32475     	0.7052631578947368  	56494.74074199999   	88826.62891300001   	0.6360113113977676  	0.3688227900984337  	0.124082067245147   
32500     	0.7062937062937062  	56780.920066999985  	89355.24071900001   	0.635451481190251   	0.369235935895754   	0.1242555584627037  
32525     	0.7073170731707317  	57148.039909999985  	89974.965926        	0.6351548936067555  	0.3697186418920963  	0.12446288265268363 
32575     	0.7058823529411765  	57271.378111999984  	90119.93255900001   	0.63550178618371    	0.3689033873100012  	0.12422956396469145 
32600     	0.7068965517241379  	57771.58946499998   	90862.94766800001   	0.6358102058948051  	0.3694681260984189  	0.124470508368883   
32650     	0.7054794520547946  	57906.017578999985  	91032.195013        	0.6361048151231619  	0.3685779605468568  	0.12419936994994558 
32700     	0.7040816326530612  	57990.57319699998   	91131.614918        	0.6363386981475062  	0.3676248641782395  	0.12388499915501813 
32750     	0.7027027027027027  	58211.060174999984  	91446.083964        	0.6365615415299379  	0.36655266243003365 	0.12350009463536121 
32800     	0.7013422818791947  	58380.029160999984  	91677.080552        	0.6368007009983957  	0.3655399538074064  	0.12312805314587297 
32825     	0.7023411371237458  	58833.22385499998   	92436.597966        	0.6364711072192423  	0.3658958458793194  	0.12321177844108044 
32850     	0.7033333333333334  	58991.44158799998   	92677.880114        	0.6365212660824412  	0.36629073291005504 	0.12330736497549019 
32875     	0.7043189368770764  	59103.98671399998   	92879.005253        	0.6363546482114257  	0.3665985152771935  	0.12338265335545312 
32900     	0.7052980132450332  	59339.51428799998   	93217.281057        	0.6365720348753293  	0.3669659183297003  	0.12347425518777827 
32925     	0.7062706270627063  	59595.68636499998   	93677.907898        	0.6361765297949435  	0.36740863357878856 	0.12358615330089158 
32950     	0.7072368421052632  	59900.23537599998   	94169.15502         	0.6360918855359607  	0.3677682954151704  	0.12367608814229639 
33000     	0.7058823529411765  	60021.76531799998   	94340.74129800001   	0.6362231681899284  	0.3669196461865431  	0.12336684313407252 
33044     	0.7068403908794788  	60293.35884299998   	94683.412588        	0.636789034055596   	0.36726922550657165 	0.12346309537269311 
33066     	0.7077922077922078  	60441.30104799998   	94883.61069900001   	0.6370046481445396  	0.3676586908025495  	0.12356675025065351 
33111     	0.7064516129032258  	61028.74999099998   	95825.25969300001   	0.6368753936751199  	0.3668767573871025  	0.1233185583037214  
33133     	0.707395498392283   	61626.78490599998   	96696.94850200001   	0.6373188178190062  	0.36744546232244146 	0.12351108290066462 
33155     	0.7083333333333334  	61823.09328799998   	97001.72153400001   	0.6373401658271644  	0.3678642849661203  	0.12366836876525547 
33222     	0.7047619047619048  	62070.531355999985  	97371.690375        	0.6374597289720717  	0.36588270632094816 	0.1230159936954174  
33244     	0.7056962025316456  	62438.85735799999   	97966.171634        	0.637351203140514   	0.36625544407553573 	0.12316638757562327 
33266     	0.7066246056782335  	62865.025636999984  	98634.89108         	0.6373507888401471  	0.36670509317937483 	0.12334568132237642 
33288     	0.7075471698113207  	63187.90782299999   	99200.496463        	0.636971689416574   	0.3672287810221987  	0.12355369108077903 
33311     	0.7084639498432602  	63831.41045199999   	100094.63068        	0.6377106346100361  	0.3678764694790446  	0.12380456695231502 
33333     	0.709375            	64152.50628899999   	100732.151993       	0.6368622631377717  	0.3685728222234725  	0.124094116213052   
33355     	0.7102803738317757  	64467.89465199999   	101289.749683       	0.6364700757358074  	0.36933315596293076 	0.12441043381411418 
33377     	0.7111801242236024  	64749.755907999985  	101654.012229       	0.6369621275954721  	0.37011077972793366 	0.12470508618744144 
33400     	0.7120743034055728  	64987.728659999986  	102029.915247       	0.6369477863690652  	0.3707894009945397  	0.12495982741821868 
33422     	0.7129629629629629  	65267.63615999999   	102447.22889        	0.6370854230725888  	0.37153906498982253 	0.1252314119201527  
33444     	0.7138461538461538  	65380.40739699999   	102655.746455       	0.6368898932088525  	0.37230762253749605 	0.12551300426425152 
33466     	0.7147239263803681  	65658.51770699999   	103048.71858        	0.6371599628968427  	0.373151724428094   	0.12580868058967432 
33488     	0.7155963302752294  	65715.511657        	103152.419154       	0.6370719387481443  	0.37400597640523475 	0.1261070703470307  
33511     	0.7164634146341463  	65935.92250999999   	103510.014993       	0.6370004150270773  	0.3748997255205622  	0.12642281281347664 
33533     	0.7173252279635258  	66168.449237        	103801.45933700001  	0.6374520132918234  	0.37585814838625625 	0.1267465029195914  
33555     	0.7181818181818181  	66271.135589        	103989.042031       	0.6372896056609889  	0.3767337495781194  	0.12702675275218908 
33577     	0.7190332326283988  	66298.891655        	104020.387071       	0.6373644005933868  	0.3774521834222029  	0.12725390311183798 
33600     	0.7198795180722891  	66483.016345        	104337.204165       	0.6371937687717127  	0.3781361005800453  	0.1274759852390717  
33666     	0.7164179104477612  	66578.711617        	104475.7694         	0.6372646212548495  	0.3764604171772033  	0.12690733964538597 
33688     	0.7172619047619048  	66726.55389499999   	104647.421423       	0.6376320886616175  	0.37708979040966284 	0.12710637403071243 
33733     	0.7159763313609467  	67313.69095899999   	105789.966434       	0.6362956074950217  	0.3765330508994586  	0.12693162811236283 
33755     	0.7168141592920354  	67433.09399699999   	105958.641278       	0.6364095762617239  	0.3771188846973421  	0.12713944880470454 
33777     	0.7176470588235294  	67569.34871899999   	106136.11523099999  	0.636629186699915   	0.377718607733731   	0.12734126039374344 
33800     	0.718475073313783   	67828.23248999998   	106566.94303299999  	0.6364847349425796  	0.37831594525492557 	0.12754038780390742 
33822     	0.7192982456140351  	68177.90531699998   	107068.41270599999  	0.63676955316607    	0.37894987368368716 	0.127753626460082   
33844     	0.7201166180758017  	68263.72505999998   	107188.24839699999  	0.6368582944574973  	0.37960602069087224 	0.1279702339820367  
33866     	0.7209302325581395  	68432.31577099998   	107409.12716799999  	0.6371182559184576  	0.3801807649590932  	0.12815203872853925 
33888     	0.7217391304347827  	68901.85513399998   	108219.44832999998  	0.6366864385031189  	0.3808290059265935  	0.12837781630127282 
33933     	0.7204610951008645  	69417.69535099999   	108955.11729999998  	0.6371219367316491  	0.38046336586360535 	0.12825771204482847 
33955     	0.7212643678160919  	69994.63593899999   	109741.68448299999  	0.6378126622417829  	0.38122389513302896 	0.12850327163830064 
33977     	0.7220630372492837  	70169.52748399999   	109988.52850999999  	0.6379713269608865  	0.38193396978505706 	0.12873066375220954 
34000     	0.7228571428571429  	70449.82288299999   	110420.923579       	0.6380115344045015  	0.3827032005847127  	0.12897581205585645 
34041     	0.7236467236467237  	70978.19163599999   	111188.61072099999  	0.6383584719311046  	0.38341861496223956 	0.12921387828414385 
34062     	0.7244318181818182  	71448.256518        	111877.30273699999  	0.6386304886698941  	0.3842219943454668  	0.1294842336598352  
34104     	0.7231638418079096  	72070.250168        	113113.10324499999  	0.6371520902569329  	0.38400199011275576 	0.12941267431056072 
34125     	0.723943661971831   	72156.3183          	113228.84193499999  	0.6372609404715273  	0.38488542934603387 	0.129710347439958   
34145     	0.7247191011235955  	72514.535404        	113748.15054199999  	0.6375007862411352  	0.38585686441571204 	0.13002593429299733 
34229     	0.7194444444444444  	72574.082992        	113850.382827       	0.6374513742503536  	0.3833751764583587  	0.12917401511884144 
34270     	0.7182320441988951  	72936.955632        	114442.183502       	0.6373257954373559  	0.3830041063754589  	0.12901156295227567 
34333     	0.7150684931506849  	73167.412539        	114776.253958       	0.6374786597040717  	0.3815538978226687  	0.128483331420386   
34354     	0.7158469945355191  	73227.597715        	114843.90373800001  	0.6376272081629889  	0.3822216976977822  	0.12866391931114782 
34375     	0.7166212534059946  	73684.678376        	115646.21517000001  	0.6371559870565887  	0.38296159694601417 	0.12888161435823806 
34395     	0.717391304347826   	73875.216091        	115836.75288500001  	0.6377528224081139  	0.3837353821425291  	0.12910182855134916 
34416     	0.7181571815718157  	74094.971721        	116218.20317400001  	0.6375504843253015  	0.38453811538933913 	0.12933909479370156 
34458     	0.7169811320754716  	74594.36722799999   	117046.26723400001  	0.6373066735983149  	0.3843644544983366  	0.12925728451516272 
34479     	0.717741935483871   	75180.92446699999   	117968.57138100002  	0.6372962187037946  	0.3852910286326326  	0.12954451173523465 
34541     	0.7146666666666667  	75275.343717        	118088.83362700001  	0.637446754320291   	0.3839185705432257  	0.12904570859209388 
34604     	0.7116402116402116  	75874.380352        	119101.92732600002  	0.6370541775056278  	0.3825464810207773  	0.1285663110402066  
34625     	0.712401055408971   	76076.24974999999   	119443.83561400003  	0.6369206862700839  	0.38324264887438053 	0.1287849678557593  
34645     	0.7131578947368421  	76182.82848099999   	119590.50513600002  	0.637030744157856   	0.3839662917024871  	0.12900836946727948 
34687     	0.7120418848167539  	76661.804559        	120294.23032000002  	0.6372857979561325  	0.3835721431338261  	0.12884579902866578 
34708     	0.7127937336814621  	77049.914444        	120964.82752100001  	0.6369613053895671  	0.38413113884344985 	0.1290181618414276  
34729     	0.7135416666666666  	77531.018526        	121620.43235400002  	0.6374834970190768  	0.38470701811068403 	0.12917519525220747 
34750     	0.7142857142857143  	77971.291828        	122522.81764000002  	0.636381804874072   	0.3853428670830522  	0.1293761353347162  
34791     	0.7131782945736435  	78234.545261        	122947.45915900002  	0.636325026935484   	0.38502988597280097 	0.12925606052066632 
34812     	0.7139175257731959  	78755.16649700001   	123864.44766300001  	0.6358173631167392  	0.38571705688144775 	0.12949387252870534 
34833     	0.7146529562982005  	78963.11075900002   	124206.10890300001  	0.6357425689960793  	0.3863451566730451  	0.12969802389655025 
34854     	0.7153846153846154  	79194.22109800002   	124597.78290400002  	0.6355989589238318  	0.3870138507787312  	0.12991845026442217 
34875     	0.7161125319693095  	79376.63144500002   	124934.39042600003  	0.6353465300814483  	0.38762084816712916 	0.1301308334226053  
34895     	0.7168367346938775  	79495.38981100002   	125178.28599400003  	0.6350573438496381  	0.3882454245617614  	0.1303533320728596  
34958     	0.7139240506329114  	79837.48826400001   	125709.67825100003  	0.6350942057507406  	0.3869569704699257  	0.1299357590949195  
34979     	0.7146464646464646  	80018.45231900002   	126002.00593900004  	0.6350569716940734  	0.3875760447778234  	0.13016622685134666 
35081     	0.7117794486215538  	80210.49210100003   	126302.14023400003  	0.6350683523841639  	0.38613304639912266 	0.12967562747060438 
35108     	0.7125              	80661.57666400002   	127050.45160400003  	0.6348783152334776  	0.3867180229913492  	0.1298705925137056  
35135     	0.713216957605985   	80841.14611400002   	127329.41048500003  	0.6348976705858813  	0.3872405526823276  	0.13004137910619748 
35270     	0.7068965517241379  	80968.39036900002   	127500.24027500003  	0.6350450022240164  	0.3838441805990765  	0.12890971762997375 
35378     	0.7024390243902439  	81427.10905700001   	128112.66661500004  	0.6355898382921189  	0.38120111446450444 	0.12802625899214834 
35405     	0.7031630170316302  	81592.463398        	128344.07128100004  	0.6357322358845795  	0.3814027558211903  	0.12809494622485262 
35486     	0.7004830917874396  	81725.28607         	128579.32201700004  	0.6356020920626315  	0.3795645080042815  	0.12747371908980026 
35540     	0.6995192307692307  	82198.58431800001   	129311.15441000005  	0.6356650723059614  	0.378723269306977   	0.12719738803362174 
35567     	0.7002398081534772  	82691.24302400001   	130125.71411000004  	0.6354719633207782  	0.3788375533082101  	0.12724304655153912 
35594     	0.7009569377990431  	83105.73402900001   	130786.18222200005  	0.6354320664237608  	0.3789931971347951  	0.12730575953615947 
35621     	0.7016706443914081  	83262.15623900002   	130958.88738000004  	0.6357885127521002  	0.37918774460292326 	0.12736654508320633 
35648     	0.7023809523809523  	83801.88284700002   	131835.43939100005  	0.6356552019253245  	0.37943875642698754 	0.12744823499542335 
35675     	0.7030878859857482  	83892.05442400002   	131964.33512000006  	0.6357176304318425  	0.3797058014794355  	0.1275334681977699  
35702     	0.7037914691943128  	84364.86803500002   	132800.79863300006  	0.6352738003341792  	0.38000329253162957 	0.12764503439405295 
35729     	0.7044917257683215  	84541.95275500002   	133096.76580900006  	0.6351916385130018  	0.3803366131979394  	0.12776685446506633 
35756     	0.7051886792452831  	84642.10249000002   	133231.95699800007  	0.6352988006568917  	0.38064561743326125 	0.12786742556645478 
35783     	0.7058823529411765  	84955.05123800001   	133709.09380900007  	0.6353722758704511  	0.3809866697407282  	0.12797757155726858 
35891     	0.7016317016317016  	85378.48841100001   	134518.58205600007  	0.6346966129590703  	0.37861371550155104 	0.12717705270425264 
35918     	0.7023255813953488  	85710.51739100002   	135004.38339700009  	0.6348721073667344  	0.37893509530040503 	0.12728451108731292 
35945     	0.703016241299304   	85962.34877600001   	135336.2989170001   	0.635175850558168   	0.37926457967885124 	0.12740034310096204 
35972     	0.7037037037037037  	86412.37252200002   	136124.4159830001   	0.6348043581894348  	0.37958238906104647 	0.1275256598796038  
36000     	0.7043879907621247  	86424.71734300003   	136138.9169120001   	0.6348274196926715  	0.3799017770453834  	0.12765061810367656 
36088     	0.7034482758620689  	86738.37131900003   	136595.5631830001   	0.6350013814342909  	0.37933064860746585 	0.12748422617491303 
36147     	0.7025171624713958  	87378.44253800003   	137628.34256200012  	0.634886978302721   	0.3787928236803308  	0.12734660986989468 
36264     	0.6984126984126984  	87769.30049000004   	138307.2386020001   	0.6345965791607582  	0.37649280313538    	0.1266298644740945  
36323     	0.6975169300225733  	88111.46238500004   	138863.7405040001   	0.6345174202077748  	0.37596663240964673 	0.12651781477869412 
36382     	0.6966292134831461  	88492.47742300003   	139518.6787580001   	0.6342697494755756  	0.3753967158518216  	0.1263938313764154  
36411     	0.6973094170403588  	88649.51301500003   	139743.67486100012  	0.6343722755479109  	0.37570095976992385 	0.12656185714612242 
36441     	0.697986577181208   	88904.84310800003   	140077.32488400012  	0.6346840445562714  	0.3760564170818842  	0.12673719017376392 
36470     	0.6986607142857143  	88986.50220600003   	140231.5359580001   	0.6345684057304474  	0.3762798630301973  	0.1268684912594713  
36500     	0.6993318485523385  	89504.98710400003   	141089.19689100012  	0.6343858287969986  	0.3766006965292976  	0.1270320762087932  
36529     	0.7                 	89596.82631900003   	141224.74078600013  	0.6344272669246204  	0.37693546023442687 	0.12719925338065566 
36558     	0.7006651884700665  	89877.67205900003   	141653.76755900012  	0.6344883980693641  	0.37724700955079177 	0.12735249066681548 
36617     	0.6997792494481236  	89989.47144000004   	141809.87312000012  	0.6345783227931567  	0.37668715746336984 	0.1272027785560395  
36647     	0.7004405286343612  	90104.43645500003   	141963.40984000012  	0.6347018330748201  	0.3769797990488909  	0.1273386786167964  
36764     	0.6965065502183406  	90224.64075900003   	142130.9882080001   	0.6347992221580964  	0.37481951837103716 	0.1266440409823228  
36794     	0.6971677559912854  	90335.06686500003   	142281.67809100013  	0.6349030182735389  	0.37515149521430907 	0.12678940874006697 
36852     	0.6963123644251626  	90438.66038600003   	142406.41892900012  	0.6350743250631857  	0.374685720595923   	0.12666121998225474 
36882     	0.696969696969697   	90733.28590700003   	142914.8833660001   	0.6348763947463414  	0.37503390049865915 	0.12681731947275685 
36941     	0.6961206896551724  	91025.61767100003   	143472.79096700012  	0.6344451589565623  	0.3744513133774067  	0.12666557505975068 
37081     	0.6923076923076923  	91683.21005100003   	144684.30381600012  	0.6336776528820752  	0.3722723798187205  	0.12598430894504967 
37108     	0.6929637526652452  	92000.40976900003   	145061.5969220001   	0.6342161655539255  	0.37253648793575217 	0.1261216718767355  
37189     	0.690677966101695   	92200.95694700003   	145333.5793930001   	0.6344091801226277  	0.3709365943579028  	0.12561126169131379 
37216     	0.6913319238900634  	92490.13513200002   	145820.37499600012  	0.634274429307544   	0.37091554065637006 	0.12562588519963364 
37243     	0.6919831223628692  	93040.92511800003   	146782.1690690001   	0.6338707603800491  	0.37092450842545044 	0.12564019455024464 
37270     	0.6926315789473684  	93201.33429900002   	147011.9594340001   	0.6339711045130451  	0.3708748989225653  	0.12562715184209494 
37297     	0.6932773109243697  	93638.49841400003   	147758.3077940001   	0.6337274689457585  	0.3708303869467578  	0.125618672387083   
37324     	0.6939203354297694  	93860.18989400002   	148089.66312700012  	0.6338064920406127  	0.37079989821158627 	0.12561632678790693 
37351     	0.694560669456067   	94342.87890300002   	148783.98009100012  	0.6340929906922605  	0.3708557020265747  	0.1256344183431434  
37378     	0.6951983298538622  	94539.75277700002   	149026.28711000012  	0.6343830649636852  	0.370892327975283   	0.1256522836460978  
37432     	0.6943866943866944  	94932.21495500002   	149671.8082530001   	0.6342691790997129  	0.3702096389015778  	0.12543120027560872 
37459     	0.6950207468879668  	95419.30565400001   	150409.25868900013  	0.6343978188955618  	0.37035820488893817 	0.12549676761932185 
37486     	0.6956521739130435  	95596.42488500001   	150664.89749400012  	0.6344969961487341  	0.37054148011686266 	0.1255693247582977  
37513     	0.6962809917355371  	95820.47542300001   	150986.8199260001   	0.6346280785962802  	0.3707522902215143  	0.12565268449538095 
37540     	0.6969072164948453  	96075.59402500001   	151436.9733310001   	0.6344262693035     	0.3709890733960028  	0.12575340826933215 
37567     	0.6975308641975309  	96335.47933100001   	151848.1741630001   	0.6344197410473275  	0.3712570695902092  	0.12586664097202518 
37594     	0.6981519507186859  	96456.33539100002   	152057.2407790001   	0.6343422706925848  	0.37141356548515636 	0.12592546170602753 
37621     	0.6987704918032787  	96736.10493900001   	152582.3359720001   	0.6339928165521843  	0.3716110055786144  	0.12600225574472995 
37648     	0.6993865030674846  	97229.51825800001   	153466.5252740001   	0.6335552204912819  	0.3718517066970328  	0.12610676525357473 
37675     	0.7                 	97450.15941300002   	153874.3407250001   	0.6333100044741066  	0.3720903917568059  	0.126223956371348   
37702     	0.7006109979633401  	97889.66955700002   	154563.4346050001   	0.6333300615838754  	0.3723928885777293  	0.12636270446983125 
37756     	0.6997971602434077  	98186.87690500001   	155039.3595000001   	0.6333029059307997  	0.37189303061362433 	0.12624439448084018 
37783     	0.7004048582995951  	98315.20014100001   	155182.8998040001   	0.633544032655496   	0.37218234884214935 	0.1263839186392994  
37837     	0.6995967741935484  	98648.95978500001   	155625.1696240001   	0.6338882073082518  	0.3717440680401606  	0.12626255531300837 
37864     	0.7002012072434608  	99172.72762000002   	156495.87501100008  	0.6337082534158116  	0.37208816295431485 	0.1264141682613337  
37891     	0.7008032128514057  	99634.06364100002   	157152.25188300008  	0.6339970471131245  	0.37246513840911855 	0.12657817382608602 
37918     	0.7014028056112225  	99756.49284700002   	157353.98445500009  	0.6339622933128094  	0.3727785629690073  	0.1267172985446238  
37972     	0.7005988023952096  	99917.43262900002   	157609.3503790001   	0.6339562493515172  	0.37234484892704084 	0.12659935751397342 
38000     	0.701195219123506   	100121.76798800002  	157950.7771850001   	0.6338795526832529  	0.37269137600083696 	0.12674558413906853 
38045     	0.7017892644135189  	100234.18731600003  	158126.1663470001   	0.6338874180762786  	0.37302507864980416 	0.12688960575819613 
38136     	0.6982248520710059  	100402.92824800003  	158418.62458400012  	0.6337823504758573  	0.37117237946573706 	0.12629016113835567 
38159     	0.6988188976377953  	100474.79808300003  	158513.84872400013  	0.6338550157718014  	0.37154445318357504 	0.1264444755115612  
38181     	0.6994106090373281  	100508.89436300003  	158549.24672300013  	0.6339285517931104  	0.37192382769801985 	0.12659831563942006 
38204     	0.7                 	100618.32385200003  	158699.01735300015  	0.634019829046521   	0.3722303429550748  	0.12672064578722425 
38250     	0.69921875          	100914.95190300004  	159130.00065800015  	0.6341667283712576  	0.37185084315904177 	0.12660698437589313 
38272     	0.6998050682261209  	101037.19503800003  	159256.13512600015  	0.634432042181995   	0.3722270550193136  	0.12674157044854095 
38318     	0.6990291262135923  	101465.79440200003  	159912.85565400016  	0.6345068005135202  	0.37192094082615196 	0.12664523968472513 
38340     	0.6996124031007752  	101815.89784300003  	160538.27846600016  	0.6342157074056531  	0.37234937779065186 	0.12679793546452622 
38363     	0.7001934235976789  	102276.76480100003  	161220.18168300018  	0.6343918219996931  	0.3728295212649799  	0.12696541590217975 
38386     	0.7007722007722008  	102586.60586600003  	161749.65109400018  	0.6342307706517538  	0.3732769609569512  	0.12713123748452393 
38409     	0.7013487475915221  	102689.95401600003  	161948.90311200017  	0.6340886047556741  	0.3737361488372857  	0.12730288590126917 
38454     	0.7005758157389635  	102728.40891900004  	162000.85383400018  	0.6341226387872269  	0.37348229846642744 	0.1272308893948823  
38477     	0.7011494252873564  	103072.01261100004  	162502.5565630002   	0.6342793294519051  	0.37388067697263905 	0.1273697568940319  
38522     	0.700381679389313   	103093.09111500005  	162541.2085510002   	0.6342581800273298  	0.3735356011156282  	0.12726459466784953 
38545     	0.700952380952381   	103274.99396700005  	162883.8326960002   	0.6340407900380655  	0.37392779922505653 	0.12741567364724918 
38568     	0.7015209125475285  	103574.93697600004  	163359.2047370002   	0.6340318388715854  	0.3743270136869907  	0.12756849563798747 
38659     	0.6981132075471698  	103942.84681100004  	163918.33668400018  	0.6341136014049473  	0.37242489216119845 	0.12692784332125517 
38681     	0.6986817325800376  	104186.09562400004  	164319.9488120002   	0.634044109539008   	0.37267791951157736 	0.12702211559331278 
38704     	0.6992481203007519  	104333.38216500003  	164589.35947900018  	0.6339011373229861  	0.37295959305257387 	0.12712462993572016 
38727     	0.699812382739212   	104771.57508300003  	165367.24487000017  	0.6335690914205162  	0.37327929312803443 	0.12725664222908167 
38772     	0.6990654205607477  	105271.09449800003  	166202.76083000016  	0.6333895656864338  	0.3729249732547325  	0.12716678375164608 
38795     	0.6996268656716418  	105603.87622000003  	166705.90810800015  	0.6334741066980346  	0.37329034882573153 	0.12732231892103865 
38840     	0.6988847583643123  	105964.20793100004  	167248.03273800015  	0.6335752127918697  	0.37301065528691824 	0.1272557411805871  
38886     	0.6981481481481482  	106229.10967200004  	167607.57743900016  	0.633796581844049   	0.37277136933027155 	0.12719824546350592 
38909     	0.6987060998151571  	106544.86988700004  	168128.54605000015  	0.6337107670895721  	0.37323537880691215 	0.12737341952883288 
38954     	0.6979742173112339  	106880.11460800003  	168614.69473000016  	0.6338718863094663  	0.3729564409479687  	0.12728546289947115 
39000     	0.6972477064220184  	107106.40715800003  	169028.28446200016  	0.6336596712136601  	0.372632967820822   	0.12718850152103822 
39075     	0.696526508226691   	107467.14901200004  	169566.58992400015  	0.6337754923311655  	0.3723477984459806  	0.12710417979268973 
39100     	0.6970802919708029  	107833.23684200004  	170052.96039300013  	0.6341156107649789  	0.37277492196606504 	0.12724766985588926 
39125     	0.697632058287796   	107994.48638000005  	170251.97926100015  	0.634321473669578   	0.3731765098069569  	0.1273785415085285  
39150     	0.6981818181818182  	108047.14758900004  	170324.10552700015  	0.6343620432039913  	0.37354450730989963 	0.12749848865996427 
39200     	0.697463768115942   	108248.89797700004  	170620.16275800017  	0.6344437622564886  	0.373268081180884   	0.12739400972017334 
39225     	0.6980108499095841  	108448.82157100005  	170909.78449500017  	0.6345384021835955  	0.37370926264449195 	0.12752619198310725 
39250     	0.6985559566787004  	108585.36295800006  	171105.88508700018  	0.6346091655631186  	0.37416652917276866 	0.12766324488990446 
39300     	0.697841726618705   	108944.65115100006  	171589.82438600017  	0.6349132388289147  	0.3739466248957072  	0.1275613193892459  
39325     	0.6983842010771992  	109054.77567700006  	171762.72839600017  	0.6349152502140832  	0.3744153653876834  	0.1276927740447607  
39400     	0.6964285714285714  	109336.87753300005  	172152.72763400016  	0.6351155688073223  	0.37352753300274266 	0.12735928639763902 
39475     	0.69449378330373    	109549.34916800004  	172642.45659600015  	0.6345446614233253  	0.3725456434686452  	0.12699385191087792 
39500     	0.6950354609929078  	110029.01299800005  	173532.20702400015  	0.6340552850963431  	0.3729510499788871  	0.1271122521847696  
39575     	0.6931216931216931  	110387.57604700005  	174091.51646000016  	0.6340778591147667  	0.37191467812640416 	0.12674850314526523 
39600     	0.6936619718309859  	110512.32200000006  	174265.09472100015  	0.6341621205149041  	0.37221127478828386 	0.126837426417459   
39650     	0.6929824561403509  	110581.73312500006  	174351.98085500015  	0.6342442029205586  	0.3718005258186179  	0.12668310236686772 
39675     	0.6935201401050788  	111300.71058800006  	175472.00424300015  	0.6342932655733886  	0.3721446593134736  	0.12678304200720666 
39700     	0.6940559440559441  	111690.05507500005  	176091.69655600016  	0.6342721278710647  	0.37253229958601525 	0.12690115183742084 
39725     	0.6945898778359512  	111750.75493000005  	176180.73960700014  	0.6342960937686964  	0.37293136389454634 	0.1270207233790037  
39775     	0.6939130434782609  	112113.57641800006  	176726.68875100015  	0.6343896171560311  	0.37260915328154026 	0.12690027820640654 
39800     	0.6944444444444444  	112355.53724300006  	177116.45155500015  	0.6343596896650234  	0.37290647213490213 	0.12699344435943458 
39850     	0.6937716262975778  	112884.32794400006  	177922.73810200015  	0.6344570072841693  	0.3726143822089584  	0.1268898809950386  
39875     	0.694300518134715   	113400.91648700007  	178729.14989300014  	0.6344847304140921  	0.3730287698089671  	0.1270289478160004  
39900     	0.6948275862068966  	113606.19888300006  	179001.64202800015  	0.634665680135098   	0.3734586875144106  	0.12716798583625621 
39925     	0.6953528399311532  	114149.47942500006  	179902.29381300014  	0.6345081933399526  	0.37394253093229357 	0.12733498645909458 
39950     	0.6958762886597938  	114498.64508300005  	180409.42715500013  	0.6346599891624713  	0.3744114488712447  	0.12749655070741148 
39975     	0.6963979416809606  	114642.89377500005  	180660.68268800012  	0.634575780791151   	0.3748562065763998  	0.1276560315824446  
40000     	0.696917808219178   	114663.58436700005  	180699.46100000013  	0.6345541028868922  	0.3752538927976062  	0.1278050318272626  
40038     	0.6974358974358974  	115006.41071800004  	181191.93045100014  	0.634721482528171   	0.3756104592992019  	0.1279438516684189  
40076     	0.696763202725724   	115143.24744000004  	181368.96776700014  	0.6348563861703259  	0.3753042078853831  	0.1278542140912825  
40096     	0.6972789115646258  	115313.11140900003  	181632.48477400013  	0.6348705274416121  	0.3756589151517692  	0.12798897162558293 
40134     	0.6966101694915254  	115384.99648600003  	181710.90233100014  	0.6349921496499839  	0.3753734486867078  	0.1279016409739636  
40173     	0.6959459459459459  	115671.08728700003  	182124.17717900014  	0.6351220858135331  	0.375124163787368   	0.1278267597235155  
40192     	0.6964586846543002  	115787.82377700003  	182253.05112900015  	0.6353134998823394  	0.375524968243784   	0.12796967280496582 
40211     	0.696969696969697   	116181.64067300003  	182835.79043900015  	0.6354425487156571  	0.3759724933095705  	0.12812739114828148 
40230     	0.6974789915966386  	116432.86044700003  	183209.83261800016  	0.6355164391736944  	0.376443492034452   	0.1282948569783337  
40250     	0.697986577181208   	116849.35450100002  	183849.38361300016  	0.635571097409638   	0.37693390384915704 	0.12847477933170323 
40269     	0.6984924623115578  	117372.97405800002  	184783.68332200017  	0.6351912243976019  	0.37746256749721335 	0.1286792348249862  
40288     	0.6989966555183946  	117849.95393800002  	185604.92851900018  	0.6349505634271767  	0.37804247035409416 	0.12890988010305443 
40307     	0.6994991652754591  	117974.27305200002  	185772.0815970002   	0.6350484531250741  	0.3785756309199386  	0.12911932637263887 
40365     	0.6976744186046512  	118236.94277900002  	186291.3552500002   	0.6346882957629881  	0.37782225460693103 	0.12889566214555276 
40384     	0.6981757877280266  	118464.96556200001  	186616.1186480002   	0.6348056449799573  	0.37835712428774065 	0.12910866579807995 
40423     	0.6975206611570248  	119037.43201700001  	187489.3461390002   	0.6349023796197383  	0.37829189009392683 	0.12912121801465334 
40461     	0.6968698517298187  	119393.05226000001  	188050.41594500022  	0.6348991660561885  	0.37826625540745806 	0.12914926521961906 
40500     	0.6962233169129721  	119489.3307         	188176.1470130002   	0.6349865941922227  	0.3781857846669138  	0.1291488702788448  
40519     	0.6967213114754098  	119836.35472500001  	188794.0463330002   	0.6347464713671601  	0.37871207802600076 	0.1293639999502091  
40538     	0.6972176759410802  	119966.70031500001  	188969.4073810002   	0.6348472061042298  	0.3792541669198963  	0.12958173636988038 
40557     	0.6977124183006536  	120176.399833       	189297.6735880002   	0.6348540769421168  	0.3797349994335166  	0.12976924265492637 
40576     	0.6982055464926591  	120576.22838        	189881.5539760002   	0.6350075921289334  	0.3802646427515577  	0.1299706687986793  
40596     	0.6986970684039088  	121154.46139        	190815.4434620002   	0.6349300622207091  	0.38085074103882754 	0.13019661436262026 
40634     	0.698051948051948   	121504.345774       	191467.6583200002   	0.6345946194783957  	0.3807838412461232  	0.13021064835262616 
40653     	0.6985413290113452  	121786.325419       	191890.1521100002   	0.6346668866528727  	0.38137254632213696 	0.13044571882834666 
40673     	0.6990291262135923  	122231.803916       	192701.7301350002   	0.6343056900961326  	0.3819554890978791  	0.13069845523132767 
40692     	0.6995153473344103  	122765.743004       	193614.7269700002   	0.6340723400809384  	0.38259000033088364 	0.13097535485533027 
40730     	0.6988727858293076  	122911.08019000001  	193816.4631870002   	0.6341622283727856  	0.38261165788342716 	0.13104172905753228 
40750     	0.6993569131832797  	122979.002013       	193907.21132100018  	0.6342157219177199  	0.38325740841167566 	0.1313201986549278  
40769     	0.6998394863563403  	123167.666928       	194175.0056140002   	0.6343126734490461  	0.38388498814214495 	0.13158879863883696 
40826     	0.6980830670926518  	123222.650066       	194247.9870630002   	0.6343574104890742  	0.38318432423466353 	0.13140451353105934 
40846     	0.6985645933014354  	123651.854654       	194944.1329730002   	0.6342937987834997  	0.3837487433493094  	0.13164119455413656 
40884     	0.6979332273449921  	123830.99097099999  	195225.5611170002   	0.6342970165509583  	0.38372169208849566 	0.13167442574501065 
40903     	0.6984126984126984  	124345.658436       	196084.9908150002   	0.63414164398394    	0.384360820840198   	0.1319413420020047  
40923     	0.6988906497622821  	124657.26443899999  	196589.4038690002   	0.6340996105876943  	0.3849428434906756  	0.13218457746301823 
40942     	0.6993670886075949  	124760.48710299999  	196737.81134400022  	0.6341459542052831  	0.38553339110252494 	0.13243154830066586 
40961     	0.6998420221169036  	125118.745726       	197368.97102000023  	0.6339332118893257  	0.38615445993371433 	0.13269399749511374 
40980     	0.7003154574132492  	125324.708107       	197702.37842300022  	0.633905920134444   	0.3867978810648167  	0.13296340327684494 
41000     	0.7007874015748031  	125452.194992       	197875.45727600023  	0.6339957300364797  	0.3874587832193186  	0.13323525438501738 
41068     	0.7012578616352201  	125943.503255       	198688.19670500024  	0.6338751135881162  	0.38811580219078257 	0.13351029519703134 
41241     	0.6973478939157566  	126147.733381       	199101.68647700024  	0.6335844543213967  	0.38614831326821747 	0.13287798668298564 
41413     	0.6934984520123839  	126376.127213       	199412.55250900023  	0.6337420870599215  	0.3839133998194385  	0.13213898755442466 
41448     	0.6939721792890263  	126448.763307       	199575.46725500023  	0.6335887123111917  	0.3840798193574268  	0.13222918964344516 
41482     	0.6944444444444444  	126795.632136       	200097.66487700024  	0.6336687247896726  	0.38427574387571245 	0.1323291632810487  
41551     	0.6938461538461539  	126880.211864       	200182.24460500025  	0.633823504748686   	0.3837720901730633  	0.13217727125570933 
41586     	0.6943164362519201  	126962.12759799999  	200277.82185100025  	0.6339300399045452  	0.3838754195296492  	0.1322302209627645  
41620     	0.6947852760736196  	127170.95489        	200640.34720400025  	0.6338254327316302  	0.38399072766990494 	0.1322890286445072  
41689     	0.6941896024464832  	127465.36262        	201048.21200500024  	0.6340039602880418  	0.3834929030279614  	0.132132521899939   
41724     	0.6946564885496184  	127604.715712       	201256.75546200023  	0.6340394160636926  	0.38360204895937006 	0.1321837795130546  
41793     	0.6940639269406392  	127696.819204       	201370.26575200024  	0.6341393985210628  	0.38314185936410244 	0.13203563498963256 
41827     	0.6945288753799392  	127741.578811       	201450.31005700023  	0.6341096162862971  	0.3832725612714256  	0.13209064785973165 
41862     	0.6949924127465857  	127916.235267       	201697.58658600022  	0.634198145015775   	0.383429701026132   	0.1321505075156944  
41896     	0.6954545454545454  	128146.511552       	201966.30656200022  	0.6344945042239568  	0.38362057868836974 	0.13221435568850065 
41931     	0.6959152798789713  	128484.601912       	202500.53593000022  	0.634490182072477   	0.38374692946098826 	0.13226732791576212 
41965     	0.6963746223564955  	128887.23028        	203094.83449600023  	0.6346159940495105  	0.38391881097655123 	0.1323333410809669  
42000     	0.6968325791855203  	129050.160669       	203399.00203200022  	0.6344680130175707  	0.38411088758745077 	0.13240737461798188 
42058     	0.697289156626506   	129288.67155300001  	203766.87219300022  	0.6344930859543385  	0.38432469682862724 	0.13249039557231954 
42088     	0.6977443609022557  	129621.58953000001  	204277.04906100023  	0.6345381927428031  	0.3845756127072681  	0.1325843450461344  
42117     	0.6981981981981982  	129919.960772       	204828.86157700024  	0.6342854213597232  	0.38481480980893606 	0.13268332583418774 
42147     	0.6986506746626686  	130023.70036100001  	205021.74101800023  	0.6341946942572513  	0.3850459043875917  	0.13278433760485753 
42176     	0.6991017964071856  	130571.65158700001  	206063.03253300022  	0.6336490829139353  	0.3853159329064981  	0.13291507781208853 
42205     	0.6995515695067265  	130879.26385900001  	206482.25258300023  	0.6338523636862695  	0.38549934600792823 	0.1330107017275691  
42235     	0.7                 	131221.20231000002  	206968.26553600022  	0.634016050577451   	0.38565905840927006 	0.13309216305814847 
42264     	0.7004470938897168  	131530.774509       	207433.79888700022  	0.6340855502562123  	0.3857559471193047  	0.13314796817442326 
42294     	0.7008928571428571  	131940.447126       	208143.84253700022  	0.633890705186467   	0.38586189476288185 	0.13321741877954418 
42323     	0.7013372956909361  	132025.41591100002  	208267.44870100022  	0.6339224719679679  	0.38589876738281814 	0.13325933607789692 
42352     	0.701780415430267   	132505.50960100003  	209051.79237200023  	0.6338405813101625  	0.385949040062313   	0.13330141829367267 
42382     	0.7022222222222222  	133005.40622600002  	209861.77404400022  	0.6337762407274501  	0.38607138185677403 	0.133360939014534   
42411     	0.7026627218934911  	133197.57634700002  	210176.85002800022  	0.6337404729838474  	0.3862162274299032  	0.13342827394427417 
42441     	0.7031019202363368  	133354.67203900003  	210402.2532230002   	0.6338081935731965  	0.38637646161466793 	0.13350051065206334 
42470     	0.7035398230088495  	133455.94551500003  	210608.26438900022  	0.6336690818006202  	0.38652553166692627 	0.1335670076260705  
42529     	0.7029411764705882  	133793.05135000002  	211149.16707400023  	0.6336423354353576  	0.38608634368340267 	0.13342341858774323 
42558     	0.7033773861967695  	134301.61376300003  	211945.34468300024  	0.6336615412047412  	0.3862183968202962  	0.13348809901597372 
42647     	0.7017543859649122  	134603.72439700004  	212311.71483500022  	0.6339910376665198  	0.3851268991872356  	0.13312248936461038 
42676     	0.7021897810218978  	134707.04965300005  	212455.93934000022  	0.6340469937977302  	0.3850206639666307  	0.13310596162994448 
42705     	0.7026239067055393  	135138.26085800005  	213079.42814100021  	0.6342154286643549  	0.38496150968345016 	0.13310524594136267 
42735     	0.7030567685589519  	135292.40723700006  	213327.6552790002   	0.6342000387153655  	0.3848974847996977  	0.1331035331500007  
42764     	0.7034883720930233  	135422.11218800006  	213552.2846120002   	0.6341403110439505  	0.3848541893144857  	0.13310645211605426 
42794     	0.7039187227866474  	135584.42771800005  	213812.0404580002   	0.6341290575945527  	0.38481976080197455 	0.13311000076207558 
42823     	0.7043478260869566  	135928.63205200006  	214427.47821200022  	0.6339142407747299  	0.38478150904162145 	0.13310853354099023 
42852     	0.7047756874095513  	136073.98937300005  	214661.1976750002   	0.6339011933540863  	0.3847144884965501  	0.13309871652509742 
42882     	0.7052023121387283  	136166.57151600005  	214768.9639750002   	0.6340141936516036  	0.38466459397702757 	0.13308999336828456 
42911     	0.7056277056277056  	136522.28538000004  	215334.9272560002   	0.6339997283287722  	0.3846065992603158  	0.13308077407418392 
42941     	0.7060518731988472  	136887.34304500005  	215873.5569080002   	0.6341088969194033  	0.38458521444123916 	0.13308005814136756 
42970     	0.7064748201438849  	136980.93351900004  	215971.2157260002   	0.6342555097378622  	0.38456786572998086 	0.13307697805939608 
43000     	0.7068965517241379  	137118.40295200003  	216235.3247620002   	0.6341165723173106  	0.38456388184353846 	0.13308109714143787 
43068     	0.7073170731707317  	137614.96575700003  	217090.1684210002   	0.6339069463989961  	0.3845814335407718  	0.1330943094160356  
43137     	0.7067238912732475  	137881.34800700002  	217483.87053500023  	0.6339842475114054  	0.3840539207847606  	0.13290951978794738 
43172     	0.7071428571428572  	137925.75240000003  	217603.00894400023  	0.6338412004013004  	0.38406397706595685 	0.13291306687240695 
43206     	0.7075606276747504  	138200.31028700003  	217987.76843600025  	0.6339819489806591  	0.3841120541104093  	0.13292328694379674 
43275     	0.7069701280227596  	138670.08129800003  	218746.23909900023  	0.6339312706319978  	0.3836415511017594  	0.13275610618349473 
43310     	0.7073863636363636  	139019.48526000004  	219194.01511200023  	0.6342302967942173  	0.3836999831494581  	0.13277161972677642 
43344     	0.7078014184397163  	139057.40893000003  	219232.07259400023  	0.6342931820360195  	0.38370910554156173 	0.13276618411003854 
43379     	0.7082152974504249  	139234.69667100004  	219466.68850100023  	0.6344229168535774  	0.38373820519684965 	0.1327649338835039  
43413     	0.7086280056577087  	139461.87689300004  	219767.92500200024  	0.6345870394495954  	0.3837749915330302  	0.13276538623227058 
43448     	0.7090395480225988  	139912.13123200004  	220355.89656000023  	0.6349370877575027  	0.38382394869023145 	0.13275891592245528 
43482     	0.7094499294781382  	140432.42176200004  	221296.43600700021  	0.6345896223902936  	0.3839086843673651  	0.13277847319039404 
43517     	0.7098591549295775  	140825.87639400005  	222000.87836900022  	0.6343482846942857  	0.3839829785163047  	0.13279992245387642 
43551     	0.710267229254571   	141030.98410900004  	222264.31452800022  	0.634519240789926   	0.3840584456818204  	0.1328166376707922  
43586     	0.7106741573033708  	141266.84725700004  	222647.30274200023  	0.6344871261283482  	0.3841586336938376  	0.13284264547708519 
43655     	0.7100840336134454  	141363.28902800006  	222761.51695400022  	0.6345947494027493  	0.38367840645410267 	0.13266990666300207 
43689     	0.7104895104895105  	141504.95238000006  	223013.4071840002   	0.6345132078236422  	0.38368443709159494 	0.13266352710008095 
43724     	0.7108938547486033  	141882.10450300007  	223601.2525000002   	0.6345317967438484  	0.38373445382162863 	0.1326696760571467  
43896     	0.7073509015256588  	142275.71622700006  	224353.2882890002   	0.6341592642213825  	0.38154446954175775 	0.1318781491421564  
43931     	0.7077562326869806  	142673.20543100007  	224980.5098330002   	0.6341580679006565  	0.38151995507922004 	0.13183559432548198 
44000     	0.7071823204419889  	142841.95367700007  	225238.9653770002   	0.6341795853924043  	0.3809530978725971  	0.1316121299454261  
44040     	0.7075862068965517  	142991.14343300008  	225460.45179600018  	0.634218295465763   	0.3809012095931443  	0.13156780926758513 
44081     	0.7070151306740028  	143367.20322600007  	226009.71170700018  	0.6343408968719975  	0.38032318385845065 	0.1313389154832471  
44102     	0.7074175824175825  	143657.53508800006  	226410.63556500018  	0.6344999417960534  	0.3803018325538551  	0.13129871994059653 
44122     	0.7078189300411523  	143860.40579900006  	226765.52276500018  	0.6344015794150697  	0.38029356454960556 	0.1312673439231361  
44142     	0.7082191780821918  	144188.47865500007  	227271.5845440002   	0.6344324960126501  	0.3803175069601386  	0.13124669842157943 
44163     	0.7086183310533516  	144470.24225600009  	227712.47350200018  	0.6344414956027039  	0.3803698189947692  	0.13123553616557304 
44183     	0.7090163934426229  	144709.58037200008  	228053.49435100018  	0.6345422629186976  	0.3804550730066725  	0.13123032948340305 
44224     	0.7084468664850136  	145278.2799590001   	228996.25090300018  	0.63441335561663    	0.380034192791992   	0.13105668018010289 
44244     	0.708843537414966   	145399.5253000001   	229157.45064800017  	0.6344961723428432  	0.38014656145734915 	0.13106575946687832 
44265     	0.7092391304347826  	145734.3135090001   	229749.09557600017  	0.6343194219922041  	0.3802039074974248  	0.1310628514327401  
44285     	0.7096336499321574  	146010.13847600008  	230173.22253500015  	0.6343489345455802  	0.3802349971237606  	0.13106029542720696 
44306     	0.7100271002710027  	146549.86459800007  	231181.61899500014  	0.6339165943862066  	0.38029119903557385 	0.13107813055678422 
44346     	0.7094594594594594  	146901.65518900007  	231706.23742800014  	0.6339995712659567  	0.3798696971292257  	0.13092939336027187 
44367     	0.7098515519568152  	147035.25450700006  	231858.02043300014  	0.634160742994391   	0.3799821052831685  	0.1309589344497324  
44387     	0.7102425876010782  	147317.36233500007  	232349.66452600015  	0.6340330322212069  	0.3801166732104729  	0.13099979160825218 
44408     	0.7106325706594886  	147382.12711600008  	232414.42930700016  	0.6341350128537868  	0.38025411791961644 	0.13104183304870756 
44428     	0.7110215053763441  	147572.6542700001   	232727.09105300016  	0.6341017438162908  	0.3804110662639416  	0.13109069729230138 
44448     	0.7114093959731543  	147961.23599100008  	233388.48424200015  	0.6339697370739994  	0.3805988425778733  	0.13115584827687943 
44469     	0.7117962466487936  	148080.05487000008  	233566.40961600016  	0.6339955095146355  	0.38076568615432504 	0.13121723606712354 
44489     	0.7121820615796519  	148393.50434800007  	234031.49933900018  	0.6340749205432751  	0.3809594052883595  	0.13128906905121798 
44510     	0.7125668449197861  	148627.90764300007  	234427.06625700017  	0.6340048954930004  	0.3811700879417436  	0.13137073137976132 
44551     	0.712               	148722.75933000006  	234589.76244200018  	0.6339695210133911  	0.38087924474387885 	0.13128032152007726 
44571     	0.7123834886817576  	148948.13604100005  	234974.49093500018  	0.6338906638261548  	0.38109372569387767 	0.13136414332588864 
44591     	0.7127659574468085  	149007.29860400004  	235045.33971800018  	0.6339512997057257  	0.381314660972649   	0.13144832471956377 
44612     	0.7131474103585658  	149074.52771000005  	235160.29630900017  	0.633927283005786   	0.38150714314794293 	0.1315247257385413  
44673     	0.7116402116402116  	149367.12246400004  	235499.27567900016  	0.6342572478549637  	0.38064487486183723 	0.1312272754587316  
44693     	0.7120211360634082  	149647.03829900004  	235961.45087700017  	0.6342012127099806  	0.38079259735030924 	0.13128601685444413 
44714     	0.712401055408971   	149908.60139300005  	236450.19364300018  	0.6339965262170041  	0.3809264343854947  	0.13133005999188482 
44755     	0.7118421052631579  	150257.62049700005  	236949.69532100018  	0.6341329972737177  	0.3805436042226963  	0.13119761730190543 
44795     	0.7112860892388452  	150349.54354300007  	237067.9962680002   	0.6342043038699884  	0.3801657155046303  	0.13105906186448565 
44816     	0.7116644823066841  	150794.19028600006  	237810.8912810002   	0.6340928688073408  	0.38030645682587444 	0.13109946958752353 
44836     	0.7120418848167539  	151058.19663200006  	238235.4903180002   	0.6340709204592707  	0.38044021001217787 	0.13113347040436946 
44857     	0.7124183006535948  	151478.86172400007  	238818.8052350002   	0.6342836426760584  	0.3806204166249978  	0.13117730339388545 
44897     	0.711864406779661   	152011.30717700007  	239591.5685700002   	0.6344601693802414  	0.3803174753148286  	0.13104782378009208 
44938     	0.7113133940182055  	152252.23732900005  	240016.7358390002   	0.6343400879809009  	0.38003586379431664 	0.13093031178882023 
44959     	0.7116883116883117  	152399.72710000005  	240241.4939180002   	0.6343605536852742  	0.38020760584073987 	0.13097501383386848 
44979     	0.7120622568093385  	152636.17188100005  	240669.6524260002   	0.6342144526424319  	0.38040072383517193 	0.1310280055516712  
45000     	0.7124352331606217  	152841.56045700004  	240960.2751170002   	0.6343019005219288  	0.3806163402453705  	0.13108301962400318 
45073     	0.7118863049095607  	153171.36403100003  	241511.3360850002   	0.634220184087306   	0.3803221104084459  	0.13096680283928888 
45121     	0.711340206185567   	153328.84422700002  	241714.2736650002   	0.6343392216857807  	0.3800457700414948  	0.13085388861056282 
45146     	0.7117117117117117  	153594.74878700002  	242081.3003680002   	0.6344758911717376  	0.3802870844717383  	0.13091650077333444 
45170     	0.712082262210797   	154229.00383300002  	243147.7407230002   	0.6343016117460102  	0.380575384721084   	0.1310038530456438  
45243     	0.7106274007682458  	154640.698838       	243790.2456200002   	0.6343186473467071  	0.3798620426906775  	0.13074518004527533 
45268     	0.710997442455243   	155127.602779       	244626.9080860002   	0.6341395719413822  	0.3801654656012678  	0.1308405619662354  
45292     	0.7113665389527458  	155282.223785       	244872.59029700022  	0.6341347702356636  	0.3804837503884936  	0.13094114916747793 
45317     	0.7117346938775511  	155313.68381000002  	244904.05032200023  	0.6341817687612489  	0.38078081786277895 	0.13103062843162008 
45341     	0.7121019108280254  	155689.61981200002  	245451.46958200022  	0.6342989922901535  	0.3811138973962115  	0.1311312448436694  
45414     	0.7106598984771574  	156106.40909300002  	246257.5713760002   	0.6339151654129155  	0.38048576551620616 	0.13091350570007862 
45439     	0.7110266159695817  	156383.06565300003  	246652.6846500002   	0.6340213400673395  	0.38084916268600516 	0.1310360655740162  
45463     	0.7113924050632912  	156554.64119800003  	246860.4556790002   	0.6341827441231517  	0.38123213108120324 	0.13116055343869384 
45512     	0.7108585858585859  	156770.54573100002  	247190.03608300022  	0.63421061874177    	0.38108751221773346 	0.13110710676879941 
45560     	0.7103274559193955  	157311.94383000003  	248035.01617500023  	0.634232804125564   	0.38093623072402305 	0.13104241466825456 
45609     	0.7097989949748744  	157504.04369100003  	248248.93460400024  	0.6344600992638542  	0.38073769543430086 	0.1309446682448004  
45634     	0.7101631116687579  	157607.60805600003  	248377.73381400024  	0.6345480556402282  	0.3810297804946823  	0.1310130216323349  
45658     	0.7105263157894737  	157804.96094100003  	248710.15107500023  	0.6344934465236719  	0.38133625665409193 	0.1310888802047618  
45731     	0.7091136079900124  	158208.98441600002  	249355.71067100024  	0.6344710694223517  	0.3806537876374661  	0.13082974116147306 
45756     	0.7094763092269327  	158596.750957       	249955.96553300024  	0.6344987630873783  	0.3808892994471975  	0.13089031290122785 
45804     	0.7089552238805971  	158667.915867       	250063.26066700026  	0.634511105085093   	0.3805696946832368  	0.13075666381089415 
45829     	0.7093167701863354  	159070.678905       	250708.29793300026  	0.6344850976871549  	0.38074470441321556 	0.13079698656092179 
45853     	0.7096774193548387  	159626.88204        	251520.81298600027  	0.6346468117089177  	0.3809339808553329  	0.13084554749828187 
45902     	0.7091584158415841  	159958.66236        	252029.00823100028  	0.6346835369577295  	0.3806456477604182  	0.13072140893609258 
45926     	0.7095179233621756  	160104.711628       	252271.96395200028  	0.6346512276665951  	0.38078824639456305 	0.13074657097627612 
45951     	0.7098765432098766  	160230.01304299998  	252454.45379100027  	0.6346887948970382  	0.38094917089166624 	0.13077413432161908 
45975     	0.7102342786683107  	160791.321191       	253300.99965800028  	0.6347836029391744  	0.3811241772311942  	0.13080817872528736 
46000     	0.7105911330049262  	160966.832068       	253524.02441800028  	0.6349174696067632  	0.38127628958384124 	0.13083229562936508 
46078     	0.7100737100737101  	161374.378187       	254184.21978600026  	0.6348717411445226  	0.3809783894843814  	0.13070211576439342 
46105     	0.7104294478527607  	161618.05962699998  	254637.44053100026  	0.6346987280816787  	0.38117102370079037 	0.13074184596507354 
46131     	0.7107843137254902  	161860.828414       	255043.13798300026  	0.6346409854194498  	0.38138819181510397 	0.13078905290561127 
46157     	0.7111383108935129  	162295.486293       	255823.66031500025  	0.6344037376885416  	0.38163320724385824 	0.13085264302789124 
46184     	0.7114914425427873  	162683.391566       	256562.52338700026  	0.6340886791193877  	0.38190055609915163 	0.13093374083653622 
46236     	0.7109756097560975  	162906.698332       	256891.78209600024  	0.6341452303488708  	0.3816560445554502  	0.1308396704756167  
46263     	0.7113276492082826  	163131.638835       	257274.65501400025  	0.634075823854949   	0.381896261273028   	0.13091215981914844 
46289     	0.7116788321167883  	163612.397989       	257962.66420000026  	0.6342483649577683  	0.38216075772920194 	0.13099318913288735 
46315     	0.7120291616038882  	164228.307161       	258909.11092100025  	0.6343087216081409  	0.3824544327054567  	0.1310894689084922  
46394     	0.7106537530266344  	164395.6256         	259217.50662900024  	0.634199548239957   	0.3817778942680433  	0.13086076605506755 
46552     	0.7067307692307693  	164559.949183       	259592.17687600025  	0.6339172126192599  	0.379710810068406   	0.13016471392361065 
46578     	0.7070828331332533  	164802.030561       	259994.15726100025  	0.6338682080288451  	0.37991645215186315 	0.13024764249886775 
46631     	0.7065868263473054  	164861.79175        	260057.96863500026  	0.6339424729622065  	0.3796737778332529  	0.1301745145667266  
46657     	0.7069377990430622  	165175.450929       	260571.77571800025  	0.6338961711177752  	0.3799140883146366  	0.13026837386052523 
46684     	0.7072879330943848  	165468.113981       	261090.47873000026  	0.633757748600685   	0.38014901199354884 	0.13036603857152737 
46710     	0.7076372315035799  	165696.101524       	261483.02298100028  	0.6336782389732419  	0.38035589961636657 	0.1304484026757738  
46736     	0.7079856972586412  	165837.058473       	261681.31233700027  	0.6337367272884605  	0.38057982148932606 	0.13053319642292452 
46763     	0.7083333333333334  	165918.22226600003  	261827.6371080003   	0.6336925471223691  	0.38081064459797326 	0.13062049153504385 
46842     	0.7069988137603797  	166100.290379       	262067.92984600028  	0.6338062443451437  	0.3800948513732952  	0.13038062544172688 
46868     	0.707345971563981   	166290.50831        	262308.6907870003   	0.6339496713245811  	0.38027804131294596 	0.13044731721282452 
46894     	0.7076923076923077  	166700.357307       	262937.5492560003   	0.633992207574346   	0.38049429379902827 	0.1305266690166091  
46921     	0.7080378250591016  	166967.053705       	263271.5776850003   	0.6342008323616803  	0.38068179771628274 	0.13060126283551945 
46947     	0.7083825265643447  	167350.538989       	263852.7781390003   	0.634257255767222   	0.38090598374348633 	0.13068590698053886 
46973     	0.7087264150943396  	167603.17180799998  	264286.7852490003   	0.6341715937484013  	0.38115759402143307 	0.1307777165590121  
47000     	0.7090694935217904  	167783.73139499998  	264597.6050370003   	0.6341090327387421  	0.38141993402822244 	0.1308758000178941  
47047     	0.7094117647058824  	167846.758427       	264662.9709020003   	0.6341905626425938  	0.38169026069819434 	0.13097378133158186 
47071     	0.7097532314923619  	167951.835165       	264843.8313620003   	0.6341542270449787  	0.38196794264090783 	0.13107481174755156 
47095     	0.710093896713615   	168020.083323       	264931.7073020003   	0.6342014892595357  	0.38220801267026894 	0.1311548551166399  
47119     	0.7104337631887456  	168261.67582        	265276.3577950003   	0.6342882464860623  	0.38242165126203287 	0.1312246801914858  
47142     	0.7107728337236534  	168393.696457       	265487.6734240003   	0.6342806590047019  	0.38264974814972963 	0.13129812251364226 
47166     	0.7111111111111111  	168617.08779400002  	265785.9576600003   	0.6344093167243207  	0.3829010346438683  	0.13137608486103095 
47190     	0.7114485981308412  	168848.94161500002  	266199.3573150003   	0.6342950761342254  	0.38315287331940057 	0.13145356078426543 
47214     	0.7117852975495916  	168933.47532700002  	266313.1838190003   	0.6343413904803737  	0.38339772359938135 	0.13152588062402903 
47238     	0.7121212121212122  	169355.292343       	266984.86757600034  	0.6343254352975307  	0.3836659316808732  	0.13160466946825625 
47261     	0.7124563445867288  	169633.03533500002  	267419.64827100036  	0.6343327292207626  	0.38395874672349023 	0.13169118125958898 
47285     	0.7127906976744186  	169772.81978700001  	267666.5761800004   	0.6342697777582481  	0.3842647481826208  	0.13178193440339472 
47309     	0.7131242740998839  	170301.827369       	268472.11095900036  	0.6343371263431068  	0.3846165816064029  	0.13188605016063681 
47333     	0.7134570765661253  	170728.9018         	269243.13419700036  	0.6341067983374489  	0.3849730022813842  	0.13199626156728161 
47380     	0.7129629629629629  	170897.088581       	269515.3548300004   	0.6340903607840641  	0.3848229829420886  	0.13194086951830444 
47476     	0.7108294930875576  	171400.492585       	270381.19161400036  	0.6339216554296925  	0.3837719003048217  	0.1315823748421997  
47500     	0.7111622554660529  	171638.200779       	270734.1920910004   	0.6339731212129579  	0.3840741642234719  	0.13168611334766925 
47523     	0.7114942528735633  	172100.22248300002  	271421.2326350004   	0.6340705950386555  	0.3843916905533537  	0.13179924446127694 
47547     	0.711825487944891   	172451.73423800003  	271925.11560500035  	0.6341883273794547  	0.3846966842528189  	0.13190441651374768 
47571     	0.7121559633027523  	172616.54315700004  	272178.41995700035  	0.6342036344551878  	0.38502140676513247 	0.1320134382726048  
47595     	0.7124856815578465  	172901.34448900004  	272531.45451900037  	0.6344271151899117  	0.3853482857275987  	0.13212325218773266 
47619     	0.7128146453089245  	173032.95621500004  	272685.9732710004   	0.6345502635848331  	0.38568915728273767 	0.13223439560378028 
47642     	0.7131428571428572  	173168.13767100003  	272947.8450910004   	0.6344367276952344  	0.3860420393308977  	0.13235044130117507 
47666     	0.7134703196347032  	173324.76699500004  	273218.60140200035  	0.6343812833591757  	0.3864057665461897  	0.13247081443863548 
47690     	0.7137970353477765  	173577.95038000005  	273561.12921000033  	0.6345124794639674  	0.38679019226932626 	0.13259621187335538 
47714     	0.714123006833713   	173636.58959800005  	273627.69911100034  	0.6345724141310792  	0.3871836629788635  	0.13272172728986772 
47761     	0.7136363636363636  	173766.09522400005  	273876.69508900034  	0.6344683514146107  	0.3870393901646704  	0.13266233936657842 
47809     	0.7131519274376418  	174318.54207500003  	274759.80706400034  	0.6344397455279756  	0.3869342408513033  	0.1326229877731098  
47833     	0.7134767836919592  	174727.45461100002  	275373.42514000036  	0.6345109537064743  	0.3872972124055326  	0.13274453556144652 
47857     	0.7138009049773756  	174911.179238       	275638.3278080004   	0.6345676982913522  	0.3876726063088269  	0.13286968350118514 
47904     	0.7133182844243793  	174979.105252       	275706.2538220004   	0.6346577301977663  	0.3875903927315075  	0.13283433533038044 
47928     	0.713641488162345   	175274.07310900002  	276114.1779950004   	0.6347883849418762  	0.38797472787226256 	0.13295446336025674 
47976     	0.7131608548931384  	175768.367311       	277037.61273200036  	0.6344566919187041  	0.3879443791932044  	0.13294412870328257 
48047     	0.712682379349046   	176133.42696900002  	277766.96300400037  	0.6341050248170204  	0.38790965238619846 	0.13294196307634593 
48095     	0.7122060470324748  	176287.51616100004  	277984.72493300034  	0.6341626008532977  	0.38781133311419036 	0.13291945287583048 
48119     	0.7125279642058165  	176570.43277000004  	278500.2939980003   	0.6340044753104205  	0.3881732762581229  	0.13305572872942623 
48142     	0.7128491620111732  	176722.85690300004  	278757.2918800003   	0.6339667590797081  	0.38854536181023086 	0.13319683511882432 
48166     	0.7131696428571429  	177149.88132100002  	279485.50259800034  	0.6338428278900914  	0.38893958202425016 	0.13335006559899917 
48190     	0.7134894091415831  	177569.134549       	280158.00606200035  	0.6338178124729481  	0.38936262517678755 	0.13351705108987777 
48214     	0.7138084632516704  	177960.12217800002  	280800.32185900037  	0.6337603924377266  	0.38981784174953    	0.13369359990347066 
48238     	0.71412680756396    	178262.72621700002  	281220.8149140004   	0.6338888046801023  	0.39027089188692565 	0.1338680005909196  
48261     	0.7144444444444444  	178543.92454900002  	281612.0339040004   	0.6340067293071162  	0.3907458283285381  	0.13404774473925976 
48285     	0.7147613762486127  	178608.112988       	281739.3693910004   	0.6339480115046544  	0.3912248591381373  	0.13422925097297594 
48333     	0.7142857142857143  	178643.28976400002  	281781.1929440004   	0.6339787545704038  	0.39125184000371244 	0.13425671204033407 
48357     	0.7146017699115044  	178884.610488       	282176.06067800045  	0.633946799236561   	0.39172662762593213 	0.13443994315662708 
48380     	0.7149171270718232  	179111.55118500002  	282606.05280600046  	0.633785261874607   	0.3922024741302234  	0.13462400075753425 
48500     	0.7120879120879121  	179300.530831       	282926.22855800047  	0.6337359803820487  	0.39084598919859126 	0.13418415713888301 
48523     	0.712403951701427   	179444.1238         	283072.9956980005   	0.6339146669837836  	0.3912292138352966  	0.13433781527275068 
48595     	0.7111597374179431  	179604.327933       	283361.03785500047  	0.6338356511275409  	0.3906507534230903  	0.1341685343106388  
48714     	0.7083786724700761  	179716.951447       	283509.30571800045  	0.633901419891169   	0.3891166292984182  	0.13366286650055775 
48738     	0.7086956521739131  	179789.940655       	283627.03535800043  	0.6338956384325813  	0.3892676760666312  	0.13373647211399325 
48833     	0.7067099567099567  	179951.255432       	283898.0516910004   	0.6338587192132692  	0.38808212456262237 	0.13336109319953013 
48857     	0.707027027027027   	180281.332169       	284414.3669440004   	0.6338685844393239  	0.3881933648306107  	0.13342935423519606 
48904     	0.7065803667745415  	180354.620413       	284508.8086460004   	0.6339157696779995  	0.3878847497585348  	0.13335274562379512 
48928     	0.7068965517241379  	180580.719379       	284880.6596410004   	0.6338819897656913  	0.3879823053663778  	0.13340715622684776 
48976     	0.7064516129032258  	181011.87487799997  	285517.0684930004   	0.6339791727107816  	0.3876871912314734  	0.13332190790402038 
49093     	0.7052518756698821  	181187.98677699998  	285768.5397450004   	0.634037556893699   	0.38695530678037465 	0.13308585363257003 
49125     	0.7055674518201285  	181474.90693099998  	286102.0605130004   	0.6343012930616548  	0.38706213784762766 	0.13312903818228988 
49156     	0.7058823529411765  	181969.89313999997  	286905.2749660004   	0.6342507754922395  	0.38714900713294315 	0.13316975553258775 
49218     	0.7054429028815368  	182147.06385399998  	287186.6287460004   	0.6342463249397947  	0.3868297902223821  	0.13307074990413179 
49281     	0.7050053248136315  	182272.02105699998  	287374.0331220004   	0.6342675400307274  	0.3864932586521538  	0.13295964687142137 
49312     	0.7053191489361702  	182789.20660699997  	288214.1405380004   	0.6342131800535291  	0.3866032964414437  	0.1330061963671612  
49343     	0.7056323060573858  	182957.92225099998  	288486.6893020004   	0.6341988349399084  	0.38672717296324577 	0.13305528535479386 
49375     	0.7059447983014862  	183521.86458799997  	289402.0698300004   	0.634141506644385   	0.38689149312222754 	0.13312013999777483 
49406     	0.7062566277836692  	183810.61923699998  	289837.2682100004   	0.6341855910117837  	0.38707671551641415 	0.13319148232533312 
49437     	0.7065677966101694  	184043.67750799996  	290195.8002910004   	0.6342051722438643  	0.38728113135822395 	0.1332680583261873  
49468     	0.7068783068783069  	184132.23069399997  	290326.4104710004   	0.6342248726021164  	0.38745674823495163 	0.1333353146466509  
49500     	0.7071881606765328  	184344.84097599998  	290605.4778330004   	0.6343474402156167  	0.3876421257316874  	0.1334017255382027  
49562     	0.7067510548523207  	184642.79196899998  	291163.7066120004   	0.6341545590194443  	0.38740829883313754 	0.13332458815330245 
49593     	0.7070600632244468  	185078.28490099998  	291806.31686100044  	0.6342504401272455  	0.38761366976822886 	0.13339306405559437 
49625     	0.7073684210526315  	185585.40434299997  	292586.23970600043  	0.6342930020546483  	0.3878415061600985  	0.13347178597322049 
49656     	0.7076761303890642  	185655.553092       	292670.75681400043  	0.6343495165456134  	0.3880469326027837  	0.13354276418553684 
49687     	0.707983193277311   	185931.674079       	293110.60998300044  	0.6343396238361466  	0.3882736106776507  	0.1336207157079224  
49718     	0.7082896117523609  	186146.202475       	293469.7868770004   	0.634294264005507   	0.38849708604841565 	0.13369914067609112 
49750     	0.7085953878406709  	186411.802543       	293868.8192370004   	0.6343367868254913  	0.3887395935654907  	0.1337829943075614  
49843     	0.7074190177638453  	186551.803118       	294056.70445900044  	0.6344075829225327  	0.3881329382417672  	0.13356284765640025 
49875     	0.7077244258872651  	186921.862835       	294578.59875300043  	0.634539860079011   	0.38833302216310184 	0.1336179021504809  
49906     	0.708029197080292   	187043.153037       	294824.85538100044  	0.6344212491693932  	0.38853882854836463 	0.13367747464150906 
49968     	0.7075962539021852  	187471.70996100002  	295568.62283200043  	0.634274735135055   	0.3883449308126363  	0.1336079645114455  
50000     	0.7079002079002079  	187956.579345       	296441.18305400043  	0.6340434126211181  	0.3885877020463345  	0.13369240478678612 
50073     	0.7074688796680498  	188297.746542       	296986.9903620004   	0.6340269192010128  	0.38836298584548606 	0.13360435435060578 
50121     	0.7070393374741201  	188447.25502900002  	297216.7947500004   	0.6340397257413051  	0.3880630934087304  	0.13348666425855382 
50146     	0.7073422957600828  	188586.24397300003  	297473.0966630004   	0.6339606710271501  	0.388154693642659   	0.1335055572332575  
50170     	0.7076446280991735  	188741.43163900005  	297727.53672700044  	0.6339401242958101  	0.3882535263228745  	0.13352918540320968 
50195     	0.7079463364293086  	189085.21100000004  	298398.19527900044  	0.6336674081530773  	0.38837530050815144 	0.1335654377614651  
50219     	0.7082474226804124  	189249.97962900004  	298646.7299880005   	0.6336917857316035  	0.3885078796600174  	0.13360581899955037 
50243     	0.7085478887744593  	189656.71037900003  	299203.11025300046  	0.63387279035512    	0.3885716085981355  	0.13361997288655847 
50292     	0.7081192189105858  	189858.19476700004  	299475.0461200005   	0.6339699992597158  	0.3881914989862423  	0.13347108008195027 
50317     	0.7084188911704312  	190039.67906000002  	299784.5191970005   	0.6339209228316333  	0.3882257482119381  	0.13346536112222918 
50341     	0.7087179487179487  	190221.51068500002  	300023.1948270005   	0.6340226821285788  	0.38824724715348274 	0.133451817584197   
50365     	0.7090163934426229  	190403.16267800002  	300446.6616260005   	0.6337336605690633  	0.3882774408333496  	0.13344799516665895 
50390     	0.7093142272262026  	190722.846339       	300925.4662940005   	0.6337876574150295  	0.3883378955981339  	0.13345103602286423 
50414     	0.7096114519427403  	191118.535903       	301534.7606850005   	0.6338192501217222  	0.3884262852416554  	0.1334648732258786  
50439     	0.7099080694586313  	191280.96439900002  	301825.1592130005   	0.6337475805455021  	0.3885208447355465  	0.13348474501661622 
50463     	0.710204081632653   	191597.26417        	302245.6525210005   	0.6339123907057275  	0.3886417634736329  	0.1335105393053413  
50487     	0.7104994903160041  	191649.528574       	302297.9169250005   	0.6339756837343602  	0.388767782657932   	0.1335370890634015  
50512     	0.7107942973523421  	192182.94223        	303193.7199970005   	0.6338618828645305  	0.388910583579179   	0.13357593316649488 
50536     	0.711088504577823   	192513.702754       	303854.2720410005   	0.6335724736100574  	0.38905038904972555 	0.1336241322715522  
50560     	0.7113821138211383  	192697.462993       	304143.58708400046  	0.6335739801075585  	0.3892051133945901  	0.1336766920643679  
50585     	0.7116751269035533  	192844.220354       	304414.74031900044  	0.6334917295789154  	0.38936912256363443 	0.13373398704176867 
50609     	0.7119675456389453  	193121.67491        	304849.1880300004   	0.6334990627923036  	0.38951980906604505 	0.1337873161856277  
50634     	0.7122593718338399  	193640.52888        	305606.9175720004   	0.6336261313010975  	0.3896825281216264  	0.13384308657792407 
50707     	0.7111111111111111  	193917.286471       	306090.7539770004   	0.6335287294746933  	0.38907419998141796 	0.13363636757488523 
50731     	0.7114026236125126  	194446.015598       	307099.6671670004   	0.6331690860878091  	0.38928522836289176 	0.13371929983694442 
50902     	0.7074148296593187  	194702.87893        	307567.8516060004   	0.6330404101512459  	0.38704355761255743 	0.13295949357750061 
50926     	0.7077077077077077  	194752.361263       	307635.0120780004   	0.6330630572492211  	0.38708908390578445 	0.13299342827447663 
