12 13 222 1948 20
63 85 49.353289 35.934907 38.129855
89 66 47.808455 46.828592 41.010753
57 26 34.357561 44.042510 49.036294
63 41 49.061759 43.573150 47.367922
42 11 30.235355 40.240707 46.506903
72 60 49.268192 31.496798 29.094429
19 21 46.819272 44.782068 41.125941
67 52 27.139824 37.675504 31.975321
21 55 30.594495 45.979601 39.755387
12 47 25.088469 45.395941 33.967553
8 53 40.261884 26.169619 42.543251
52 75 29.198639 30.477314 45.979804
0 11 37.975924 14.866069
0 10 48.432631 63.631753
0 8 40.281695 51.613952
1 11 41.951400 38.078866
1 8 47.234553 68.883960
1 5 49.476496 18.027756
1 4 48.863134 72.346389
1 3 39.562653 36.069378
2 4 25.760541 21.213203
3 7 27.110992 11.704700
6 10 32.349950 33.837849
7 9 34.086208 55.226805
9 10 25.126537 7.211103
