18 22 21428 4375 20
12 78 33.228919 43.374632 43.140601
14 27 25.349659 26.312914 43.031341
68 56 49.325411 47.431387 45.388152
56 30 39.789279 46.572127 43.343181
38 4 36.306267 42.969238 35.677418
72 74 49.224074 30.302256 42.531966
49 59 26.266758 29.687748 28.004800
45 62 43.524981 27.358089 30.030654
60 6 25.313431 45.215481 38.989483
71 18 48.060548 43.803480 40.949112
40 43 45.729631 38.111641 44.583841
75 69 38.712425 45.611061 41.367886
85 85 29.604290 40.515745 35.507058
99 51 37.324058 49.753801 46.294340
8 61 38.431472 40.325703 49.911710
70 85 37.340020 33.172831 47.778658
98 27 37.687820 43.622123 46.687321
41 40 34.145215 49.143009 35.761206
0 14 40.780600 17.464249
1 15 41.226666 80.622577
1 10 31.640755 30.528675
1 3 26.891269 42.107007
2 17 36.819336 31.384710
2 7 31.334824 23.769729
3 17 38.415784 18.027756
3 15 30.122207 56.753854
3 8 29.569760 24.331050
3 6 33.423847 29.832868
3 4 38.609314 31.622777
5 15 30.531847 11.180340
5 14 26.908602 65.306967
6 14 37.622731 41.048752
6 12 31.121692 44.407207
7 14 39.618292 37.013511
7 9 39.444884 51.107729
8 17 33.837043 38.948684
8 9 34.091792 16.278821
9 13 32.672920 43.278170
10 11 43.115669 43.600459
14 16 46.229563 96.208108
