10 10 19000 1093 20
13 81 48.891089 38.217846 33.330995
80 78 41.376826 27.632979 36.363473
22 73 25.093517 42.299784 34.482352
85 16 46.841859 39.180692 46.567322
50 19 37.984114 36.295099 41.983605
8 50 40.011332 41.464666 36.635092
73 85 40.471245 45.888695 27.831028
71 58 42.670369 34.141114 43.958469
79 14 28.891982 31.010280 38.584463
79 82 43.710467 37.594539 48.378522
0 2 46.754980 12.041595
1 9 34.932174 4.123106
1 6 27.865930 9.899495
2 8 26.162249 82.036577
2 7 33.389437 51.244512
3 8 45.136691 6.324555
4 9 44.039880 69.354164
5 8 45.487933 79.605276
6 9 43.842310 6.708204
7 9 44.669436 25.298221
