14 16 15625 1073 20
12 12 47.456353 36.397064 48.205233
25 65 31.820261 25.932914 36.661096
32 54 40.557183 26.322960 37.798720
42 97 40.201135 28.901344 47.503664
71 86 43.658456 47.505379 45.149186
83 71 34.746458 33.968743 38.161443
52 2 34.224823 45.238731 42.669187
63 71 40.808167 27.701856 36.221950
35 97 41.060568 26.548549 26.707808
54 84 39.259631 45.741707 46.724080
85 90 32.439364 42.932459 38.674755
20 37 39.709163 43.200226 35.301192
87 86 29.281199 25.572880 32.700535
18 36 35.440582 41.366543 30.470825
0 13 40.912176 24.738634
0 2 39.394772 46.518813
1 9 27.046883 34.669872
1 4 36.036700 50.566788
2 11 37.576459 20.808652
2 10 37.282944 64.070274
2 3 40.166465 44.147480
4 12 37.384295 16.000000
4 5 37.164033 19.209373
5 6 47.065240 75.643903
7 12 30.123123 28.301943
7 11 31.890288 54.817880
7 9 41.773428 15.811388
8 12 36.791836 53.150729
8 10 25.433456 50.487622
10 12 30.883590 4.472136
