15 19 16000 1463 20
74 69 31.030322 49.749103 28.329766
82 86 29.614888 43.342806 28.278269
93 43 42.077250 48.288674 43.923007
26 23 27.457680 45.767116 34.166202
90 50 28.771575 35.695383 25.254155
20 19 41.613660 25.642843 37.192522
91 26 44.484055 41.020942 31.236811
26 11 28.569348 46.970750 47.654235
37 22 32.695482 42.745826 34.971065
94 31 40.019330 37.064913 47.037285
51 13 40.140118 43.390502 37.787078
85 77 27.769801 27.085551 36.271768
72 56 49.988709 36.725532 47.097408
33 8 45.108930 33.114952 46.067187
9 9 46.546461 39.551562 28.402930
0 11 32.379335 13.601471
0 4 42.710323 24.839485
0 2 25.608610 32.202484
1 9 28.507771 56.293872
1 2 26.953225 44.384682
2 12 30.218676 24.698178
2 6 30.060640 17.117243
2 4 30.958164 7.615773
3 8 32.509978 11.045361
4 11 35.376984 27.459060
4 5 34.096941 76.557168
5 7 45.730027 10.000000
6 9 47.029658 5.830952
7 13 48.394471 7.615773
7 10 47.206594 25.079872
8 10 33.744695 16.643317
10 13 34.733012 18.681542
11 12 33.933004 24.698178
13 14 43.544561 24.020824
