18 22 20888 973 20
12 78 25.433775 34.744124 27.407374
14 27 46.572200 30.036942 40.498307
68 56 39.977134 42.027210 42.238469
56 30 25.291221 49.224949 25.797771
38 4 38.282853 31.964675 35.521377
72 74 42.409787 38.227981 36.858939
49 59 46.328883 49.559083 40.493097
45 62 38.726608 47.521479 43.151486
60 6 25.402734 48.344027 35.103194
71 18 44.058439 26.377480 38.916868
40 43 33.667922 37.826523 48.514494
75 69 29.085458 40.173067 44.806314
85 85 48.764394 39.247485 40.397032
99 51 47.536140 46.282607 30.375843
8 61 44.822847 37.565825 39.067957
70 85 31.793074 48.736007 30.094335
98 27 39.319042 49.095870 49.158441
41 40 48.771175 33.593107 27.863442
0 14 29.183309 17.464249
1 15 38.614142 80.622577
1 10 46.562075 30.528675
1 3 47.364072 42.107007
2 17 45.586032 31.384710
2 7 42.325940 23.769729
3 17 31.804796 18.027756
3 15 37.197699 56.753854
3 8 37.807174 24.331050
3 6 28.652296 29.832868
3 4 33.836207 31.622777
5 15 45.330062 11.180340
5 14 48.124085 65.306967
6 14 28.848355 41.048752
6 12 31.599538 44.407207
7 14 36.969602 37.013511
7 9 27.443052 51.107729
8 17 25.486971 38.948684
8 9 29.042486 16.278821
9 13 43.373095 43.278170
10 11 38.435636 43.600459
14 16 35.747323 96.208108
