12 13 18857 649 20
63 85 41.508320 29.229430 37.938000
89 66 40.865515 49.478824 26.025131
57 26 42.567281 44.477505 39.408396
63 41 28.274545 47.015496 33.555043
42 11 47.545990 28.701344 41.575859
72 60 31.431230 48.923447 27.938622
19 21 48.206229 49.830140 48.624904
67 52 30.647016 40.891917 37.255643
21 55 44.044647 28.535233 29.955017
12 47 27.944449 35.778913 26.664810
8 53 29.928283 33.537322 28.948205
52 75 31.426254 43.178560 30.946147
0 11 38.946380 14.866069
0 10 45.389030 63.631753
0 8 41.576577 51.613952
1 11 46.923627 38.078866
1 8 49.147294 68.883960
1 5 25.745725 18.027756
1 4 43.203801 72.346389
1 3 46.492344 36.069378
2 4 49.478993 21.213203
3 7 37.710670 11.704700
6 10 41.145432 33.837849
7 9 36.028766 55.226805
9 10 47.013129 7.211103
