14 16 13846 1829 20
12 12 36.361089 42.494991 29.481682
25 65 46.193558 26.776657 43.133377
32 54 41.654918 37.991080 41.816254
42 97 46.490559 41.387484 31.536617
71 86 37.997348 48.987305 45.462745
83 71 42.605006 32.645368 33.875056
52 2 39.730921 37.259596 44.141649
63 71 33.503918 28.695314 49.066971
35 97 28.062288 39.609982 27.855058
54 84 25.674369 47.358193 37.741113
85 90 31.530329 44.513801 47.545983
20 37 36.297712 28.726156 40.424662
87 86 28.028543 42.983750 31.595457
18 36 38.939279 43.341101 28.479300
0 13 29.760034 24.738634
0 2 46.245970 46.518813
1 9 45.551187 34.669872
1 4 28.239697 50.566788
2 11 29.204511 20.808652
2 10 48.468795 64.070274
2 3 32.912061 44.147480
4 12 46.102893 16.000000
4 5 33.694827 19.209373
5 6 42.028200 75.643903
7 12 37.114015 28.301943
7 11 25.402111 54.817880
7 9 36.838307 15.811388
8 12 31.267421 53.150729
8 10 43.871030 50.487622
10 12 47.725357 4.472136
