15 19 20777 1005 20
74 69 39.385838 28.792255 27.526387
82 86 49.874479 37.701642 34.971493
93 43 42.983651 36.468919 46.609962
26 23 25.965416 48.223915 30.578895
90 50 49.378732 27.380747 28.408879
20 19 34.925444 32.339716 34.317474
91 26 42.969895 47.176554 36.154086
26 11 30.049494 43.769305 43.732301
37 22 30.609086 46.861864 31.816484
94 31 31.334411 42.736875 25.365156
51 13 49.565792 27.191279 46.221042
85 77 48.879207 33.032040 37.523771
72 56 45.421004 32.814857 36.316167
33 8 49.955616 30.651937 36.664536
9 9 32.549778 32.937317 30.116200
0 11 25.490692 13.601471
0 4 25.375477 24.839485
0 2 27.897606 32.202484
1 9 37.926565 56.293872
1 2 34.953601 44.384682
2 12 38.335272 24.698178
2 6 35.064218 17.117243
2 4 34.128748 7.615773
3 8 41.972050 11.045361
4 11 48.005119 27.459060
4 5 35.435801 76.557168
5 7 44.983135 10.000000
6 9 46.376391 5.830952
7 13 39.391489 7.615773
7 10 27.470992 25.079872
8 10 38.166262 16.643317
10 13 48.448949 18.681542
11 12 45.479739 24.698178
13 14 41.486556 24.020824
