11 10 24000 964 20
86 55 31.735350 25.316351 45.247308
78 84 34.164113 30.653045 38.137450
26 30 48.156599 48.197112 39.437358
88 39 45.931151 46.133082 41.398434
6 66 29.993946 25.507011 44.564159
58 57 44.031389 45.634490 37.253405
63 87 49.391968 43.047293 28.156343
78 66 26.014815 43.587069 46.892595
48 98 27.750191 38.920370 39.462844
95 45 36.263385 46.129500 40.053216
56 85 43.111801 48.580320 41.303218
0 9 37.051182 13.453624
0 5 48.498778 28.071338
1 8 44.456190 33.105891
2 9 48.290224 70.611614
2 4 28.195063 41.182521
2 3 43.236497 62.649820
4 8 49.552678 52.801515
6 9 45.176919 52.801515
6 7 32.034997 25.806976
8 10 42.156320 15.264338
