13 17 18500 676 20
93 57 37.259804 25.048998 44.189455
41 71 30.518008 44.967898 26.958104
57 70 36.443080 48.701970 33.367834
91 58 33.210263 28.782250 42.525657
54 58 32.087024 39.870012 41.147865
38 57 43.880473 42.420173 26.233273
91 9 32.231633 29.791939 31.721151
79 51 37.739590 42.292754 46.383438
5 54 38.719937 42.800854 33.821711
16 79 39.727143 47.848293 35.102902
49 93 49.026376 28.519835 41.026183
37 14 38.309311 41.662633 44.283116
82 11 42.517992 41.803089 34.916384
0 12 42.642455 47.296934
0 5 44.870038 55.000000
0 3 31.552818 2.236068
0 2 46.362978 38.275318
0 1 46.629786 53.851648
1 10 48.087654 23.409400
1 3 44.638578 51.662365
3 7 46.602016 13.892444
3 6 41.440818 49.000000
4 9 36.020744 43.416587
4 7 28.429715 25.961510
5 7 39.602195 41.436699
6 12 48.879404 9.219544
7 10 38.974335 51.613952
8 9 48.418171 27.313001
9 10 43.376281 35.846897
11 12 34.023208 45.099889
