9 11 15538 613 20
34 60 9.040211 0.697774 0.042813
68 1 11.102292 6.553396 12.137659
84 62 22.330439 4.168169 19.499039
43 75 18.678119 2.708894 23.788504
39 61 10.845468 13.362343 1.835194
35 58 21.020217 6.528261 16.261654
36 66 16.769346 15.331242 12.031365
66 28 6.013394 18.720803 7.235025
48 43 16.783010 24.509004 1.671016
0 5 19.318692 2.236068
0 4 1.429314 5.099020
1 4 8.909309 66.640828
1 2 10.575860 63.063460
2 8 17.459359 40.706265
2 4 24.640277 45.011110
3 8 13.391650 32.388269
3 5 18.887403 18.788294
4 7 12.126604 42.638011
5 7 2.127322 43.139309
5 6 4.761184 8.062258
