18 22 3222 1610 20
12 78 27.524862 34.146520 32.506600
14 27 45.678300 30.059715 43.097817
68 56 36.928107 25.563235 30.384651
56 30 39.960312 27.804985 37.338643
38 4 49.999745 44.836629 33.651228
72 74 37.455360 30.416873 30.017087
49 59 41.330240 48.676288 30.463269
45 62 46.713297 29.526896 37.968425
60 6 44.236264 27.979396 35.034519
71 18 38.279074 41.903660 27.736438
40 43 39.771972 44.478197 25.687363
75 69 42.655865 25.375575 34.352892
85 85 39.197562 33.054935 26.344124
99 51 36.013695 33.547050 48.475441
8 61 38.954227 26.515414 47.985231
70 85 25.279009 36.119474 32.225202
98 27 39.978522 40.517423 46.763505
41 40 43.415596 26.466400 49.107745
0 14 42.552593 17.464249
1 15 49.592530 80.622577
1 10 25.793590 30.528675
1 3 47.783088 42.107007
2 17 29.241656 31.384710
2 7 37.192623 23.769729
3 17 45.385112 18.027756
3 15 38.667609 56.753854
3 8 45.358652 24.331050
3 6 37.182115 29.832868
3 4 49.328256 31.622777
5 15 45.124458 11.180340
5 14 40.024697 65.306967
6 14 49.555041 41.048752
6 12 26.501384 44.407207
7 14 48.197115 37.013511
7 9 36.620661 51.107729
8 17 43.081354 38.948684
8 9 30.329967 16.278821
9 13 26.201119 43.278170
10 11 35.810934 43.600459
14 16 38.432211 96.208108
