9 11 18964 1066 20
34 60 5.992648 3.978382 2.127288
68 1 14.392166 10.935739 23.265626
84 62 11.944601 21.142491 24.107402
43 75 7.630044 0.495382 19.631072
39 61 18.621759 16.295472 8.222489
35 58 5.024767 6.983193 9.436389
36 66 24.850938 9.144001 3.577407
66 28 19.491228 1.824507 3.754385
48 43 24.598986 8.776071 23.921565
0 5 5.954002 2.236068
0 4 9.601299 5.099020
1 4 23.396088 66.640828
1 2 22.808341 63.063460
2 8 8.842493 40.706265
2 4 5.283126 45.011110
3 8 18.834243 32.388269
3 5 7.773551 18.788294
4 7 12.497370 42.638011
5 7 22.090641 43.139309
5 6 8.663931 8.062258
