13 17 21000 6020 20
93 57 40.531250 39.938332 29.244533
41 71 48.473198 40.658480 41.231303
57 70 45.829672 41.196788 36.330318
91 58 32.604116 44.837620 38.806553
54 58 27.317214 26.192902 32.606560
38 57 29.291607 31.889021 46.501863
91 9 36.078371 46.220667 39.572437
79 51 27.471003 29.399624 47.296206
5 54 26.753120 32.674948 29.003123
16 79 35.554895 41.878479 36.846606
49 93 35.464863 43.291081 46.739498
37 14 45.363603 47.623153 35.469107
82 11 46.992663 44.070540 46.098091
0 12 44.639832 47.296934
0 5 44.064801 55.000000
0 3 44.332197 2.236068
0 2 43.719986 38.275318
0 1 32.976382 53.851648
1 10 45.880157 23.409400
1 3 38.156398 51.662365
3 7 28.731925 13.892444
3 6 42.775742 49.000000
4 9 27.631997 43.416587
4 7 40.795892 25.961510
5 7 45.694664 41.436699
6 12 33.183018 9.219544
7 10 38.348624 51.613952
8 9 39.863529 27.313001
9 10 30.983518 35.846897
11 12 25.776290 45.099889
