13 17 13461 1966 20
93 57 27.008921 47.123661 31.775166
41 71 31.429649 25.724915 31.954725
57 70 29.733151 41.379673 39.474724
91 58 38.857079 38.721476 28.150451
54 58 37.673642 42.647846 25.894059
38 57 45.824238 33.493562 34.215644
91 9 30.462415 32.264526 33.619546
79 51 32.415933 40.914767 38.115523
5 54 39.687024 41.331318 38.414915
16 79 35.030989 49.922356 37.411313
49 93 28.668449 47.204250 44.823322
37 14 42.921358 29.291749 39.831702
82 11 36.356892 38.084187 36.906593
0 12 49.682942 47.296934
0 5 43.047878 55.000000
0 3 31.374929 2.236068
0 2 27.650342 38.275318
0 1 47.985852 53.851648
1 10 33.465104 23.409400
1 3 41.647177 51.662365
3 7 29.607281 13.892444
3 6 31.248486 49.000000
4 9 36.274519 43.416587
4 7 26.898622 25.961510
5 7 40.760177 41.436699
6 12 45.014604 9.219544
7 10 37.342614 51.613952
8 9 40.155872 27.313001
9 10 37.951132 35.846897
11 12 41.308334 45.099889
