18 22 17400 4046 20
12 78 29.512972 48.977179 45.785137
14 27 34.808010 25.037249 29.589408
68 56 25.767237 35.029475 26.151096
56 30 37.368801 47.842953 30.068306
38 4 33.475182 40.054629 42.086418
72 74 42.028934 49.811767 41.182347
49 59 39.282549 45.175122 48.524044
45 62 40.040022 40.490016 45.163061
60 6 33.359007 45.540560 33.904150
71 18 42.322142 40.846214 34.528678
40 43 33.043222 48.786886 49.581460
75 69 30.863206 49.481175 46.981266
85 85 38.194084 45.853976 29.305480
99 51 29.596507 40.397234 38.617568
8 61 38.625709 45.736462 45.054100
70 85 27.792234 32.151891 39.205509
98 27 45.584400 35.285813 45.590667
41 40 36.209954 37.545518 30.258475
0 14 34.785353 17.464249
1 15 43.372111 80.622577
1 10 41.046694 30.528675
1 3 30.752233 42.107007
2 17 29.857837 31.384710
2 7 28.035534 23.769729
3 17 35.397175 18.027756
3 15 27.918466 56.753854
3 8 47.854871 24.331050
3 6 48.713468 29.832868
3 4 37.061319 31.622777
5 15 27.867694 11.180340
5 14 47.280789 65.306967
6 14 30.111601 41.048752
6 12 44.392269 44.407207
7 14 47.193440 37.013511
7 9 34.142613 51.107729
8 17 35.818659 38.948684
8 9 47.729194 16.278821
9 13 31.126105 43.278170
10 11 26.542128 43.600459
14 16 46.017021 96.208108
