15 19 13769 887 20
74 69 34.177579 27.242210 27.401627
82 86 30.501297 46.460724 48.568874
93 43 43.304465 34.430121 25.218363
26 23 41.294048 32.400798 41.457323
90 50 44.814783 44.253153 27.351439
20 19 37.891199 49.441503 27.190076
91 26 49.311307 26.199135 34.627270
26 11 27.519870 26.131110 40.971662
37 22 45.696134 39.848568 30.943004
94 31 26.160299 44.166705 33.304195
51 13 25.399228 47.972189 27.473907
85 77 34.679230 32.850675 29.332612
72 56 31.260800 41.177731 30.402714
33 8 28.878092 48.962242 42.049881
9 9 39.425749 38.652515 43.817913
0 11 47.598649 13.601471
0 4 30.462462 24.839485
0 2 36.275481 32.202484
1 9 38.958439 56.293872
1 2 31.596682 44.384682
2 12 26.507251 24.698178
2 6 40.001788 17.117243
2 4 28.878258 7.615773
3 8 27.229778 11.045361
4 11 32.394596 27.459060
4 5 40.810874 76.557168
5 7 30.137683 10.000000
6 9 44.663621 5.830952
7 13 29.282706 7.615773
7 10 48.781566 25.079872
8 10 34.319431 16.643317
10 13 47.942995 18.681542
11 12 46.726081 24.698178
13 14 40.641146 24.020824
