9 11 17009 298 20
34 60 23.819144 14.907512 14.267681
68 1 2.353964 12.795499 13.236655
84 62 8.645882 11.816648 21.440930
43 75 9.692791 8.739070 18.397700
39 61 5.026138 3.276980 6.169891
35 58 16.823791 10.385034 20.203681
36 66 3.511846 7.036280 7.939821
66 28 0.365520 12.020600 17.818409
48 43 21.543106 8.063973 12.548040
0 5 6.226868 2.236068
0 4 13.689839 5.099020
1 4 1.682345 66.640828
1 2 9.700148 63.063460
2 8 17.397539 40.706265
2 4 12.483648 45.011110
3 8 20.920359 32.388269
3 5 19.404619 18.788294
4 7 21.324601 42.638011
5 7 0.459766 43.139309
5 6 8.406817 8.062258
