12 13 18785 4429 20
63 85 31.657476 45.588593 46.965246
89 66 31.255189 38.196311 49.436342
57 26 37.466642 41.590601 43.789828
63 41 41.874390 34.652692 49.899724
42 11 38.951028 39.604467 37.450890
72 60 25.018696 39.447684 48.669625
19 21 29.925634 29.060848 25.950535
67 52 39.459867 40.362585 48.116195
21 55 28.275247 49.184508 26.928949
12 47 49.913479 29.618697 49.837158
8 53 40.171540 48.592833 32.286797
52 75 27.740359 25.399124 27.171599
0 11 41.706324 14.866069
0 10 42.428614 63.631753
0 8 42.127706 51.613952
1 11 42.806313 38.078866
1 8 32.078835 68.883960
1 5 27.875538 18.027756
1 4 33.354928 72.346389
1 3 27.702666 36.069378
2 4 40.157742 21.213203
3 7 38.406802 11.704700
6 10 48.101982 33.837849
7 9 28.237701 55.226805
9 10 38.354017 7.211103
