14 16 19777 1738 20
12 12 43.893937 47.065793 37.762575
25 65 34.208227 34.909039 28.435102
32 54 27.781390 38.567792 47.536587
42 97 26.700123 42.378883 41.108446
71 86 40.512767 44.601301 44.368662
83 71 31.258428 47.009908 26.357840
52 2 32.601121 48.995772 37.436201
63 71 33.232785 42.714316 40.817725
35 97 26.286643 27.531171 34.356122
54 84 26.280434 48.252574 32.695597
85 90 40.660831 31.239313 37.711889
20 37 37.878764 40.818823 36.839577
87 86 49.960236 47.300680 28.114134
18 36 35.517659 37.142523 27.660722
0 13 27.266341 24.738634
0 2 39.947376 46.518813
1 9 26.650899 34.669872
1 4 30.625992 50.566788
2 11 47.613941 20.808652
2 10 44.997690 64.070274
2 3 30.467904 44.147480
4 12 47.496481 16.000000
4 5 38.806499 19.209373
5 6 48.094480 75.643903
7 12 34.071266 28.301943
7 11 45.390345 54.817880
7 9 49.520603 15.811388
8 12 29.967657 53.150729
8 10 44.295073 50.487622
10 12 49.499020 4.472136
