12 13 3000 1454 20
63 85 46.290202 36.114234 42.084780
89 66 25.766010 45.519849 44.002636
57 26 40.038643 47.241304 30.949230
63 41 35.344632 46.134640 34.854937
42 11 39.209066 48.820877 27.119968
72 60 33.717557 42.181844 44.446414
19 21 42.951346 32.773290 41.591781
67 52 30.175878 34.935975 27.235203
21 55 41.044219 37.512745 44.691312
12 47 40.969736 30.555322 49.073381
8 53 34.789960 26.914171 42.390553
52 75 41.764716 34.507583 30.948837
0 11 39.459846 14.866069
0 10 33.576744 63.631753
0 8 30.486661 51.613952
1 11 43.249095 38.078866
1 8 40.370783 68.883960
1 5 43.647721 18.027756
1 4 38.698933 72.346389
1 3 34.569494 36.069378
2 4 25.112383 21.213203
3 7 33.412604 11.704700
6 10 35.328604 33.837849
7 9 26.523856 55.226805
9 10 30.647149 7.211103
