13 17 2000 1582 20
93 57 48.015351 26.822323 31.269279
41 71 44.525719 32.206520 34.328673
57 70 48.604248 33.444362 47.381330
91 58 40.988771 48.525212 41.801335
54 58 34.247462 45.075667 41.296928
38 57 44.142185 46.720420 39.188544
91 9 25.026368 38.261331 33.452669
79 51 30.706739 31.859746 29.003618
5 54 36.061312 33.854634 47.925643
16 79 32.857574 32.603905 48.022526
49 93 27.229845 47.251531 47.225064
37 14 46.494995 31.742558 46.670420
82 11 43.965966 47.578055 42.575871
0 12 39.414791 47.296934
0 5 45.666256 55.000000
0 3 45.000399 2.236068
0 2 43.566626 38.275318
0 1 27.229863 53.851648
1 10 25.275851 23.409400
1 3 27.235232 51.662365
3 7 36.063872 13.892444
3 6 28.511696 49.000000
4 9 47.696126 43.416587
4 7 43.349682 25.961510
5 7 41.197435 41.436699
6 12 33.361537 9.219544
7 10 26.269538 51.613952
8 9 49.432732 27.313001
9 10 46.181519 35.846897
11 12 40.790989 45.099889
