9 11 24946 503 20
34 60 19.380691 5.233944 10.260324
68 1 8.324218 14.777651 4.775954
84 62 12.235959 12.899746 24.090576
43 75 12.455723 19.625892 16.343171
39 61 22.354511 12.631109 17.354278
35 58 21.590567 22.385898 12.070071
36 66 12.383314 15.777914 11.739067
66 28 2.726265 12.708202 2.937338
48 43 7.301769 8.482352 24.230627
0 5 2.934241 2.236068
0 4 6.872914 5.099020
1 4 10.429952 66.640828
1 2 6.402208 63.063460
2 8 9.677826 40.706265
2 4 11.747215 45.011110
3 8 9.970544 32.388269
3 5 24.426643 18.788294
4 7 13.182310 42.638011
5 7 17.372975 43.139309
5 6 11.308260 8.062258
