9 11 25221 520 20
34 60 15.955257 13.336643 13.301596
68 1 19.253754 18.380010 16.904312
84 62 5.206485 1.374404 5.361127
43 75 8.850816 2.617763 11.018553
39 61 1.081167 10.190273 18.319758
35 58 16.178216 23.064649 16.348082
36 66 21.601513 24.308762 12.804350
66 28 9.226297 12.532329 22.700164
48 43 7.090994 13.161724 14.560669
0 5 17.906821 2.236068
0 4 8.292451 5.099020
1 4 24.964290 66.640828
1 2 13.378629 63.063460
2 8 11.033913 40.706265
2 4 12.828643 45.011110
3 8 13.361524 32.388269
3 5 7.752253 18.788294
4 7 21.098620 42.638011
5 7 15.303593 43.139309
5 6 3.029260 8.062258
