15 19 16923 2552 20
74 69 41.174058 34.951885 25.769067
82 86 25.366572 49.099840 43.802446
93 43 28.678895 30.323249 46.963917
26 23 26.217007 32.048237 35.539291
90 50 46.573181 48.261455 43.897076
20 19 35.648404 39.463164 41.031471
91 26 29.337890 37.023100 25.106371
26 11 40.903499 29.394328 41.059779
37 22 35.153169 43.442855 41.557819
94 31 45.323193 34.040927 39.834949
51 13 40.954146 49.231748 31.990773
85 77 34.462146 30.147013 33.342120
72 56 35.948139 34.157105 34.184913
33 8 45.341413 27.672704 31.377560
9 9 34.518638 38.175553 43.512411
0 11 46.260011 13.601471
0 4 46.036432 24.839485
0 2 26.181613 32.202484
1 9 32.363596 56.293872
1 2 44.245221 44.384682
2 12 33.606399 24.698178
2 6 27.021920 17.117243
2 4 36.579906 7.615773
3 8 39.645781 11.045361
4 11 41.279156 27.459060
4 5 48.684462 76.557168
5 7 30.818647 10.000000
6 9 49.442741 5.830952
7 13 39.248816 7.615773
7 10 41.942417 25.079872
8 10 44.070351 16.643317
10 13 33.840721 18.681542
11 12 32.797936 24.698178
13 14 36.978973 24.020824
