19 20 2400 1527 20
10 84 25.632370 43.236126 43.348772
3 72 47.144586 29.086324 34.891047
4 42 43.054134 35.644921 38.612452
69 21 36.477247 49.950815 48.746632
21 30 29.658200 44.774708 48.038842
9 16 28.971770 44.878668 28.431768
9 90 26.422677 45.602248 39.409968
71 9 37.862823 30.102711 33.371537
1 93 46.105356 43.758300 40.391716
45 45 38.978236 43.776662 27.506469
47 73 45.115659 29.009686 27.248783
27 80 34.323628 42.587175 47.014239
98 11 37.351089 34.003160 46.282715
0 40 28.646386 30.074617 26.581143
20 20 41.118439 42.875523 33.522299
41 96 48.487516 29.557735 26.836511
58 41 49.454063 41.881975 29.060874
82 52 42.424367 37.904851 27.543832
63 92 49.574974 39.684657 35.234016
0 15 33.988522 33.241540
1 11 33.390868 25.298221
2 8 42.854025 51.088159
3 16 46.336003 22.825424
3 12 27.993865 30.675723
3 9 27.983858 33.941125
3 7 34.756442 12.165525
3 6 40.822773 91.438504
4 13 44.115303 23.259407
5 14 42.171418 11.704700
6 15 30.145312 32.557641
6 10 28.658042 41.629317
7 18 33.826339 83.384651
7 16 30.925768 34.539832
8 15 43.020240 40.112342
9 14 31.672042 35.355339
9 11 31.186625 39.357337
10 13 27.064972 57.428216
14 17 44.331136 69.771054
14 16 38.077993 43.416587
