10 10 23250 1928 20
13 81 40.573816 48.485706 48.337501
80 78 42.357179 42.383488 30.738961
22 73 44.625085 34.604434 35.226557
85 16 30.071711 44.986038 34.954930
50 19 29.576141 45.787813 43.773790
8 50 43.153447 47.112362 36.357194
73 85 29.004353 27.955434 34.826106
71 58 42.142632 44.080869 27.060948
79 14 49.345510 29.351081 29.670040
79 82 31.980650 35.169109 35.105937
0 2 37.251316 12.041595
1 9 33.379719 4.123106
1 6 42.965941 9.899495
2 8 33.949754 82.036577
2 7 44.407125 51.244512
3 8 46.530274 6.324555
4 9 26.354544 69.354164
5 8 38.987332 79.605276
6 9 45.285314 6.708204
7 9 28.672027 25.298221
