11 10 1875 1277 20
86 55 47.363906 36.806443 26.439369
78 84 32.448086 44.523944 42.020918
26 30 47.312145 38.498002 39.559117
88 39 43.919070 44.164209 33.835105
6 66 42.742367 39.981313 46.006739
58 57 38.630506 35.920471 44.414857
63 87 26.265401 43.186695 39.561260
78 66 30.901260 32.688391 27.420472
48 98 30.785479 31.961279 46.473618
95 45 37.749848 30.779441 45.669023
56 85 33.031221 27.079465 40.424691
0 9 49.571259 13.453624
0 5 27.457192 28.071338
1 8 34.365748 33.105891
2 9 34.835042 70.611614
2 4 25.910014 41.182521
2 3 25.587053 62.649820
4 8 26.303819 52.801515
6 9 41.705078 52.801515
6 7 44.267002 25.806976
8 10 41.823605 15.264338
