18 22 16846 4619 20
12 78 26.882350 33.538234 44.132346
14 27 34.890275 38.005742 41.235557
68 56 26.310104 32.483255 38.507278
56 30 29.653955 38.156650 30.077907
38 4 39.357773 31.533262 42.480951
72 74 36.510737 30.112392 43.215911
49 59 45.761049 47.709001 39.667924
45 62 37.544120 28.682421 47.154304
60 6 38.687312 25.289839 41.913461
71 18 37.627055 29.519563 45.078490
40 43 35.736907 29.304477 29.000067
75 69 32.529405 33.070212 40.069314
85 85 45.754428 25.565089 34.407807
99 51 45.003912 42.298816 47.073514
8 61 37.359748 35.363185 29.472535
70 85 31.993540 44.622397 48.940010
98 27 40.702972 45.625632 33.172629
41 40 42.763844 42.486036 48.789750
0 14 40.114975 17.464249
1 15 26.431037 80.622577
1 10 47.102966 30.528675
1 3 29.418149 42.107007
2 17 27.784790 31.384710
2 7 33.196410 23.769729
3 17 33.803279 18.027756
3 15 43.059195 56.753854
3 8 25.145180 24.331050
3 6 34.063546 29.832868
3 4 48.200376 31.622777
5 15 43.799587 11.180340
5 14 35.086456 65.306967
6 14 46.838153 41.048752
6 12 47.765151 44.407207
7 14 39.556988 37.013511
7 9 38.103486 51.107729
8 17 46.647581 38.948684
8 9 31.768830 16.278821
9 13 38.676811 43.278170
10 11 41.348036 43.600459
14 16 25.927340 96.208108
