15 19 15875 5202 20
74 69 47.783362 43.928119 39.108421
82 86 40.984509 43.983227 43.101373
93 43 45.198092 35.191127 28.024871
26 23 40.685942 34.062428 46.666405
90 50 44.741218 30.350225 40.794122
20 19 26.941409 44.300443 33.246989
91 26 30.117490 41.404668 43.932791
26 11 27.194566 33.643574 25.035088
37 22 34.187817 40.263844 25.199028
94 31 45.625656 48.839782 33.301217
51 13 42.536436 31.173108 28.091586
85 77 35.224638 34.357850 34.606469
72 56 32.419110 41.484993 28.924494
33 8 45.649232 46.966418 42.369098
9 9 42.542829 36.553831 43.219469
0 11 46.827355 13.601471
0 4 28.218669 24.839485
0 2 41.160068 32.202484
1 9 40.554709 56.293872
1 2 34.805195 44.384682
2 12 46.182382 24.698178
2 6 37.926264 17.117243
2 4 40.635654 7.615773
3 8 36.536608 11.045361
4 11 37.612323 27.459060
4 5 31.883765 76.557168
5 7 41.949986 10.000000
6 9 33.492217 5.830952
7 13 41.109878 7.615773
7 10 32.842787 25.079872
8 10 36.450517 16.643317
10 13 43.349369 18.681542
11 12 46.256026 24.698178
13 14 48.686508 24.020824
