19 20 14384 920 20
10 84 33.481229 38.480124 25.552997
3 72 39.828798 44.115552 44.746683
4 42 46.521625 32.437613 42.971125
69 21 46.189456 44.916326 38.907750
21 30 49.971345 48.865216 41.583027
9 16 27.055079 33.605969 38.741603
9 90 33.802365 47.993229 38.147897
71 9 36.975607 29.148571 45.395161
1 93 42.980608 41.584138 49.466074
45 45 42.622966 25.762617 46.203868
47 73 32.216996 49.272502 34.871048
27 80 38.841328 30.981394 37.745793
98 11 49.378655 39.560945 30.874804
0 40 35.603797 40.477072 27.376091
20 20 41.678698 29.959689 46.486839
41 96 43.344510 42.064622 37.644247
58 41 44.893710 49.457083 28.633369
82 52 25.525448 36.155265 36.010121
63 92 41.446981 42.636954 35.007707
0 15 43.105174 33.241540
1 11 44.949681 25.298221
2 8 25.710657 51.088159
3 16 38.773412 22.825424
3 12 29.876061 30.675723
3 9 44.775388 33.941125
3 7 36.900966 12.165525
3 6 46.315219 91.438504
4 13 35.343913 23.259407
5 14 39.705987 11.704700
6 15 26.018407 32.557641
6 10 35.902778 41.629317
7 18 36.786374 83.384651
7 16 38.882401 34.539832
8 15 30.866100 40.112342
9 14 26.302876 35.355339
9 11 37.501650 39.357337
10 13 47.776972 57.428216
14 17 37.307848 69.771054
14 16 28.438467 43.416587
