9 11 3265 1866 20
34 60 0.330173 2.421066 1.966300
68 1 12.226440 8.394884 1.041097
84 62 7.903133 14.382224 4.745240
43 75 21.998913 1.064616 7.884980
39 61 0.772135 10.188495 14.129125
35 58 18.751229 24.074812 7.250038
36 66 19.863896 23.341285 14.847195
66 28 18.128465 18.812011 21.167453
48 43 19.283745 20.666664 11.175518
0 5 0.220592 2.236068
0 4 10.741502 5.099020
1 4 10.051900 66.640828
1 2 22.987312 63.063460
2 8 5.515288 40.706265
2 4 9.030869 45.011110
3 8 19.065234 32.388269
3 5 22.705766 18.788294
4 7 21.444384 42.638011
5 7 8.990493 43.139309
5 6 18.346854 8.062258
