15 19 18142 7815 20
74 69 40.605685 41.500073 28.959733
82 86 27.342815 35.705497 26.841134
93 43 43.921520 31.260436 38.601184
26 23 28.704165 41.717165 34.954857
90 50 45.265165 31.540413 35.412191
20 19 49.640724 32.711130 34.535905
91 26 46.080312 40.945145 40.886883
26 11 37.402402 35.462887 46.236698
37 22 41.029902 40.049845 29.335994
94 31 39.066848 46.287585 38.531678
51 13 35.286472 45.588797 29.862647
85 77 43.961304 42.533878 34.821647
72 56 35.589786 45.097561 49.268269
33 8 43.032833 45.136557 49.565601
9 9 48.773005 45.009785 42.655564
0 11 47.610981 13.601471
0 4 29.912227 24.839485
0 2 47.519034 32.202484
1 9 31.625639 56.293872
1 2 42.771976 44.384682
2 12 41.270027 24.698178
2 6 33.243163 17.117243
2 4 47.288595 7.615773
3 8 49.427103 11.045361
4 11 26.659676 27.459060
4 5 34.131703 76.557168
5 7 27.436587 10.000000
6 9 40.855359 5.830952
7 13 32.555961 7.615773
7 10 46.138298 25.079872
8 10 30.966353 16.643317
10 13 46.808510 18.681542
11 12 27.762920 24.698178
13 14 46.047735 24.020824
