9 11 16438 1325 20
34 60 9.903267 2.763251 14.710620
68 1 7.118216 20.227856 5.437830
84 62 22.505985 20.479992 23.937306
43 75 24.228937 2.560405 14.440879
39 61 13.384649 11.326867 19.306604
35 58 5.016911 19.775562 3.434668
36 66 20.683451 3.590983 7.799257
66 28 18.075580 18.184994 14.995052
48 43 17.630982 9.018127 3.473472
0 5 19.298280 2.236068
0 4 15.582017 5.099020
1 4 8.784692 66.640828
1 2 3.088757 63.063460
2 8 22.107928 40.706265
2 4 6.508107 45.011110
3 8 9.865674 32.388269
3 5 24.474535 18.788294
4 7 4.514192 42.638011
5 7 13.740854 43.139309
5 6 19.942763 8.062258
