9 11 18063 2944 20
34 60 2.070424 14.619251 16.131984
68 1 21.553045 2.958802 7.671868
84 62 23.951721 12.666747 6.864093
43 75 13.288172 5.484094 24.319542
39 61 10.335672 20.050101 14.506685
35 58 0.187383 11.701278 11.274486
36 66 1.387965 2.165473 17.097981
66 28 14.997982 13.766455 17.825642
48 43 13.671246 23.531026 20.698778
0 5 9.874821 2.236068
0 4 14.435616 5.099020
1 4 16.943040 66.640828
1 2 10.296747 63.063460
2 8 15.221112 40.706265
2 4 17.178816 45.011110
3 8 6.501631 32.388269
3 5 18.138595 18.788294
4 7 19.306354 42.638011
5 7 1.541116 43.139309
5 6 16.458299 8.062258
