12 13 1500 1273 20
63 85 46.734435 30.339886 40.334209
89 66 40.326758 31.986860 29.809218
57 26 45.855531 39.195006 34.733145
63 41 34.898041 29.090071 31.397878
42 11 39.497158 47.144774 39.196655
72 60 39.613725 42.547163 46.469461
19 21 40.366595 33.230973 30.047641
67 52 32.318859 25.143156 39.858681
21 55 39.401636 35.619452 45.503252
12 47 47.806399 32.629630 28.043982
8 53 26.854695 47.845034 49.974954
52 75 36.670354 32.774266 35.604311
0 11 38.177067 14.866069
0 10 44.323810 63.631753
0 8 33.815084 51.613952
1 11 40.233044 38.078866
1 8 31.883988 68.883960
1 5 25.933734 18.027756
1 4 44.781510 72.346389
1 3 29.133795 36.069378
2 4 40.468165 21.213203
3 7 33.691170 11.704700
6 10 36.133430 33.837849
7 9 47.266129 55.226805
9 10 42.737506 7.211103
