9 11 14123 896 20
34 60 15.583240 18.557284 22.918249
68 1 5.814680 18.629032 9.991152
84 62 14.571079 0.216448 24.481548
43 75 3.531181 14.150997 22.459658
39 61 5.861050 2.771912 0.276673
35 58 20.745322 14.348972 17.149641
36 66 14.522226 20.100935 24.097656
66 28 5.676771 6.119118 11.917781
48 43 12.372457 24.281554 22.437630
0 5 0.826810 2.236068
0 4 3.632628 5.099020
1 4 5.410514 66.640828
1 2 9.244076 63.063460
2 8 7.333876 40.706265
2 4 13.355060 45.011110
3 8 1.205394 32.388269
3 5 24.444419 18.788294
4 7 10.025783 42.638011
5 7 1.425486 43.139309
5 6 6.099729 8.062258
