12 13 20666 1710 20
63 85 31.539474 34.240453 33.173064
89 66 35.074614 46.241026 29.254107
57 26 35.302326 27.452904 33.272815
63 41 37.386111 45.902262 29.484032
42 11 40.121784 49.013046 41.335217
72 60 31.107753 41.245251 34.319051
19 21 34.200929 31.185545 35.176420
67 52 46.699567 38.886813 26.140399
21 55 26.101763 35.582997 42.995902
12 47 33.003539 39.315835 32.613462
8 53 28.479010 29.315034 29.189626
52 75 38.733120 45.228834 31.867223
0 11 28.557699 14.866069
0 10 33.181605 63.631753
0 8 35.551885 51.613952
1 11 32.739619 38.078866
1 8 35.245542 68.883960
1 5 45.911146 18.027756
1 4 44.544753 72.346389
1 3 49.836228 36.069378
2 4 39.018415 21.213203
3 7 46.870538 11.704700
6 10 30.818635 33.837849
7 9 37.001941 55.226805
9 10 30.866980 7.211103
