15 19 14000 673 20
74 69 42.962528 27.466783 35.463953
82 86 29.470662 28.616501 41.974212
93 43 39.858354 30.367885 36.903343
26 23 47.809595 26.567545 28.602997
90 50 45.305448 36.878161 30.778144
20 19 49.447111 35.621879 47.938300
91 26 41.742860 30.515537 38.849471
26 11 41.845459 42.624290 33.600325
37 22 49.978512 27.157221 40.298346
94 31 42.194731 45.457003 33.308357
51 13 34.856803 41.763315 46.811599
85 77 41.082000 41.309784 32.381910
72 56 49.222257 43.377885 25.379568
33 8 34.878280 42.914882 28.373489
9 9 35.936015 27.047089 47.464927
0 11 49.204279 13.601471
0 4 43.484974 24.839485
0 2 46.529318 32.202484
1 9 27.738277 56.293872
1 2 41.594712 44.384682
2 12 45.228992 24.698178
2 6 25.435190 17.117243
2 4 37.307895 7.615773
3 8 29.042738 11.045361
4 11 45.920495 27.459060
4 5 40.238560 76.557168
5 7 35.706004 10.000000
6 9 26.322867 5.830952
7 13 32.896384 7.615773
7 10 35.227778 25.079872
8 10 38.927439 16.643317
10 13 40.833778 18.681542
11 12 48.013238 24.698178
13 14 40.134150 24.020824
