14 16 22333 551 20
12 12 49.193044 49.840217 25.238892
25 65 40.711981 37.429770 47.032802
32 54 36.771342 42.927230 27.970643
42 97 37.539115 47.649095 27.061760
71 86 47.938652 49.203765 45.673260
83 71 26.239843 32.338995 37.272096
52 2 30.132587 32.493975 38.424904
63 71 28.520195 43.017566 31.520015
35 97 34.255251 49.935553 26.970113
54 84 47.815394 28.276016 43.573321
85 90 25.593940 38.993969 43.780596
20 37 36.589176 30.629878 28.736574
87 86 45.754611 25.279283 40.290594
18 36 40.201901 48.412499 28.303390
0 13 28.210646 24.738634
0 2 27.337915 46.518813
1 9 43.930377 34.669872
1 4 46.969022 50.566788
2 11 35.893065 20.808652
2 10 42.261386 64.070274
2 3 37.028013 44.147480
4 12 25.514479 16.000000
4 5 47.602938 19.209373
5 6 43.400102 75.643903
7 12 35.201992 28.301943
7 11 43.545954 54.817880
7 9 43.219781 15.811388
8 12 41.500947 53.150729
8 10 31.939232 50.487622
10 12 30.572004 4.472136
