9 11 15142 567 20
34 60 0.045058 19.890708 19.954686
68 1 14.302352 5.390267 7.009440
84 62 10.720937 18.548676 11.804254
43 75 13.743633 23.654321 4.930887
39 61 11.864294 11.025720 0.318071
35 58 15.855324 22.595620 6.466468
36 66 5.048503 3.253016 5.060538
66 28 22.464965 21.827130 15.140502
48 43 18.641103 17.521574 10.228737
0 5 7.979883 2.236068
0 4 15.641971 5.099020
1 4 1.314971 66.640828
1 2 5.598879 63.063460
2 8 12.656376 40.706265
2 4 0.270160 45.011110
3 8 15.990446 32.388269
3 5 18.942409 18.788294
4 7 22.783041 42.638011
5 7 23.185306 43.139309
5 6 13.297284 8.062258
