11 10 16461 4639 20
86 55 47.755192 43.740723 48.416531
78 84 49.294294 41.840681 25.322228
26 30 33.731626 43.567041 47.693824
88 39 32.355437 41.881984 33.679675
6 66 44.241080 45.800275 43.705368
58 57 28.790408 36.102153 41.591795
63 87 29.080581 38.174760 44.001286
78 66 44.865619 26.128459 27.193082
48 98 35.372423 28.427605 43.313754
95 45 45.512408 34.938713 45.768251
56 85 26.387547 38.694693 33.199947
0 9 35.074509 13.453624
0 5 36.156342 28.071338
1 8 38.840705 33.105891
2 9 33.819449 70.611614
2 4 31.181785 41.182521
2 3 44.701866 62.649820
4 8 44.711397 52.801515
6 9 35.024308 52.801515
6 7 42.908261 25.806976
8 10 34.839971 15.264338
