13 17 21285 1845 20
93 57 42.946924 27.749788 48.892379
41 71 42.432498 27.050929 48.969917
57 70 32.966586 43.550351 32.627039
91 58 33.867340 40.342551 41.035050
54 58 44.870600 35.262136 31.351078
38 57 47.219425 47.548352 39.231881
91 9 32.835766 28.415294 34.613266
79 51 46.208751 33.924354 42.158273
5 54 47.807073 40.013553 49.373779
16 79 45.324643 42.706036 38.097077
49 93 38.373896 29.591229 42.072414
37 14 45.611341 39.998007 47.748417
82 11 31.535710 29.122764 40.470170
0 12 26.555039 47.296934
0 5 45.630635 55.000000
0 3 46.873210 2.236068
0 2 35.127403 38.275318
0 1 26.649183 53.851648
1 10 36.914793 23.409400
1 3 25.459590 51.662365
3 7 28.777469 13.892444
3 6 46.511444 49.000000
4 9 25.326671 43.416587
4 7 37.574940 25.961510
5 7 31.631761 41.436699
6 12 40.099705 9.219544
7 10 42.111791 51.613952
8 9 45.735852 27.313001
9 10 42.788021 35.846897
11 12 33.212047 45.099889
