14 16 13384 878 20
12 12 32.681505 28.020398 45.037793
25 65 46.169274 28.257221 40.219825
32 54 33.682450 31.923209 37.131071
42 97 49.848020 28.715203 28.578472
71 86 49.288430 43.677747 41.249288
83 71 48.182040 37.754472 26.053618
52 2 49.952404 49.021003 27.982736
63 71 44.020183 37.291336 48.763115
35 97 42.466126 28.843416 33.603512
54 84 48.658023 46.323286 34.884818
85 90 48.222647 31.879441 44.082557
20 37 30.717566 28.658934 46.191423
87 86 39.671229 42.840822 41.626996
18 36 46.894166 27.421450 46.373211
0 13 38.112263 24.738634
0 2 30.627922 46.518813
1 9 31.900435 34.669872
1 4 49.358912 50.566788
2 11 44.370115 20.808652
2 10 42.595204 64.070274
2 3 27.004026 44.147480
4 12 31.497687 16.000000
4 5 46.015885 19.209373
5 6 36.386578 75.643903
7 12 42.179665 28.301943
7 11 33.212373 54.817880
7 9 44.959381 15.811388
8 12 31.837112 53.150729
8 10 38.097714 50.487622
10 12 47.035641 4.472136
