12 13 13615 2404 20
63 85 39.851660 39.278651 25.294103
89 66 44.210762 48.447471 25.450730
57 26 42.446968 27.600305 37.192394
63 41 42.436194 38.788778 46.757975
42 11 36.062453 36.527796 41.118791
72 60 31.099646 33.593731 27.680607
19 21 34.136794 33.285715 44.484798
67 52 45.298275 49.856263 39.174062
21 55 30.725992 43.169527 44.239816
12 47 25.191679 45.733397 34.137746
8 53 43.938609 37.984052 40.183491
52 75 46.809100 31.449874 39.638347
0 11 34.772365 14.866069
0 10 31.372592 63.631753
0 8 46.630978 51.613952
1 11 25.980141 38.078866
1 8 46.149990 68.883960
1 5 46.332360 18.027756
1 4 37.729832 72.346389
1 3 42.638784 36.069378
2 4 28.099960 21.213203
3 7 26.634362 11.704700
6 10 37.268653 33.837849
7 9 31.150395 55.226805
9 10 41.822179 7.211103
