13 17 19444 1721 20
93 57 43.014656 47.314777 45.097698
41 71 25.026213 29.463254 31.047328
57 70 44.498866 45.758936 33.271272
91 58 42.879984 34.429195 25.630150
54 58 26.015208 42.886437 35.294382
38 57 46.558475 34.454359 39.431511
91 9 32.546489 32.308238 26.194736
79 51 43.422259 43.642151 47.584388
5 54 33.580178 27.380276 49.505405
16 79 40.931667 49.880317 41.145934
49 93 30.192660 40.179454 36.634677
37 14 25.296475 25.057102 45.213061
82 11 36.938355 27.997837 35.921319
0 12 30.207866 47.296934
0 5 30.511098 55.000000
0 3 48.338019 2.236068
0 2 28.507117 38.275318
0 1 36.334132 53.851648
1 10 34.674064 23.409400
1 3 31.473667 51.662365
3 7 26.243572 13.892444
3 6 42.300568 49.000000
4 9 30.452161 43.416587
4 7 29.346785 25.961510
5 7 42.307406 41.436699
6 12 31.204722 9.219544
7 10 28.291652 51.613952
8 9 34.294156 27.313001
9 10 46.940703 35.846897
11 12 30.251026 45.099889
