12 13 14692 3639 20
63 85 33.914062 29.977592 45.987475
89 66 42.903659 44.961050 42.725327
57 26 36.377616 44.599566 42.096617
63 41 48.724722 27.736649 38.125418
42 11 34.287194 32.063200 28.574297
72 60 27.661504 35.232580 46.666303
19 21 47.212969 48.113533 49.826435
67 52 28.256376 36.052151 29.586718
21 55 43.473304 26.564194 35.419621
12 47 35.362441 34.524674 43.359088
8 53 26.998179 30.696032 27.437644
52 75 27.486014 41.441461 28.394076
0 11 36.904627 14.866069
0 10 36.955143 63.631753
0 8 26.589192 51.613952
1 11 30.207731 38.078866
1 8 32.005606 68.883960
1 5 32.571272 18.027756
1 4 40.955669 72.346389
1 3 34.053917 36.069378
2 4 47.383278 21.213203
3 7 47.933060 11.704700
6 10 31.711400 33.837849
7 9 32.495549 55.226805
9 10 38.611853 7.211103
