9 11 20070 396 20
34 60 15.631313 13.125793 4.006144
68 1 18.774289 20.706243 21.792321
84 62 11.181731 0.961343 23.401370
43 75 19.952487 24.646849 10.834350
39 61 17.185538 5.744938 4.295785
35 58 9.809759 6.001815 16.693428
36 66 14.309876 16.580490 21.491177
66 28 15.827598 10.966789 20.244791
48 43 12.103636 10.784709 22.668945
0 5 9.057839 2.236068
0 4 23.033783 5.099020
1 4 1.589904 66.640828
1 2 4.984518 63.063460
2 8 24.302857 40.706265
2 4 7.834654 45.011110
3 8 2.005013 32.388269
3 5 17.936907 18.788294
4 7 3.990669 42.638011
5 7 20.617250 43.139309
5 6 14.587655 8.062258
