19 20 24857 912 20
10 84 33.360531 32.306023 30.145186
3 72 49.074630 39.766318 32.639248
4 42 27.030805 37.219425 36.693941
69 21 40.428749 32.814114 39.460399
21 30 28.274964 47.313452 34.314523
9 16 26.052395 45.851685 33.569924
9 90 48.776809 48.997673 35.180209
71 9 43.028530 32.960722 32.621277
1 93 30.751738 30.554113 37.799882
45 45 27.497258 41.275929 46.048466
47 73 32.616441 38.682235 36.967531
27 80 32.037772 27.885697 40.390374
98 11 25.292789 44.775082 44.210139
0 40 25.300873 28.875635 31.515748
20 20 38.556882 48.273333 34.300902
41 96 32.247250 41.189410 34.624569
58 41 27.372110 44.890651 28.114053
82 52 38.150402 47.468098 35.633875
63 92 45.489371 42.433262 32.658978
0 15 33.761729 33.241540
1 11 30.288951 25.298221
2 8 49.460363 51.088159
3 16 27.251839 22.825424
3 12 25.835201 30.675723
3 9 47.403127 33.941125
3 7 37.341645 12.165525
3 6 27.103181 91.438504
4 13 32.151224 23.259407
5 14 31.524563 11.704700
6 15 37.760798 32.557641
6 10 41.440656 41.629317
7 18 36.848064 83.384651
7 16 46.379711 34.539832
8 15 32.938121 40.112342
9 14 34.236257 35.355339
9 11 35.361562 39.357337
10 13 31.936941 57.428216
14 17 48.038109 69.771054
14 16 47.068613 43.416587
