15 19 17800 904 20
74 69 38.346839 49.169860 43.163644
82 86 28.369390 46.539097 45.888217
93 43 43.547946 43.951825 36.672851
26 23 44.652481 25.835590 32.937670
90 50 26.764465 31.858246 37.414908
20 19 49.459545 30.955021 25.874264
91 26 43.375331 47.049326 49.164696
26 11 35.612880 39.374214 47.181745
37 22 35.718003 28.624849 33.174199
94 31 33.616226 46.848655 31.573721
51 13 33.310793 35.002639 38.973928
85 77 36.015643 41.335765 26.198376
72 56 25.564881 47.386591 25.691288
33 8 46.614389 28.858013 38.730224
9 9 25.774944 39.471771 46.995414
0 11 42.711053 13.601471
0 4 40.258724 24.839485
0 2 44.900775 32.202484
1 9 49.732810 56.293872
1 2 43.294146 44.384682
2 12 31.984653 24.698178
2 6 42.103365 17.117243
2 4 38.775413 7.615773
3 8 40.729186 11.045361
4 11 31.731098 27.459060
4 5 34.538071 76.557168
5 7 44.526935 10.000000
6 9 46.819429 5.830952
7 13 33.837355 7.615773
7 10 43.788920 25.079872
8 10 48.079553 16.643317
10 13 36.763501 18.681542
11 12 49.298273 24.698178
13 14 30.975247 24.020824
