15 19 18571 3560 20
74 69 43.783437 49.024765 38.781588
82 86 28.299659 45.027860 43.647509
93 43 25.887467 32.808721 41.998886
26 23 36.014079 37.182445 29.870212
90 50 47.669498 27.654564 48.447356
20 19 47.155629 48.755027 37.077377
91 26 43.331169 46.390441 36.464285
26 11 31.259601 33.681017 39.260149
37 22 48.530288 29.609979 49.615977
94 31 28.843446 34.653829 38.492381
51 13 38.938566 37.541036 34.615806
85 77 33.830180 45.435323 31.459060
72 56 41.971637 43.971795 40.106547
33 8 30.204590 30.406537 43.347224
9 9 45.683668 36.125964 44.225679
0 11 31.958173 13.601471
0 4 49.466374 24.839485
0 2 38.111570 32.202484
1 9 44.066089 56.293872
1 2 32.822480 44.384682
2 12 32.232163 24.698178
2 6 36.770473 17.117243
2 4 37.775845 7.615773
3 8 43.260367 11.045361
4 11 25.725997 27.459060
4 5 30.072901 76.557168
5 7 43.266478 10.000000
6 9 29.020174 5.830952
7 13 33.336522 7.615773
7 10 45.256672 25.079872
8 10 48.842502 16.643317
10 13 27.434704 18.681542
11 12 35.771674 24.698178
13 14 38.251172 24.020824
