16 22 19222 1344 20
21 24 44.400989 35.735255 34.773507
48 36 35.694847 38.276742 27.352290
61 43 46.931160 36.421186 33.831009
20 65 32.814810 45.315363 39.094356
45 8 45.082312 37.740902 34.155633
62 16 34.801104 38.311443 48.711303
79 31 27.164714 38.085348 46.089265
37 37 37.096889 32.831858 35.352438
57 51 40.407769 38.263905 41.622987
28 71 32.022979 43.041214 35.446306
4 34 44.593321 45.440147 45.499568
12 12 27.179332 46.356285 49.889473
60 41 28.725523 42.703175 37.954746
98 82 27.473085 45.584635 28.974499
44 26 45.061536 43.004574 27.696054
75 47 36.372225 25.563275 28.004974
0 11 49.981395 15.000000
0 3 38.279589 41.012193
1 12 38.731924 13.000000
1 9 37.697476 40.311289
1 3 48.721389 40.311289
1 2 29.142138 14.764823
2 15 48.157129 14.560220
2 12 46.408435 2.236068
2 8 39.629085 8.944272
2 5 35.799309 27.018512
2 4 48.495009 38.483763
3 14 32.672364 45.793013
3 11 32.537900 53.600373
5 14 34.636244 20.591260
6 14 40.026857 35.355339
7 14 29.170833 13.038405
8 14 48.944972 28.178006
8 13 34.067014 51.400389
9 10 35.630054 44.102154
10 15 31.870629 72.180330
10 11 39.125046 23.409400
12 15 25.851140 16.155494
