15 19 21714 1750 20
74 69 41.962952 31.969457 30.571399
82 86 34.082004 42.791725 28.897057
93 43 30.676645 46.516539 33.145469
26 23 43.186687 26.862140 30.978538
90 50 32.293827 37.209786 49.988034
20 19 41.150733 35.750988 46.177039
91 26 26.069260 47.552685 34.500080
26 11 46.378930 44.368409 39.146307
37 22 31.882573 26.951097 48.127637
94 31 35.860688 25.709712 39.765091
51 13 43.486323 34.376619 41.826144
85 77 47.883100 41.587441 45.321035
72 56 38.229324 46.387685 31.672063
33 8 40.458489 39.144985 37.677399
9 9 47.795546 29.718810 44.004406
0 11 46.653430 13.601471
0 4 37.173639 24.839485
0 2 46.222486 32.202484
1 9 25.316259 56.293872
1 2 29.613313 44.384682
2 12 27.840063 24.698178
2 6 43.025295 17.117243
2 4 45.032288 7.615773
3 8 32.820982 11.045361
4 11 35.244641 27.459060
4 5 40.269882 76.557168
5 7 48.241108 10.000000
6 9 39.627933 5.830952
7 13 43.701876 7.615773
7 10 48.391299 25.079872
8 10 47.913017 16.643317
10 13 37.122461 18.681542
11 12 25.490864 24.698178
13 14 26.587274 24.020824
