11 10 19888 951 20
86 55 46.459935 28.703732 39.527257
78 84 32.152859 41.481103 43.446438
26 30 41.213367 33.579152 49.756721
88 39 44.944252 40.583347 31.495247
6 66 32.423601 44.786619 41.517187
58 57 48.481405 28.641990 40.936208
63 87 46.724927 46.211615 31.263006
78 66 31.434380 33.756981 43.357747
48 98 26.145361 33.389807 49.721877
95 45 41.690860 44.312054 45.336744
56 85 39.386438 44.607294 30.657691
0 9 32.089793 13.453624
0 5 38.755922 28.071338
1 8 45.380312 33.105891
2 9 49.735490 70.611614
2 4 29.283144 41.182521
2 3 47.661573 62.649820
4 8 41.272375 52.801515
6 9 36.868337 52.801515
6 7 46.517072 25.806976
8 10 25.836340 15.264338
