10 10 16538 1511 20
13 81 26.148513 29.350906 31.062043
80 78 43.915691 36.358066 39.275293
22 73 32.151828 40.260371 28.440847
85 16 37.764119 43.773536 31.443126
50 19 39.605920 46.157857 43.280023
8 50 29.266205 30.599013 48.395382
73 85 38.011074 46.359585 45.801189
71 58 47.006309 42.585497 26.637571
79 14 49.918336 32.300118 49.258189
79 82 28.325435 28.043264 48.770504
0 2 47.439001 12.041595
1 9 34.519107 4.123106
1 6 45.419778 9.899495
2 8 43.259157 82.036577
2 7 43.738081 51.244512
3 8 48.098566 6.324555
4 9 31.363807 69.354164
5 8 25.718221 79.605276
6 9 33.235551 6.708204
7 9 31.311119 25.298221
