9 11 2292 568 20
34 60 21.947989 19.681471 2.454950
68 1 11.032422 12.054213 14.005793
84 62 17.824409 13.478408 14.552283
43 75 14.643830 10.439218 16.123644
39 61 24.067682 24.483672 4.868099
35 58 19.733466 23.633790 4.748998
36 66 18.766021 16.896536 22.331053
66 28 11.010038 6.427508 24.140215
48 43 24.959115 0.546288 6.831760
0 5 11.852481 2.236068
0 4 24.519873 5.099020
1 4 21.406327 66.640828
1 2 6.070790 63.063460
2 8 20.122953 40.706265
2 4 6.585716 45.011110
3 8 12.082047 32.388269
3 5 8.528699 18.788294
4 7 24.726339 42.638011
5 7 8.260969 43.139309
5 6 10.020579 8.062258
