15 19 19666 3708 20
74 69 43.750045 29.050042 39.674049
82 86 33.788618 49.890828 25.844600
93 43 47.428930 43.894879 28.872917
26 23 48.371740 29.363825 49.383817
90 50 26.123711 39.383251 39.077300
20 19 42.836085 36.251141 33.851397
91 26 49.915159 30.108633 38.046331
26 11 35.824363 49.264815 32.714095
37 22 29.372150 42.159243 34.626286
94 31 43.187440 48.544733 38.079505
51 13 49.240261 29.956694 34.957554
85 77 47.253398 36.289694 26.279185
72 56 41.353558 32.853423 37.075888
33 8 42.782534 39.977397 27.274418
9 9 32.158128 42.167377 46.132667
0 11 48.529273 13.601471
0 4 42.465288 24.839485
0 2 46.303220 32.202484
1 9 32.604435 56.293872
1 2 25.574893 44.384682
2 12 48.382663 24.698178
2 6 34.767148 17.117243
2 4 49.234539 7.615773
3 8 38.526725 11.045361
4 11 44.925917 27.459060
4 5 46.016135 76.557168
5 7 37.939385 10.000000
6 9 41.672472 5.830952
7 13 28.894295 7.615773
7 10 34.669368 25.079872
8 10 35.394246 16.643317
10 13 44.692018 18.681542
11 12 26.370024 24.698178
13 14 29.337723 24.020824
