9 11 24957 528 20
34 60 1.064420 5.788146 20.044476
68 1 10.939172 23.987865 12.988285
84 62 23.154629 14.364331 18.693787
43 75 3.953638 9.986788 20.653040
39 61 8.740147 13.925207 11.063583
35 58 10.213369 5.090681 24.060830
36 66 15.552322 19.410451 13.435262
66 28 16.955095 24.535068 17.871478
48 43 0.144038 15.641945 7.471713
0 5 21.313719 2.236068
0 4 6.801557 5.099020
1 4 12.135839 66.640828
1 2 14.827539 63.063460
2 8 8.950111 40.706265
2 4 17.726600 45.011110
3 8 19.274477 32.388269
3 5 15.066769 18.788294
4 7 2.670296 42.638011
5 7 2.476871 43.139309
5 6 6.041657 8.062258
