10 10 20222 542 20
13 81 48.856784 39.885388 35.177985
80 78 47.847288 35.624890 38.642046
22 73 37.572694 33.397906 41.602036
85 16 42.166644 31.848694 39.454379
50 19 38.069997 31.381083 30.038418
8 50 29.960499 42.132008 39.807270
73 85 30.003036 47.834993 45.933590
71 58 35.086421 32.721288 37.083995
79 14 35.991271 28.776410 30.227466
79 82 35.184373 31.480652 41.270855
0 2 48.689592 12.041595
1 9 40.778224 4.123106
1 6 26.732718 9.899495
2 8 39.582289 82.036577
2 7 41.895666 51.244512
3 8 37.892089 6.324555
4 9 31.390161 69.354164
5 8 33.814554 79.605276
6 9 25.317819 6.708204
7 9 26.606920 25.298221
