9 11 15334 542 20
34 60 15.600784 0.006536 9.348901
68 1 16.587189 7.306553 15.565846
84 62 9.039016 9.435879 13.037850
43 75 0.935919 6.746984 10.161942
39 61 22.680657 7.930834 3.671390
35 58 4.880636 8.069223 1.408863
36 66 1.356301 13.171689 5.774946
66 28 10.519733 17.241187 2.304175
48 43 20.087894 5.767574 0.163048
0 5 15.481653 2.236068
0 4 12.243470 5.099020
1 4 6.875915 66.640828
1 2 20.552600 63.063460
2 8 1.528312 40.706265
2 4 22.844660 45.011110
3 8 10.865698 32.388269
3 5 8.223910 18.788294
4 7 4.322773 42.638011
5 7 7.832030 43.139309
5 6 4.103849 8.062258
