14 16 13692 780 20
12 12 48.859666 39.617376 36.784119
25 65 25.763206 35.278793 26.306591
32 54 28.435652 35.982246 34.042825
42 97 28.453312 48.347420 45.142518
71 86 33.252602 41.855429 33.655480
83 71 37.708986 35.771815 37.435499
52 2 34.720167 48.923860 36.800718
63 71 42.404596 39.725224 36.448937
35 97 32.763106 39.991839 39.690905
54 84 39.764013 30.984979 33.998483
85 90 36.709348 37.312790 36.097526
20 37 38.302272 26.548040 31.042514
87 86 33.573993 42.466187 31.610361
18 36 33.972878 46.090601 27.877814
0 13 49.167487 24.738634
0 2 28.703643 46.518813
1 9 41.314976 34.669872
1 4 25.071443 50.566788
2 11 38.566791 20.808652
2 10 25.051890 64.070274
2 3 31.396208 44.147480
4 12 37.368049 16.000000
4 5 35.771103 19.209373
5 6 26.019559 75.643903
7 12 35.329395 28.301943
7 11 25.662931 54.817880
7 9 46.465501 15.811388
8 12 47.108897 53.150729
8 10 42.003243 50.487622
10 12 48.452119 4.472136
