17 23 24285 2192 20
67 59 38.006298 44.707155 32.794328
88 63 40.561155 39.827884 44.382487
30 29 33.545186 39.250666 47.383259
35 20 33.960895 27.000923 43.574427
48 64 36.741287 27.865918 38.412439
68 37 48.555516 31.953114 39.143268
95 50 32.189158 47.790189 45.715698
4 22 28.326514 36.662556 47.829409
17 8 25.838688 25.041801 30.476162
80 87 49.306232 49.662944 35.830620
99 85 41.610160 39.300955 42.425275
73 64 38.640636 36.256256 30.307126
5 9 40.460311 31.254726 45.777762
95 92 38.656062 29.272106 42.169227
12 12 26.378153 31.527075 37.307073
25 65 46.553408 31.173416 30.044096
32 54 34.053442 37.034297 29.431260
0 16 43.024519 35.355339
0 1 42.959165 21.377558
1 15 49.595819 63.031738
1 9 44.647802 25.298221
1 6 47.520774 14.764823
2 14 37.519652 24.758837
2 9 38.978223 76.576759
2 3 27.765592 10.295630
3 14 36.327643 24.351591
3 8 30.484615 21.633308
3 6 45.131720 67.082039
4 16 45.551708 18.867962
4 15 34.250962 23.021729
5 13 31.095220 61.269895
5 11 47.051319 27.459060
7 16 43.288105 42.520583
7 12 28.239342 13.038405
9 16 44.641694 58.249464
9 11 28.906150 24.041631
9 10 49.279218 19.104973
10 13 26.097415 8.062258
12 14 46.652914 7.615773
14 16 47.036344 46.518813
