9 11 18316 1327 20
34 60 16.577876 18.892545 2.115022
68 1 19.766099 18.976793 19.508172
84 62 23.473021 21.865972 2.320702
43 75 18.882793 13.115661 10.252543
39 61 15.588432 15.603654 2.141874
35 58 15.367829 22.311975 12.796459
36 66 10.074310 3.832275 7.306147
66 28 0.534952 18.237712 16.349702
48 43 4.004542 3.606718 2.044565
0 5 21.526427 2.236068
0 4 15.897090 5.099020
1 4 11.100628 66.640828
1 2 5.364414 63.063460
2 8 8.812939 40.706265
2 4 19.103264 45.011110
3 8 22.142812 32.388269
3 5 13.860238 18.788294
4 7 17.670321 42.638011
5 7 7.636027 43.139309
5 6 22.078551 8.062258
