14 16 18000 578 20
12 12 46.870796 25.606464 42.348974
25 65 35.106500 43.254159 33.521920
32 54 36.751534 45.635762 31.134466
42 97 44.127975 41.849221 47.110713
71 86 40.394552 34.274233 34.510825
83 71 33.902915 38.699282 27.053944
52 2 30.238566 32.196986 33.086348
63 71 28.690782 29.187014 35.209837
35 97 25.677734 34.363041 30.956736
54 84 35.337175 42.285783 31.609351
85 90 42.880127 36.647649 47.651556
20 37 49.765926 29.445743 34.003458
87 86 45.088440 38.489171 38.641962
18 36 40.095127 32.881978 28.062526
0 13 37.204935 24.738634
0 2 43.410497 46.518813
1 9 43.669688 34.669872
1 4 35.431254 50.566788
2 11 25.717413 20.808652
2 10 47.054843 64.070274
2 3 45.230860 44.147480
4 12 40.209145 16.000000
4 5 38.315902 19.209373
5 6 39.134757 75.643903
7 12 27.771954 28.301943
7 11 35.323710 54.817880
7 9 34.196826 15.811388
8 12 34.182630 53.150729
8 10 26.825162 50.487622
10 12 35.437526 4.472136
