12 13 15750 1989 20
63 85 33.159692 46.204577 32.581947
89 66 37.755712 48.183602 49.966715
57 26 43.230469 28.484362 38.077078
63 41 49.457749 26.071956 42.679472
42 11 30.693051 41.168734 40.102680
72 60 45.382667 25.227951 37.119290
19 21 37.515806 44.616310 48.451481
67 52 49.472376 48.121761 31.307727
21 55 37.746277 25.409394 42.598151
12 47 26.887796 48.604552 48.446837
8 53 32.207092 33.641054 36.981048
52 75 26.535101 44.122103 47.822762
0 11 45.122586 14.866069
0 10 26.334426 63.631753
0 8 39.359685 51.613952
1 11 36.312979 38.078866
1 8 33.522708 68.883960
1 5 32.703809 18.027756
1 4 29.903911 72.346389
1 3 36.659928 36.069378
2 4 47.524873 21.213203
3 7 30.228259 11.704700
6 10 42.782632 33.837849
7 9 27.202626 55.226805
9 10 43.025703 7.211103
