12 13 14153 776 20
63 85 33.656111 34.037055 37.665275
89 66 31.358461 40.062543 38.825769
57 26 33.091266 26.820616 42.281836
63 41 47.178696 44.603312 32.216417
42 11 33.141747 46.844642 29.128499
72 60 29.382383 29.956439 31.068233
19 21 30.945358 35.766189 35.437551
67 52 35.186371 47.369703 31.920639
21 55 40.637599 33.951214 26.136281
12 47 28.773884 44.279333 44.348725
8 53 30.285242 30.337727 29.621155
52 75 33.780217 28.884511 40.246734
0 11 42.009211 14.866069
0 10 35.618540 63.631753
0 8 43.424190 51.613952
1 11 46.595576 38.078866
1 8 32.902110 68.883960
1 5 35.581381 18.027756
1 4 30.452537 72.346389
1 3 27.206967 36.069378
2 4 33.788544 21.213203
3 7 41.127347 11.704700
6 10 33.971367 33.837849
7 9 26.931790 55.226805
9 10 49.661865 7.211103
