10 10 17600 3396 20
13 81 48.079135 38.326991 48.971146
80 78 31.717899 44.803453 39.396156
22 73 42.746184 35.301965 46.995265
85 16 44.993880 41.616092 49.928515
50 19 25.379359 26.137968 30.833060
8 50 25.817518 36.792909 28.266006
73 85 48.432300 42.957034 49.533052
71 58 39.179963 35.744953 34.520653
79 14 27.324887 37.637127 38.546145
79 82 42.527398 27.735227 36.240954
0 2 42.144472 12.041595
1 9 30.369324 4.123106
1 6 37.518465 9.899495
2 8 44.788452 82.036577
2 7 41.766266 51.244512
3 8 40.913719 6.324555
4 9 35.778461 69.354164
5 8 47.014496 79.605276
6 9 30.963793 6.708204
7 9 36.182450 25.298221
