11 10 23500 2410 20
86 55 27.607660 27.139177 42.484006
78 84 43.335476 31.415964 36.621284
26 30 43.694980 38.595237 27.955477
88 39 29.573020 47.226012 30.970859
6 66 26.381652 44.859857 41.776610
58 57 49.428872 42.667731 48.933082
63 87 49.732239 37.772283 45.912161
78 66 48.325538 43.798909 39.692122
48 98 44.999695 26.659494 44.187990
95 45 48.299060 42.817176 49.850838
56 85 41.069772 34.295299 38.342931
0 9 36.717567 13.453624
0 5 27.749088 28.071338
1 8 43.094738 33.105891
2 9 45.524541 70.611614
2 4 42.809569 41.182521
2 3 37.628173 62.649820
4 8 28.964163 52.801515
6 9 45.250993 52.801515
6 7 40.206404 25.806976
8 10 28.783948 15.264338
