9 11 18523 291 20
34 60 21.784061 4.894465 4.538233
68 1 12.398667 3.953326 23.170457
84 62 0.958223 15.696935 16.656674
43 75 18.618790 18.323884 8.702165
39 61 18.371885 6.647256 0.777501
35 58 21.779242 23.183541 1.892655
36 66 10.734682 23.891973 3.541513
66 28 15.911191 15.494465 10.577054
48 43 8.201204 18.686273 13.521225
0 5 6.979453 2.236068
0 4 15.544171 5.099020
1 4 16.146209 66.640828
1 2 0.003923 63.063460
2 8 10.622166 40.706265
2 4 1.169389 45.011110
3 8 15.869256 32.388269
3 5 11.247583 18.788294
4 7 10.741745 42.638011
5 7 3.761887 43.139309
5 6 15.596543 8.062258
