9 11 25282 1328 20
34 60 0.798052 11.182935 12.600153
68 1 5.169508 9.301571 0.040593
84 62 5.692781 18.872863 19.534891
43 75 17.748843 23.987421 8.497011
39 61 16.221474 3.981781 23.002958
35 58 20.058404 22.119824 7.253287
36 66 9.812268 1.577781 2.304700
66 28 0.775857 1.908817 13.797167
48 43 6.075172 5.032509 4.733571
0 5 16.800056 2.236068
0 4 5.376398 5.099020
1 4 20.759265 66.640828
1 2 2.800261 63.063460
2 8 10.785573 40.706265
2 4 22.552962 45.011110
3 8 0.720453 32.388269
3 5 12.685941 18.788294
4 7 3.978310 42.638011
5 7 9.530906 43.139309
5 6 15.788956 8.062258
