14 16 14230 1727 20
12 12 47.511697 37.102892 33.318654
25 65 28.893460 39.566572 41.132209
32 54 35.010423 32.287515 45.416388
42 97 38.260878 30.226879 25.598906
71 86 25.481675 44.658743 30.703804
83 71 48.859699 28.294917 27.056168
52 2 40.180834 34.979199 33.817710
63 71 32.440863 47.338280 48.069001
35 97 25.649673 25.737962 45.387159
54 84 31.999249 35.967425 40.378885
85 90 41.521683 40.035343 43.659773
20 37 42.354802 39.431761 39.302351
87 86 29.947146 47.634004 46.208621
18 36 46.738046 39.703088 26.305042
0 13 38.514681 24.738634
0 2 44.983629 46.518813
1 9 43.386198 34.669872
1 4 39.085865 50.566788
2 11 48.297613 20.808652
2 10 29.186010 64.070274
2 3 35.214222 44.147480
4 12 46.533803 16.000000
4 5 31.936278 19.209373
5 6 26.974697 75.643903
7 12 29.022933 28.301943
7 11 29.152730 54.817880
7 9 25.232208 15.811388
8 12 31.879476 53.150729
8 10 47.664307 50.487622
10 12 27.130835 4.472136
