9 11 21008 1529 20
34 60 21.447195 20.055694 7.115599
68 1 17.344454 18.519864 8.061452
84 62 12.939876 8.407275 21.626719
43 75 8.033284 1.985589 18.426786
39 61 9.439473 13.140922 5.500021
35 58 16.085460 8.013535 17.953535
36 66 10.336427 2.119244 7.530873
66 28 17.269643 11.246950 0.992087
48 43 20.218802 21.970333 19.440951
0 5 7.728851 2.236068
0 4 4.500832 5.099020
1 4 17.072880 66.640828
1 2 17.753193 63.063460
2 8 24.686193 40.706265
2 4 16.425196 45.011110
3 8 0.249444 32.388269
3 5 12.132445 18.788294
4 7 4.276552 42.638011
5 7 2.842141 43.139309
5 6 0.329077 8.062258
