19 20 14769 5309 20
10 84 45.032918 37.170474 39.848284
3 72 46.229009 42.630250 28.533613
4 42 31.495787 41.404771 42.349654
69 21 44.640545 26.566053 26.796804
21 30 29.139072 42.402297 48.193127
9 16 37.281957 46.005781 29.729206
9 90 43.414503 34.190168 33.151105
71 9 43.323935 26.558856 40.240745
1 93 26.190343 29.686715 35.142949
45 45 41.382965 38.212955 26.010993
47 73 41.026353 36.614664 34.560475
27 80 47.554302 31.950437 48.301299
98 11 48.326165 27.915590 38.951147
0 40 33.677744 27.670983 25.803411
20 20 45.358640 43.758759 30.732639
41 96 41.020421 43.680899 48.805951
58 41 43.248965 37.934229 37.262879
82 52 36.519480 44.386053 44.069785
63 92 33.954795 49.298698 34.213977
0 15 43.088310 33.241540
1 11 25.194957 25.298221
2 8 29.179352 51.088159
3 16 44.975231 22.825424
3 12 44.792235 30.675723
3 9 39.371499 33.941125
3 7 37.372941 12.165525
3 6 43.418364 91.438504
4 13 49.769973 23.259407
5 14 36.690043 11.704700
6 15 26.828475 32.557641
6 10 32.683976 41.629317
7 18 33.824324 83.384651
7 16 33.775271 34.539832
8 15 39.785416 40.112342
9 14 47.351307 35.355339
9 11 28.029032 39.357337
10 13 42.296993 57.428216
14 17 35.598148 69.771054
14 16 25.374541 43.416587
