12 13 13538 500 20
63 85 44.292410 28.115534 45.484276
89 66 37.198403 41.766225 39.360776
57 26 43.469281 40.551090 45.369107
63 41 49.145871 37.759803 30.234952
42 11 37.325442 41.701004 26.960105
72 60 44.683661 35.103918 38.085685
19 21 33.896895 45.804498 33.989327
67 52 30.748252 37.738221 40.719697
21 55 41.980535 47.611261 48.584570
12 47 40.329985 39.688086 37.849421
8 53 32.471742 33.254286 47.737755
52 75 42.341774 32.574170 34.109335
0 11 49.023781 14.866069
0 10 43.825050 63.631753
0 8 40.018309 51.613952
1 11 44.908011 38.078866
1 8 38.202460 68.883960
1 5 40.344198 18.027756
1 4 46.727441 72.346389
1 3 43.878464 36.069378
2 4 48.323332 21.213203
3 7 32.196624 11.704700
6 10 37.033141 33.837849
7 9 38.049436 55.226805
9 10 40.424469 7.211103
