9 11 16869 947 20
34 60 20.673900 11.118284 13.237441
68 1 0.761016 24.146755 18.172800
84 62 16.087500 2.783395 5.227197
43 75 24.964124 7.554581 0.306523
39 61 4.970003 22.222872 21.315122
35 58 11.401112 14.794907 19.876373
36 66 24.446214 1.756573 1.521477
66 28 20.851639 15.243999 19.420230
48 43 6.081445 20.154995 14.070879
0 5 20.867844 2.236068
0 4 17.828120 5.099020
1 4 2.401966 66.640828
1 2 16.661788 63.063460
2 8 3.807445 40.706265
2 4 0.826399 45.011110
3 8 11.778945 32.388269
3 5 12.376756 18.788294
4 7 0.526047 42.638011
5 7 22.406222 43.139309
5 6 15.592860 8.062258
