9 11 3010 829 20
34 60 2.139819 12.262988 4.764262
68 1 4.986986 10.364669 17.349292
84 62 3.009643 0.109302 3.941298
43 75 10.311329 16.571384 9.855355
39 61 16.044396 5.742538 2.970532
35 58 7.939027 5.825961 16.567605
36 66 24.728096 14.058120 7.519739
66 28 23.163935 21.270047 1.560078
48 43 6.718318 22.179367 0.335211
0 5 1.856270 2.236068
0 4 18.413034 5.099020
1 4 11.200476 66.640828
1 2 3.404592 63.063460
2 8 21.191332 40.706265
2 4 7.718168 45.011110
3 8 8.864604 32.388269
3 5 0.060056 18.788294
4 7 16.349712 42.638011
5 7 20.154312 43.139309
5 6 18.218659 8.062258
