9 11 15211 653 20
34 60 24.027685 12.773744 11.847080
68 1 3.105528 14.541372 24.327455
84 62 2.584640 22.817670 1.658542
43 75 8.672402 13.434300 23.912472
39 61 12.125762 15.780589 19.525901
35 58 9.514201 6.979140 23.125962
36 66 9.000496 5.195925 11.725901
66 28 20.489697 10.082496 23.598362
48 43 10.643890 2.778758 24.473067
0 5 8.211657 2.236068
0 4 24.858561 5.099020
1 4 4.076833 66.640828
1 2 7.520399 63.063460
2 8 7.101804 40.706265
2 4 14.781208 45.011110
3 8 5.857664 32.388269
3 5 15.905344 18.788294
4 7 0.060476 42.638011
5 7 24.025915 43.139309
5 6 17.528895 8.062258
