9 11 23160 660 20
34 60 1.050974 0.370245 18.696785
68 1 1.969454 7.537372 10.692818
84 62 19.543574 21.311807 18.444456
43 75 2.560891 3.281445 16.916465
39 61 22.057768 0.866470 20.347742
35 58 14.698344 20.719639 24.259600
36 66 8.668658 5.777344 13.715295
66 28 16.888131 21.793965 24.193545
48 43 14.162156 15.027911 6.765580
0 5 22.563071 2.236068
0 4 13.634665 5.099020
1 4 7.105611 66.640828
1 2 24.578135 63.063460
2 8 6.918475 40.706265
2 4 21.898620 45.011110
3 8 17.641503 32.388269
3 5 0.396940 18.788294
4 7 20.018225 42.638011
5 7 9.961235 43.139309
5 6 8.469382 8.062258
