9 11 15599 1165 20
34 60 11.102885 18.754967 11.694216
68 1 20.734622 14.986041 16.659877
84 62 12.247934 21.367845 13.471046
43 75 24.748931 5.433292 21.068494
39 61 2.745681 5.923243 18.118093
35 58 24.405215 22.171681 10.915302
36 66 4.102218 15.255019 20.828368
66 28 15.277077 17.555711 4.077811
48 43 7.376023 12.541530 4.833654
0 5 22.554204 2.236068
0 4 12.512761 5.099020
1 4 11.881744 66.640828
1 2 6.485708 63.063460
2 8 22.943057 40.706265
2 4 4.419612 45.011110
3 8 21.315467 32.388269
3 5 18.485850 18.788294
4 7 1.376692 42.638011
5 7 0.550550 43.139309
5 6 11.590879 8.062258
