9 11 16185 449 20
34 60 17.331901 5.795346 8.344396
68 1 16.799747 10.146080 10.423511
84 62 3.846377 7.918856 5.025638
43 75 23.044294 0.832184 6.574883
39 61 2.921496 0.950373 1.993524
35 58 5.156212 21.000043 24.077803
36 66 8.156769 7.547730 19.062641
66 28 6.944057 19.273903 9.420488
48 43 24.479488 11.745196 10.038377
0 5 2.718072 2.236068
0 4 0.879360 5.099020
1 4 10.279966 66.640828
1 2 10.645936 63.063460
2 8 20.608919 40.706265
2 4 24.608406 45.011110
3 8 20.554301 32.388269
3 5 8.972794 18.788294
4 7 5.675457 42.638011
5 7 15.372387 43.139309
5 6 4.974432 8.062258
