9 11 25586 2651 20
34 60 23.533480 15.841656 10.339517
68 1 24.811005 4.555182 20.458173
84 62 1.647941 3.597797 4.386311
43 75 7.057877 24.522330 15.137539
39 61 16.473956 15.018137 19.409019
35 58 20.636685 6.702428 4.933758
36 66 10.796586 24.673883 10.484259
66 28 16.685122 8.658441 14.761559
48 43 23.801372 5.051569 6.798749
0 5 21.206123 2.236068
0 4 8.292150 5.099020
1 4 18.788015 66.640828
1 2 22.417683 63.063460
2 8 16.131282 40.706265
2 4 22.683334 45.011110
3 8 16.650652 32.388269
3 5 18.570184 18.788294
4 7 9.253671 42.638011
5 7 1.975817 43.139309
5 6 20.770096 8.062258
