10 10 21571 7711 20
13 81 38.680619 33.098701 35.285053
80 78 37.723064 48.067999 38.984893
22 73 29.174355 37.062076 42.513469
85 16 48.095167 42.824391 49.726181
50 19 29.617770 39.076133 28.136184
8 50 25.000242 28.850516 34.627668
73 85 29.379820 43.519793 27.116537
71 58 41.508230 44.188087 40.685581
79 14 33.162778 49.373864 38.109526
79 82 47.323031 37.060888 41.478860
0 2 45.396624 12.041595
1 9 33.952295 4.123106
1 6 48.682727 9.899495
2 8 25.458706 82.036577
2 7 46.442919 51.244512
3 8 29.793785 6.324555
4 9 43.131744 69.354164
5 8 34.958534 79.605276
6 9 32.565600 6.708204
7 9 25.977051 25.298221
