13 17 15375 3735 20
93 57 39.622607 47.869543 46.436743
41 71 43.735994 42.729816 30.098761
57 70 49.038195 32.832175 35.264199
91 58 45.710167 46.153077 43.403235
54 58 44.939828 41.166460 48.994782
38 57 25.054270 38.797987 34.772178
91 9 44.565748 35.904226 47.943088
79 51 49.082810 32.372302 40.109720
5 54 30.332674 42.104021 34.769546
16 79 35.090215 30.091859 47.066818
49 93 26.799557 31.740394 35.842736
37 14 30.723401 47.919118 45.144457
82 11 40.026478 40.687040 28.220700
0 12 31.279829 47.296934
0 5 26.840185 55.000000
0 3 31.970831 2.236068
0 2 41.409076 38.275318
0 1 28.932102 53.851648
1 10 49.369804 23.409400
1 3 46.494426 51.662365
3 7 34.296027 13.892444
3 6 45.718638 49.000000
4 9 47.470517 43.416587
4 7 25.233118 25.961510
5 7 45.759722 41.436699
6 12 35.162326 9.219544
7 10 40.980619 51.613952
8 9 32.726915 27.313001
9 10 39.884025 35.846897
11 12 41.514546 45.099889
