16 22 16230 539 20
21 24 40.753730 27.578871 46.857961
48 36 37.517688 39.649759 26.434330
61 43 31.683464 32.934085 42.541396
20 65 48.417318 27.453828 29.801455
45 8 31.482300 41.981350 39.065059
62 16 29.923615 46.376937 25.992187
79 31 34.709772 39.490914 25.892854
37 37 48.768447 25.690847 30.423768
57 51 44.979747 32.555514 44.687890
28 71 47.241506 31.291330 30.760260
4 34 31.362370 32.097462 42.337874
12 12 47.272344 38.873836 28.474646
60 41 35.250502 25.971988 48.691315
98 82 32.409025 32.699423 46.999398
44 26 28.066195 26.326264 25.910538
75 47 43.919416 25.466852 40.430371
0 11 31.609794 15.000000
0 3 38.820933 41.012193
1 12 37.413584 13.000000
1 9 29.240331 40.311289
1 3 41.374204 40.311289
1 2 28.962416 14.764823
2 15 28.420024 14.560220
2 12 49.976567 2.236068
2 8 37.164548 8.944272
2 5 49.080483 27.018512
2 4 31.829166 38.483763
3 14 41.653746 45.793013
3 11 34.810176 53.600373
5 14 46.508414 20.591260
6 14 45.747414 35.355339
7 14 45.884846 13.038405
8 14 31.019673 28.178006
8 13 32.283094 51.400389
9 10 43.956811 44.102154
10 15 33.145365 72.180330
10 11 30.906407 23.409400
12 15 25.678131 16.155494
