9 11 17201 1522 20
34 60 0.248658 5.743647 6.565458
68 1 22.501878 12.880765 18.296089
84 62 0.992724 5.934987 13.878910
43 75 18.465037 9.019644 24.642312
39 61 8.458011 1.385515 19.153478
35 58 10.522410 14.174449 10.857748
36 66 3.138829 21.363315 21.112417
66 28 2.366189 6.015870 4.278302
48 43 3.998697 0.287093 3.685662
0 5 24.099062 2.236068
0 4 20.414257 5.099020
1 4 15.995239 66.640828
1 2 16.114930 63.063460
2 8 18.971977 40.706265
2 4 9.914426 45.011110
3 8 15.189529 32.388269
3 5 22.138227 18.788294
4 7 23.394098 42.638011
5 7 16.164736 43.139309
5 6 5.551768 8.062258
