10 10 16692 1503 20
13 81 37.913026 26.023472 49.708873
80 78 48.426027 41.585856 38.009586
22 73 29.535762 30.008631 29.731238
85 16 40.240712 37.682130 30.465965
50 19 36.954434 34.333410 26.817705
8 50 45.988236 26.510513 29.395582
73 85 49.453264 31.832142 39.723507
71 58 32.564291 32.056887 26.413533
79 14 46.536488 29.905682 41.413145
79 82 49.080840 36.943299 26.292620
0 2 32.842046 12.041595
1 9 30.767265 4.123106
1 6 43.883713 9.899495
2 8 49.807254 82.036577
2 7 41.840634 51.244512
3 8 41.076763 6.324555
4 9 39.779881 69.354164
5 8 41.209399 79.605276
6 9 25.185232 6.708204
7 9 28.876326 25.298221
