15 19 18214 4850 20
74 69 49.299771 42.288674 28.728183
82 86 36.901502 36.955321 46.925183
93 43 48.887140 44.245891 47.351004
26 23 42.162341 44.644289 31.371290
90 50 42.503248 43.149514 38.026811
20 19 45.693568 42.097407 35.607318
91 26 27.182464 48.811182 33.787626
26 11 28.004190 36.369333 48.634485
37 22 44.052882 43.214165 28.118828
94 31 39.334018 32.928492 26.348489
51 13 49.146896 38.063572 35.101087
85 77 34.431449 41.783871 26.853988
72 56 26.216714 27.686002 47.955935
33 8 33.661761 44.944214 36.407767
9 9 45.965604 34.014525 37.907190
0 11 25.740875 13.601471
0 4 45.642301 24.839485
0 2 43.707980 32.202484
1 9 31.352170 56.293872
1 2 40.355112 44.384682
2 12 47.016299 24.698178
2 6 35.739303 17.117243
2 4 29.501548 7.615773
3 8 49.042233 11.045361
4 11 25.199336 27.459060
4 5 35.718208 76.557168
5 7 35.036910 10.000000
6 9 26.212208 5.830952
7 13 34.902070 7.615773
7 10 28.986214 25.079872
8 10 45.908356 16.643317
10 13 37.280596 18.681542
11 12 32.850247 24.698178
13 14 25.723501 24.020824
