9 11 21419 984 20
34 60 15.550608 10.141341 17.857061
68 1 5.795228 9.051030 9.640998
84 62 22.664558 20.150549 15.654883
43 75 7.309957 10.990137 1.480297
39 61 3.754257 0.347060 21.076072
35 58 9.256823 12.304759 1.987510
36 66 9.516118 15.346317 14.270347
66 28 2.930435 20.659995 3.551430
48 43 9.537194 7.377747 20.581463
0 5 7.709806 2.236068
0 4 16.351037 5.099020
1 4 16.684624 66.640828
1 2 9.227793 63.063460
2 8 5.481660 40.706265
2 4 10.155048 45.011110
3 8 7.821530 32.388269
3 5 5.686101 18.788294
4 7 15.311898 42.638011
5 7 17.796899 43.139309
5 6 5.558786 8.062258
