11 10 2600 755 20
86 55 34.500661 47.614334 25.493940
78 84 29.240809 38.009165 37.182038
26 30 39.987065 26.581548 29.970549
88 39 36.439205 37.135595 39.547901
6 66 35.851700 47.096793 33.974474
58 57 27.742016 41.851889 26.396627
63 87 38.779941 29.499109 36.379077
78 66 30.149513 33.237644 38.369757
48 98 29.163372 44.786747 43.271340
95 45 28.493832 29.728082 38.356790
56 85 36.226380 25.366703 42.227389
0 9 35.165768 13.453624
0 5 49.571865 28.071338
1 8 46.736724 33.105891
2 9 42.066656 70.611614
2 4 46.805034 41.182521
2 3 43.818943 62.649820
4 8 28.518320 52.801515
6 9 48.948068 52.801515
6 7 28.760664 25.806976
8 10 48.957386 15.264338
