10 10 22666 1408 20
13 81 46.894159 36.900870 44.301937
80 78 37.604135 30.530760 25.663856
22 73 36.570318 27.441396 44.315479
85 16 35.985989 35.387697 28.927993
50 19 31.562401 31.193874 46.322449
8 50 46.070534 33.494517 48.308065
73 85 28.012293 43.694297 45.717239
71 58 30.663185 48.660056 41.470630
79 14 30.035602 37.501710 35.963187
79 82 34.384522 35.720791 45.098400
0 2 47.332972 12.041595
1 9 45.539902 4.123106
1 6 43.875053 9.899495
2 8 38.978608 82.036577
2 7 44.240410 51.244512
3 8 40.884796 6.324555
4 9 46.508225 69.354164
5 8 28.317645 79.605276
6 9 28.895305 6.708204
7 9 47.162574 25.298221
