14 16 16307 1695 20
12 12 48.438985 37.274197 37.439681
25 65 44.636216 45.229080 40.526493
32 54 31.999340 35.448334 28.860693
42 97 44.824540 43.676827 41.912127
71 86 39.993672 34.308357 49.917543
83 71 28.534871 42.723313 47.357580
52 2 46.236924 26.299506 49.077809
63 71 48.031668 40.476720 30.619058
35 97 34.466010 33.643044 29.221190
54 84 25.971705 37.116839 33.021448
85 90 43.023963 36.660637 35.538688
20 37 29.291329 28.500558 33.174168
87 86 32.311555 33.258262 45.895189
18 36 36.309844 49.779819 47.480106
0 13 36.853029 24.738634
0 2 26.406132 46.518813
1 9 49.733725 34.669872
1 4 34.794862 50.566788
2 11 25.545929 20.808652
2 10 48.599295 64.070274
2 3 49.077511 44.147480
4 12 46.837393 16.000000
4 5 45.412225 19.209373
5 6 29.073041 75.643903
7 12 47.939562 28.301943
7 11 42.802949 54.817880
7 9 37.524327 15.811388
8 12 46.441755 53.150729
8 10 27.488743 50.487622
10 12 44.593558 4.472136
