16 22 22000 2553 20
21 24 30.026507 28.081080 40.293415
48 36 40.361797 46.344195 33.815916
61 43 47.462704 28.708009 32.933833
20 65 27.048809 38.020044 47.581659
45 8 25.564515 35.757559 31.171695
62 16 32.946288 29.957724 38.111815
79 31 27.181303 33.405372 25.646745
37 37 35.847873 46.760138 36.082027
57 51 42.339291 28.897827 33.972244
28 71 49.698162 43.309062 36.156169
4 34 37.662724 33.752302 39.106005
12 12 35.957414 35.880763 49.618096
60 41 33.605075 33.376672 38.793561
98 82 28.212831 46.298277 26.568069
44 26 47.228679 42.643757 48.496857
75 47 45.130952 39.795439 49.974132
0 11 25.096048 15.000000
0 3 43.365865 41.012193
1 12 37.808433 13.000000
1 9 45.515335 40.311289
1 3 41.197311 40.311289
1 2 34.828911 14.764823
2 15 41.590450 14.560220
2 12 40.443503 2.236068
2 8 28.756318 8.944272
2 5 39.847755 27.018512
2 4 34.504478 38.483763
3 14 44.884039 45.793013
3 11 41.455602 53.600373
5 14 40.726854 20.591260
6 14 28.583833 35.355339
7 14 26.471786 13.038405
8 14 33.476633 28.178006
8 13 42.373704 51.400389
9 10 37.280409 44.102154
10 15 43.271134 72.180330
10 11 26.007483 23.409400
12 15 25.250935 16.155494
