19 20 19333 2830 20
10 84 34.383219 39.002412 38.045843
3 72 44.029318 25.948040 48.697829
4 42 49.307764 44.079401 37.126685
69 21 36.899310 47.877057 33.306072
21 30 49.913629 26.836123 26.497641
9 16 39.064903 42.030616 27.691368
9 90 27.990453 28.475197 27.222750
71 9 36.854000 25.914918 33.919081
1 93 49.692543 41.999356 38.402535
45 45 49.525652 44.924954 43.866769
47 73 34.167246 46.347147 33.715996
27 80 40.194367 39.627773 35.600156
98 11 32.897529 29.628061 39.563096
0 40 46.309175 31.641840 46.648367
20 20 35.032411 42.874334 30.229604
41 96 46.582118 32.989248 35.736354
58 41 47.796562 31.423550 49.648940
82 52 42.514305 38.067077 34.257904
63 92 29.116628 29.824657 29.129357
0 15 48.872231 33.241540
1 11 30.518654 25.298221
2 8 43.423891 51.088159
3 16 31.287871 22.825424
3 12 39.636156 30.675723
3 9 33.081690 33.941125
3 7 39.748188 12.165525
3 6 43.811732 91.438504
4 13 49.407679 23.259407
5 14 37.541870 11.704700
6 15 48.250369 32.557641
6 10 39.504107 41.629317
7 18 35.125849 83.384651
7 16 38.272358 34.539832
8 15 34.895958 40.112342
9 14 38.607104 35.355339
9 11 31.230013 39.357337
10 13 42.844990 57.428216
14 17 45.342730 69.771054
14 16 41.256903 43.416587
