9 11 17388 1671 20
34 60 11.610210 7.701108 9.645530
68 1 24.259292 23.725628 11.881911
84 62 9.272092 6.072692 2.918082
43 75 5.933157 13.483863 14.832895
39 61 3.812428 12.750940 10.276395
35 58 17.478778 5.102287 20.974485
36 66 24.507768 24.784327 0.048136
66 28 6.473187 23.501431 0.584380
48 43 11.325094 2.666974 22.534172
0 5 14.512627 2.236068
0 4 22.697213 5.099020
1 4 3.037919 66.640828
1 2 18.381265 63.063460
2 8 16.212718 40.706265
2 4 0.896463 45.011110
3 8 0.276731 32.388269
3 5 7.466123 18.788294
4 7 21.867220 42.638011
5 7 15.482113 43.139309
5 6 23.876635 8.062258
