13 17 24571 1182 20
93 57 30.131537 35.145075 38.332519
41 71 42.362644 48.986666 42.682284
57 70 27.280638 40.760828 25.779756
91 58 44.094922 38.479623 36.540080
54 58 37.287355 36.259217 37.877282
38 57 46.349271 28.410574 39.271029
91 9 44.755416 37.678730 35.738888
79 51 47.137498 25.599273 27.531771
5 54 48.295616 42.502470 46.249848
16 79 26.175492 29.414638 40.631132
49 93 31.030325 48.838902 30.168714
37 14 32.019229 43.975096 47.067794
82 11 37.708080 47.239508 36.441000
0 12 37.199202 47.296934
0 5 43.437730 55.000000
0 3 35.085845 2.236068
0 2 30.868488 38.275318
0 1 44.110185 53.851648
1 10 45.608981 23.409400
1 3 28.673638 51.662365
3 7 48.165791 13.892444
3 6 33.115923 49.000000
4 9 48.624169 43.416587
4 7 29.557513 25.961510
5 7 30.499234 41.436699
6 12 31.850224 9.219544
7 10 31.262006 51.613952
8 9 26.655888 27.313001
9 10 31.882694 35.846897
11 12 29.217829 45.099889
