17 23 15000 710 20
67 59 44.100758 45.253624 43.454869
88 63 46.363399 40.754816 34.256286
30 29 41.844469 25.899897 40.255548
35 20 47.134327 45.477317 32.798924
48 64 36.555463 45.224614 39.158259
68 37 44.445768 35.295995 42.323290
95 50 34.125975 30.206272 47.594829
4 22 31.647034 38.123812 32.157353
17 8 27.122426 40.179871 43.172675
80 87 25.275723 47.990253 45.078510
99 85 43.412737 25.596036 46.320183
73 64 36.962823 46.876934 30.607280
5 9 26.604154 30.532814 31.293693
95 92 35.791234 36.383882 42.558302
12 12 31.726169 29.095891 28.084272
25 65 31.388470 25.534245 26.084248
32 54 47.317750 31.872136 34.657995
0 16 49.756402 35.355339
0 1 37.258758 21.377558
1 15 33.123559 63.031738
1 9 36.738289 25.298221
1 6 46.929916 14.764823
2 14 25.339239 24.758837
2 9 35.569355 76.576759
2 3 37.668461 10.295630
3 14 40.266535 24.351591
3 8 38.187283 21.633308
3 6 36.402643 67.082039
4 16 46.570925 18.867962
4 15 49.617760 23.021729
5 13 33.820147 61.269895
5 11 45.544052 27.459060
7 16 48.008029 42.520583
7 12 44.250784 13.038405
9 16 48.173967 58.249464
9 11 36.160508 24.041631
9 10 32.459146 19.104973
10 13 36.809772 8.062258
12 14 37.661930 7.615773
14 16 47.720985 46.518813
