15 19 2800 1644 20
74 69 30.304030 30.680371 30.335695
82 86 49.007276 29.148813 46.199139
93 43 36.648791 33.709838 38.190448
26 23 37.118811 26.378918 40.241733
90 50 40.667602 27.909454 39.048921
20 19 45.974337 37.958766 28.737737
91 26 39.056429 37.851061 47.911285
26 11 33.660464 41.913672 34.577457
37 22 44.379992 46.852452 40.513347
94 31 32.365875 42.118267 48.793205
51 13 25.059646 43.084931 36.609253
85 77 48.512124 41.506060 31.452106
72 56 42.475399 34.698381 41.069036
33 8 44.742375 31.923522 35.737051
9 9 31.833910 26.526853 49.273864
0 11 32.669980 13.601471
0 4 47.831785 24.839485
0 2 25.838254 32.202484
1 9 40.946302 56.293872
1 2 31.578501 44.384682
2 12 45.411571 24.698178
2 6 27.921757 17.117243
2 4 31.666671 7.615773
3 8 33.201955 11.045361
4 11 27.957478 27.459060
4 5 36.153734 76.557168
5 7 49.562495 10.000000
6 9 47.438145 5.830952
7 13 41.247122 7.615773
7 10 48.610397 25.079872
8 10 33.057033 16.643317
10 13 26.155163 18.681542
11 12 49.213409 24.698178
13 14 37.534731 24.020824
