16 22 22833 3591 20
21 24 27.269971 43.843834 30.955419
48 36 46.173216 35.024310 32.477446
61 43 28.967905 29.724292 30.449778
20 65 36.107447 38.427775 42.080715
45 8 47.832834 48.731807 31.831785
62 16 47.681350 28.482457 30.639217
79 31 36.478644 36.381379 27.845273
37 37 45.580344 40.090237 47.050460
57 51 26.702013 47.050335 42.034071
28 71 27.329237 31.038819 48.190105
4 34 26.497279 41.157422 34.590481
12 12 27.751093 27.946043 43.717820
60 41 27.405042 25.792485 31.026414
98 82 29.433703 28.187933 46.259386
44 26 30.264846 34.688063 39.930107
75 47 27.146276 30.071828 49.161225
0 11 35.610201 15.000000
0 3 41.835543 41.012193
1 12 33.075770 13.000000
1 9 31.559732 40.311289
1 3 25.633357 40.311289
1 2 31.033101 14.764823
2 15 38.221978 14.560220
2 12 44.098993 2.236068
2 8 47.573103 8.944272
2 5 42.522242 27.018512
2 4 47.446233 38.483763
3 14 42.900354 45.793013
3 11 38.982003 53.600373
5 14 41.969712 20.591260
6 14 40.948627 35.355339
7 14 43.942603 13.038405
8 14 36.066089 28.178006
8 13 27.897944 51.400389
9 10 26.491570 44.102154
10 15 37.464897 72.180330
10 11 46.816967 23.409400
12 15 46.459633 16.155494
