12 13 333 1126 20
63 85 49.450812 25.223020 41.088696
89 66 43.417352 30.547197 29.815015
57 26 40.819615 33.802763 47.170704
63 41 46.813054 38.603950 46.990504
42 11 27.441584 25.346100 35.052290
72 60 42.793075 45.214929 37.990506
19 21 40.101471 33.861081 36.002582
67 52 30.112218 37.571317 25.957135
21 55 49.623878 43.379009 41.330987
12 47 42.190801 30.250950 43.758890
8 53 27.450719 42.204592 44.000453
52 75 46.537720 31.186026 37.577422
0 11 42.405490 14.866069
0 10 38.292271 63.631753
0 8 30.198947 51.613952
1 11 48.341242 38.078866
1 8 25.008619 68.883960
1 5 33.186694 18.027756
1 4 34.501628 72.346389
1 3 47.624516 36.069378
2 4 46.375085 21.213203
3 7 37.066421 11.704700
6 10 36.407290 33.837849
7 9 41.348505 55.226805
9 10 35.034665 7.211103
