9 11 14936 1729 20
34 60 4.352468 20.767768 11.961427
68 1 4.859760 1.008511 20.139784
84 62 4.164170 6.589462 19.381615
43 75 18.329930 2.713349 20.787930
39 61 11.969447 17.039984 2.517009
35 58 21.384128 23.411870 16.523617
36 66 3.054465 12.247322 2.505311
66 28 7.694117 6.070270 5.354210
48 43 5.661836 8.463773 3.764580
0 5 20.903341 2.236068
0 4 1.819204 5.099020
1 4 22.098180 66.640828
1 2 6.052482 63.063460
2 8 2.910913 40.706265
2 4 5.861369 45.011110
3 8 18.272555 32.388269
3 5 15.843437 18.788294
4 7 9.280053 42.638011
5 7 5.911712 43.139309
5 6 6.073005 8.062258
