13 17 23375 1366 20
93 57 29.105771 49.885214 29.463236
41 71 25.164003 36.503057 30.734420
57 70 26.206416 28.232339 27.185208
91 58 42.529090 38.467983 31.445097
54 58 40.195123 39.661327 26.751907
38 57 41.311639 38.267834 47.023967
91 9 39.128120 38.717123 42.154402
79 51 27.623695 38.326197 42.969800
5 54 37.667714 40.700402 44.538886
16 79 39.908172 25.784529 27.156668
49 93 31.453667 41.578886 28.104523
37 14 48.993111 30.061319 47.974164
82 11 47.860792 40.575227 48.588053
0 12 44.939597 47.296934
0 5 38.994092 55.000000
0 3 34.709697 2.236068
0 2 44.567955 38.275318
0 1 28.712397 53.851648
1 10 35.831439 23.409400
1 3 30.700126 51.662365
3 7 49.736213 13.892444
3 6 41.926722 49.000000
4 9 34.705365 43.416587
4 7 40.353008 25.961510
5 7 46.956046 41.436699
6 12 34.967979 9.219544
7 10 48.017310 51.613952
8 9 45.458459 27.313001
9 10 39.490265 35.846897
11 12 36.726341 45.099889
