11 10 14538 3982 20
86 55 43.147944 32.537875 29.532380
78 84 43.745010 32.681553 47.402271
26 30 30.983976 29.520686 40.712328
88 39 39.796223 27.007109 42.944596
6 66 42.594656 36.030969 46.082552
58 57 36.402379 32.258407 32.696023
63 87 27.264040 37.296760 47.042348
78 66 29.325666 31.757236 49.442984
48 98 27.789954 37.592860 26.707571
95 45 26.372511 39.498600 32.554794
56 85 30.135185 46.720332 27.101557
0 9 43.448866 13.453624
0 5 26.787097 28.071338
1 8 29.729658 33.105891
2 9 26.527982 70.611614
2 4 33.346371 41.182521
2 3 25.404165 62.649820
4 8 42.542133 52.801515
6 9 44.666919 52.801515
6 7 31.480092 25.806976
8 10 46.473204 15.264338
