11 10 24428 754 20
86 55 39.280858 27.703001 46.999325
78 84 34.092356 26.907522 34.560538
26 30 31.719875 44.085669 40.633632
88 39 32.381535 33.270319 39.335641
6 66 38.817807 33.313686 30.178307
58 57 47.046983 25.861269 44.024290
63 87 43.198240 36.529807 47.314359
78 66 49.238716 31.494253 45.122990
48 98 39.956533 40.695670 32.872186
95 45 43.109514 39.442276 36.212778
56 85 29.314154 27.395199 48.836737
0 9 36.197030 13.453624
0 5 38.990963 28.071338
1 8 40.348208 33.105891
2 9 42.240865 70.611614
2 4 34.341787 41.182521
2 3 26.260383 62.649820
4 8 31.384066 52.801515
6 9 38.324253 52.801515
6 7 48.169367 25.806976
8 10 25.096728 15.264338
