9 11 14095 1280 20
34 60 11.224668 9.846051 16.306208
68 1 12.114338 20.614256 14.231630
84 62 10.698975 15.839701 19.299540
43 75 19.153963 1.874509 17.806133
39 61 23.776269 3.046052 0.596099
35 58 13.978445 8.097952 22.664860
36 66 8.264319 13.085004 2.088312
66 28 20.806413 2.241542 8.446232
48 43 17.862403 9.889725 4.743464
0 5 11.177817 2.236068
0 4 8.980892 5.099020
1 4 20.022054 66.640828
1 2 2.430479 63.063460
2 8 22.974210 40.706265
2 4 14.724389 45.011110
3 8 4.400326 32.388269
3 5 22.160052 18.788294
4 7 23.509024 42.638011
5 7 20.501843 43.139309
5 6 6.448146 8.062258
