13 17 14846 1826 20
93 57 37.051973 47.684710 38.206674
41 71 36.666337 38.856912 28.584124
57 70 27.896920 42.112189 47.892453
91 58 49.682026 25.538507 46.070280
54 58 49.344164 46.176480 30.518774
38 57 41.756549 48.740162 36.407630
91 9 26.624432 25.471565 48.790338
79 51 48.469665 42.302019 39.027727
5 54 42.741613 27.278771 42.033918
16 79 37.568575 49.648739 45.815589
49 93 30.245739 30.434532 45.418863
37 14 32.204196 36.539544 30.657609
82 11 31.694518 43.042829 27.093424
0 12 39.611456 47.296934
0 5 40.377646 55.000000
0 3 32.671673 2.236068
0 2 34.978747 38.275318
0 1 29.062401 53.851648
1 10 39.120276 23.409400
1 3 28.761055 51.662365
3 7 30.512429 13.892444
3 6 32.986897 49.000000
4 9 25.689207 43.416587
4 7 26.993246 25.961510
5 7 37.928061 41.436699
6 12 27.072067 9.219544
7 10 49.494092 51.613952
8 9 37.422025 27.313001
9 10 28.265927 35.846897
11 12 47.840856 45.099889
