13 17 16153 1428 20
93 57 34.076156 46.091705 38.058887
41 71 43.000782 40.951699 47.284091
57 70 47.600000 33.802405 40.685470
91 58 28.192523 34.395561 36.870084
54 58 28.094897 47.429108 28.736298
38 57 28.112900 47.596781 45.602335
91 9 46.787658 29.667156 38.748058
79 51 43.875143 38.065881 35.453093
5 54 47.666179 29.556011 32.988419
16 79 33.274126 44.012847 45.137620
49 93 25.167258 47.403341 27.918431
37 14 36.682791 47.493007 44.924508
82 11 42.026469 49.747224 36.887170
0 12 36.294938 47.296934
0 5 41.260874 55.000000
0 3 25.702012 2.236068
0 2 25.138390 38.275318
0 1 28.589354 53.851648
1 10 46.425245 23.409400
1 3 36.855954 51.662365
3 7 28.431476 13.892444
3 6 35.507957 49.000000
4 9 29.943897 43.416587
4 7 46.393765 25.961510
5 7 39.627470 41.436699
6 12 32.839755 9.219544
7 10 32.123499 51.613952
8 9 49.051868 27.313001
9 10 47.612135 35.846897
11 12 44.963241 45.099889
