12 13 1625 2828 20
63 85 29.713808 45.568898 35.564491
89 66 48.741089 47.684924 28.773008
57 26 33.388558 48.618045 32.728688
63 41 44.942736 47.554342 46.119213
42 11 47.887385 42.404172 45.667716
72 60 42.426752 32.420293 47.508453
19 21 47.218405 41.414077 49.843105
67 52 32.851404 29.486665 44.056974
21 55 31.799923 27.285229 44.278838
12 47 47.703217 33.394811 33.576206
8 53 31.661277 49.133223 35.381917
52 75 27.272541 34.395802 41.891746
0 11 49.572365 14.866069
0 10 44.955984 63.631753
0 8 46.870026 51.613952
1 11 43.233566 38.078866
1 8 26.064228 68.883960
1 5 30.287160 18.027756
1 4 30.997540 72.346389
1 3 38.841622 36.069378
2 4 25.460199 21.213203
3 7 36.522024 11.704700
6 10 31.080990 33.837849
7 9 40.559082 55.226805
9 10 43.314671 7.211103
