9 11 16871 1899 20
34 60 4.927800 3.935358 5.691859
68 1 5.805398 4.044671 17.983906
84 62 8.140195 13.019165 11.876591
43 75 1.002051 10.323590 9.418938
39 61 6.587380 17.807111 7.012313
35 58 7.937269 8.829550 22.781875
36 66 6.254383 12.648970 14.496796
66 28 23.266063 22.748400 22.601907
48 43 15.698472 9.488657 15.477608
0 5 16.515363 2.236068
0 4 1.902809 5.099020
1 4 22.711114 66.640828
1 2 2.191158 63.063460
2 8 1.773204 40.706265
2 4 12.815027 45.011110
3 8 20.372615 32.388269
3 5 0.325567 18.788294
4 7 6.562632 42.638011
5 7 7.369522 43.139309
5 6 5.523012 8.062258
