12 13 23750 806 20
63 85 27.984249 29.052404 34.737808
89 66 45.345426 30.736370 43.315518
57 26 32.956781 25.324744 26.083726
63 41 44.452738 43.119962 38.718029
42 11 49.806826 36.837008 39.801244
72 60 30.532940 27.932418 43.762885
19 21 40.840384 28.289710 27.475065
67 52 42.588245 43.985284 28.529296
21 55 45.809750 48.019106 35.106538
12 47 49.017298 25.747101 26.746255
8 53 48.151094 42.883604 37.684474
52 75 43.143560 44.708541 42.692891
0 11 35.295385 14.866069
0 10 28.918838 63.631753
0 8 37.067724 51.613952
1 11 31.023234 38.078866
1 8 26.774526 68.883960
1 5 49.332379 18.027756
1 4 28.580231 72.346389
1 3 48.726768 36.069378
2 4 47.297629 21.213203
3 7 30.561727 11.704700
6 10 30.252027 33.837849
7 9 31.957161 55.226805
9 10 37.505937 7.211103
