12 13 1750 2714 20
63 85 34.573184 25.392991 25.829801
89 66 45.685599 43.573444 49.134122
57 26 40.903966 37.399639 30.675823
63 41 35.602233 39.610135 43.453743
42 11 34.215191 34.270648 27.378795
72 60 42.146277 35.403052 49.005093
19 21 25.146090 47.409892 25.201559
67 52 43.587905 26.306564 41.088770
21 55 41.891228 28.669714 42.097131
12 47 27.553616 48.474042 43.394379
8 53 38.321943 40.441392 43.566447
52 75 29.869212 45.601308 45.167850
0 11 47.039520 14.866069
0 10 43.858624 63.631753
0 8 41.421773 51.613952
1 11 40.341038 38.078866
1 8 36.725505 68.883960
1 5 35.219803 18.027756
1 4 31.399304 72.346389
1 3 44.076766 36.069378
2 4 31.331671 21.213203
3 7 42.428368 11.704700
6 10 25.717712 33.837849
7 9 34.010178 55.226805
9 10 31.560877 7.211103
