10 10 14923 2303 20
13 81 47.871738 37.284384 42.301170
80 78 41.105739 35.495537 27.656625
22 73 34.978600 44.706009 32.749690
85 16 40.767644 42.568072 35.251556
50 19 39.798130 31.228788 47.704629
8 50 35.622516 42.031844 47.316635
73 85 39.544564 25.125272 44.539785
71 58 34.850871 46.550891 31.894547
79 14 47.116160 31.176836 28.529991
79 82 40.630061 45.484028 35.393526
0 2 44.657640 12.041595
1 9 34.961676 4.123106
1 6 31.582530 9.899495
2 8 28.131506 82.036577
2 7 32.504600 51.244512
3 8 43.859357 6.324555
4 9 31.060346 69.354164
5 8 27.504846 79.605276
6 9 38.229550 6.708204
7 9 29.465461 25.298221
