15 19 16384 765 20
74 69 39.431276 30.861967 44.710165
82 86 27.666729 44.658849 25.461797
93 43 28.318090 36.116166 29.618705
26 23 48.960294 25.876568 41.251204
90 50 33.396955 30.632188 44.846716
20 19 40.155093 31.485832 42.906740
91 26 27.876230 43.384159 33.057609
26 11 27.157601 31.575151 26.397744
37 22 33.114264 32.650960 44.100464
94 31 48.668205 38.973679 27.120562
51 13 35.601065 30.832962 31.090742
85 77 36.427667 44.680010 43.620170
72 56 47.899274 37.807313 28.885654
33 8 48.834111 30.991245 42.962533
9 9 48.462695 31.998557 29.615018
0 11 33.181573 13.601471
0 4 45.205884 24.839485
0 2 32.309506 32.202484
1 9 29.541204 56.293872
1 2 40.215487 44.384682
2 12 33.702975 24.698178
2 6 36.986450 17.117243
2 4 35.072113 7.615773
3 8 41.415966 11.045361
4 11 45.078778 27.459060
4 5 43.560808 76.557168
5 7 43.497606 10.000000
6 9 30.920445 5.830952
7 13 41.087730 7.615773
7 10 47.521892 25.079872
8 10 36.470330 16.643317
10 13 37.243444 18.681542
11 12 41.172154 24.698178
13 14 31.287921 24.020824
