9 11 2130 372 20
34 60 7.681358 5.534278 15.568208
68 1 19.092711 1.943802 5.020688
84 62 10.143361 16.434749 11.576373
43 75 6.795325 8.689293 3.130351
39 61 3.748758 19.423391 10.418498
35 58 11.985983 8.637407 21.637278
36 66 21.111115 4.218012 1.337342
66 28 5.223847 0.803539 14.535601
48 43 9.741893 0.507642 3.245925
0 5 10.741642 2.236068
0 4 13.164503 5.099020
1 4 5.596411 66.640828
1 2 21.797819 63.063460
2 8 3.548214 40.706265
2 4 14.344582 45.011110
3 8 7.306024 32.388269
3 5 1.559840 18.788294
4 7 23.691611 42.638011
5 7 11.466498 43.139309
5 6 23.425535 8.062258
