11 10 13307 1281 20
86 55 45.392648 29.656310 45.639598
78 84 49.512514 39.522147 46.889943
26 30 33.103058 47.278667 43.038254
88 39 25.245042 46.439466 32.527387
6 66 26.800610 26.010883 35.198919
58 57 44.427124 48.708413 49.927769
63 87 42.743861 48.271731 28.674046
78 66 34.048256 48.986566 43.371456
48 98 39.977389 42.262565 33.788043
95 45 41.811339 37.110283 27.500413
56 85 46.944893 38.726137 28.101399
0 9 45.935640 13.453624
0 5 43.528557 28.071338
1 8 28.560382 33.105891
2 9 43.391721 70.611614
2 4 31.590379 41.182521
2 3 31.378783 62.649820
4 8 43.739087 52.801515
6 9 32.159086 52.801515
6 7 34.663880 25.806976
8 10 45.682793 15.264338
