11 10 19555 2575 20
86 55 48.748462 49.494844 31.029906
78 84 41.087224 34.465332 48.702450
26 30 43.532136 27.602566 46.902309
88 39 38.958042 48.554967 25.833312
6 66 48.581739 26.025686 40.237416
58 57 47.848430 38.536525 45.768934
63 87 36.415011 33.222289 25.571833
78 66 44.311993 36.879941 36.971523
48 98 40.346607 46.241465 46.533659
95 45 26.893615 45.528592 26.734417
56 85 39.732727 39.445148 26.138680
0 9 33.950739 13.453624
0 5 30.906758 28.071338
1 8 36.805197 33.105891
2 9 27.587378 70.611614
2 4 34.900822 41.182521
2 3 43.690608 62.649820
4 8 39.607563 52.801515
6 9 32.313682 52.801515
6 7 49.676709 25.806976
8 10 40.767591 15.264338
