11 10 21857 2802 20
86 55 48.312820 33.434532 43.704475
78 84 41.712882 34.873694 43.233682
26 30 48.064575 43.650920 31.027117
88 39 44.579726 46.667715 40.069077
6 66 28.939600 48.049759 40.504517
58 57 42.078916 26.192903 36.496909
63 87 26.957150 38.724738 46.158595
78 66 29.654338 46.379167 48.688621
48 98 25.069167 47.516681 25.545979
95 45 38.343948 38.796955 48.527492
56 85 26.171733 36.284157 38.416688
0 9 46.741322 13.453624
0 5 35.221001 28.071338
1 8 48.874055 33.105891
2 9 40.403170 70.611614
2 4 25.737868 41.182521
2 3 44.342237 62.649820
4 8 34.928248 52.801515
6 9 33.633318 52.801515
6 7 44.784903 25.806976
8 10 45.268455 15.264338
