9 11 20438 768 20
34 60 24.551624 1.184919 18.707117
68 1 13.212299 14.905338 18.022950
84 62 24.070206 13.469909 22.322162
43 75 18.878320 8.421972 9.251395
39 61 23.772910 16.787878 12.120390
35 58 9.985554 15.440315 19.606556
36 66 17.732123 13.638235 22.812573
66 28 23.301505 5.642278 6.740556
48 43 15.266028 16.320610 16.287246
0 5 18.289430 2.236068
0 4 17.573927 5.099020
1 4 9.734075 66.640828
1 2 2.749105 63.063460
2 8 4.816409 40.706265
2 4 5.535666 45.011110
3 8 3.907709 32.388269
3 5 12.948386 18.788294
4 7 19.870463 42.638011
5 7 5.765473 43.139309
5 6 15.157497 8.062258
