20 27 14307 1616 20
35 45 35.856658 35.710020 29.658725
13 42 38.165756 43.263091 37.643069
33 74 49.371188 26.999201 47.784186
17 73 25.617765 27.665229 34.789215
10 63 38.955065 47.038073 39.841977
81 52 40.203556 49.037155 32.458565
89 62 43.702982 45.993324 28.629805
16 24 37.942757 28.821709 30.488835
49 71 45.895670 26.404111 44.983695
6 25 32.523836 46.643746 39.312137
8 62 38.817201 34.012618 37.186216
25 26 39.912206 26.171950 25.444338
79 71 41.392067 38.936749 27.074423
66 47 36.293150 36.462049 47.110460
34 52 28.159175 43.522507 40.490063
37 23 36.746488 43.101629 30.927853
13 9 30.739796 41.924267 34.931826
61 7 38.191817 41.073053 48.827962
8 64 34.169323 47.395808 45.342683
15 3 37.408833 41.152708 29.112380
0 15 30.582330 22.090722
0 10 30.072377 31.906112
1 16 44.639098 33.000000
1 15 47.688911 30.610456
1 10 27.061865 20.615528
1 9 31.113843 18.384776
1 7 43.845403 18.248288
1 5 49.385377 68.731361
2 13 35.930378 42.638011
2 12 45.875056 46.097722
2 11 43.435883 48.662100
2 3 37.440536 16.031220
4 10 34.303083 2.236068
6 13 34.058553 27.459060
6 12 26.438081 13.453624
7 17 43.799834 48.104054
7 11 25.994918 9.219544
7 10 40.890440 38.832976
8 14 36.975847 24.207437
8 12 25.837547 30.000000
9 18 38.760465 39.051248
9 16 35.962189 17.464249
10 18 32.904629 2.000000
10 13 47.245050 59.908263
12 13 37.209126 27.294688
15 19 28.408644 29.732137
16 19 42.725564 6.324555
