14 16 25153 1017 20
12 12 31.125768 39.693833 42.588656
25 65 40.106142 27.294540 33.573902
32 54 43.393248 36.176177 37.321491
42 97 46.505845 26.229285 46.032953
71 86 32.440599 27.471859 31.958060
83 71 39.450641 26.719741 30.132948
52 2 35.349139 49.148021 31.422484
63 71 43.970636 43.465888 27.125398
35 97 49.816520 36.516473 25.074708
54 84 41.154048 41.112206 30.294057
85 90 42.807258 35.269270 48.313087
20 37 47.333034 48.280399 47.547763
87 86 31.941223 41.295646 44.892609
18 36 40.118911 29.257468 35.683787
0 13 31.148235 24.738634
0 2 42.614592 46.518813
1 9 25.456486 34.669872
1 4 32.073782 50.566788
2 11 34.993205 20.808652
2 10 45.594142 64.070274
2 3 35.033434 44.147480
4 12 38.370300 16.000000
4 5 38.701248 19.209373
5 6 40.378512 75.643903
7 12 38.367238 28.301943
7 11 32.897344 54.817880
7 9 29.612453 15.811388
8 12 42.217682 53.150729
8 10 43.088588 50.487622
10 12 49.846249 4.472136
