18 22 18428 1568 20
12 78 48.676985 25.568024 33.705396
14 27 28.046562 34.894217 27.045970
68 56 44.094901 26.818748 42.246136
56 30 44.468539 43.275781 33.729278
38 4 34.500265 30.549591 42.000959
72 74 27.451122 46.974480 45.730012
49 59 44.802734 28.487923 36.883560
45 62 45.995774 33.812879 35.026818
60 6 26.131409 31.321998 41.083221
71 18 46.076943 39.895740 42.724672
40 43 26.395331 33.498765 48.672091
75 69 37.890163 46.283519 44.917921
85 85 43.175506 37.934441 44.849850
99 51 39.276970 26.694335 48.512482
8 61 42.055643 44.884821 44.655924
70 85 40.655990 30.146470 47.956445
98 27 39.914586 27.715788 36.812535
41 40 37.958232 37.130594 45.417380
0 14 44.294102 17.464249
1 15 43.648097 80.622577
1 10 48.093068 30.528675
1 3 26.943253 42.107007
2 17 42.508085 31.384710
2 7 47.028359 23.769729
3 17 31.400466 18.027756
3 15 48.701897 56.753854
3 8 26.445093 24.331050
3 6 34.128648 29.832868
3 4 45.649261 31.622777
5 15 34.924162 11.180340
5 14 26.171234 65.306967
6 14 45.939557 41.048752
6 12 37.901543 44.407207
7 14 48.365043 37.013511
7 9 33.547437 51.107729
8 17 27.292448 38.948684
8 9 30.316322 16.278821
9 13 28.207902 43.278170
10 11 31.808143 43.600459
14 16 42.563475 96.208108
