9 11 3887 549 20
34 60 4.012851 2.233081 9.128873
68 1 10.907795 17.153998 4.692064
84 62 12.017130 16.196114 4.688582
43 75 20.197999 14.934139 21.175735
39 61 13.161099 9.528853 20.523489
35 58 0.818497 0.850112 13.033526
36 66 3.721041 7.015172 11.381796
66 28 9.459001 3.293680 1.168308
48 43 24.179613 8.299579 2.558780
0 5 5.879308 2.236068
0 4 7.511739 5.099020
1 4 13.646880 66.640828
1 2 0.823285 63.063460
2 8 15.631879 40.706265
2 4 14.898068 45.011110
3 8 0.492206 32.388269
3 5 3.131598 18.788294
4 7 2.821359 42.638011
5 7 3.635452 43.139309
5 6 14.026737 8.062258
