14 16 20333 954 20
12 12 33.421181 31.026412 41.796466
25 65 38.755824 40.477298 28.379157
32 54 46.520020 35.607856 31.956884
42 97 26.286408 41.139252 46.961140
71 86 44.729162 47.163421 30.209454
83 71 37.796472 35.576475 40.427898
52 2 42.001891 42.339635 39.345062
63 71 49.694150 45.898346 32.924220
35 97 31.228893 25.864679 33.837693
54 84 49.138080 36.154460 38.393733
85 90 26.420737 46.414954 36.850134
20 37 28.832864 28.967470 42.385700
87 86 27.910691 37.305768 49.361775
18 36 45.384688 32.597301 45.772178
0 13 31.643051 24.738634
0 2 28.055761 46.518813
1 9 32.075782 34.669872
1 4 33.648276 50.566788
2 11 42.193759 20.808652
2 10 39.419709 64.070274
2 3 40.165809 44.147480
4 12 44.460438 16.000000
4 5 44.146430 19.209373
5 6 39.130774 75.643903
7 12 42.139886 28.301943
7 11 38.597801 54.817880
7 9 28.986677 15.811388
8 12 27.740144 53.150729
8 10 45.954654 50.487622
10 12 36.817027 4.472136
