15 19 18928 1533 20
74 69 43.570825 42.989430 27.163198
82 86 32.240666 40.654842 34.748218
93 43 46.572664 28.083489 33.966369
26 23 28.067965 45.105805 28.438825
90 50 27.490600 25.249092 41.509914
20 19 33.162036 45.713202 36.697448
91 26 28.296750 44.862864 46.800154
26 11 48.883838 41.943046 42.000883
37 22 49.470711 31.064780 34.881038
94 31 34.999459 29.374981 49.314920
51 13 47.197196 37.206897 49.117661
85 77 35.546133 48.292168 27.485626
72 56 38.855820 36.647426 34.506551
33 8 31.338205 49.672760 26.322216
9 9 34.376887 35.215946 48.124367
0 11 38.459138 13.601471
0 4 25.227811 24.839485
0 2 41.846942 32.202484
1 9 38.330227 56.293872
1 2 33.830329 44.384682
2 12 43.880477 24.698178
2 6 40.427586 17.117243
2 4 42.112472 7.615773
3 8 37.675223 11.045361
4 11 32.916370 27.459060
4 5 38.535799 76.557168
5 7 33.385494 10.000000
6 9 46.905584 5.830952
7 13 37.934831 7.615773
7 10 48.288388 25.079872
8 10 29.022891 16.643317
10 13 34.087566 18.681542
11 12 27.996726 24.698178
13 14 44.392456 24.020824
