13 17 15250 5416 20
93 57 49.367099 26.211674 49.600662
41 71 28.697993 36.625840 46.331338
57 70 33.193257 33.213560 47.322374
91 58 39.609320 37.903012 30.759041
54 58 45.913631 33.783078 35.019878
38 57 43.100011 35.573995 32.983077
91 9 40.273222 49.776696 31.385306
79 51 36.955912 35.654982 33.857946
5 54 44.226178 40.645311 28.187770
16 79 28.228479 39.875480 47.244614
49 93 26.894998 31.648094 48.151365
37 14 40.860386 39.593973 46.815240
82 11 27.048330 45.156303 35.274112
0 12 43.910114 47.296934
0 5 44.822106 55.000000
0 3 32.992069 2.236068
0 2 30.802057 38.275318
0 1 41.064349 53.851648
1 10 31.642282 23.409400
1 3 25.998115 51.662365
3 7 44.630327 13.892444
3 6 25.508771 49.000000
4 9 38.762310 43.416587
4 7 43.918210 25.961510
5 7 45.454623 41.436699
6 12 36.643248 9.219544
7 10 38.942837 51.613952
8 9 40.173064 27.313001
9 10 33.363492 35.846897
11 12 36.092523 45.099889
