20 27 20555 897 20
35 45 44.460709 44.113398 49.411317
13 42 25.300391 28.934036 35.291492
33 74 48.679998 31.918483 31.582225
17 73 43.589079 45.812472 28.822852
10 63 36.628204 28.378315 35.962237
81 52 25.726704 33.595590 49.962996
89 62 46.159078 48.035755 44.150991
16 24 29.976150 31.856487 31.617752
49 71 49.878368 35.436539 27.523990
6 25 46.880036 39.612267 48.243980
8 62 25.517260 34.693040 37.019230
25 26 39.173388 36.978697 36.577721
79 71 26.264084 28.347964 31.763948
66 47 48.382561 43.420097 29.182124
34 52 32.471437 33.182604 38.763788
37 23 27.575931 42.589564 29.566591
13 9 38.947834 42.113823 34.108747
61 7 38.629498 30.220921 42.913746
8 64 37.142727 44.438575 44.414794
15 3 41.154752 25.067701 32.539805
0 15 33.833562 22.090722
0 10 34.089640 31.906112
1 16 30.856956 33.000000
1 15 29.092948 30.610456
1 10 38.877762 20.615528
1 9 29.016828 18.384776
1 7 49.379914 18.248288
1 5 25.397024 68.731361
2 13 46.407801 42.638011
2 12 35.817172 46.097722
2 11 33.581844 48.662100
2 3 30.562846 16.031220
4 10 35.117681 2.236068
6 13 46.019522 27.459060
6 12 43.632767 13.453624
7 17 43.555124 48.104054
7 11 27.701866 9.219544
7 10 49.834405 38.832976
8 14 31.636885 24.207437
8 12 26.524863 30.000000
9 18 44.419745 39.051248
9 16 48.324788 17.464249
10 18 30.570179 2.000000
10 13 39.003164 59.908263
12 13 41.688664 27.294688
15 19 25.091189 29.732137
16 19 43.843847 6.324555
