20 27 23875 1920 20
35 45 41.557023 37.554587 36.579856
13 42 25.533764 27.625125 37.706742
33 74 43.950221 38.772608 47.083848
17 73 37.632566 37.430447 35.567632
10 63 47.081184 35.052770 47.787802
81 52 27.160450 38.163766 49.583208
89 62 28.146550 35.275145 36.530603
16 24 36.187855 32.437847 49.455771
49 71 43.597117 33.238502 44.586582
6 25 28.660898 40.599358 44.038317
8 62 46.683193 30.369382 44.269328
25 26 47.473480 40.225096 33.066746
79 71 30.577640 48.583207 43.691281
66 47 45.465603 26.111368 39.706006
34 52 32.442717 49.834216 47.643544
37 23 41.297643 48.867216 36.590803
13 9 49.644674 41.449547 34.447835
61 7 30.484260 25.747518 47.724049
8 64 31.360024 37.765313 26.102149
15 3 36.660131 39.148342 31.032935
0 15 40.967649 22.090722
0 10 32.395694 31.906112
1 16 47.773017 33.000000
1 15 31.004569 30.610456
1 10 28.294149 20.615528
1 9 25.248183 18.384776
1 7 34.441379 18.248288
1 5 34.199451 68.731361
2 13 49.623715 42.638011
2 12 27.295312 46.097722
2 11 38.490569 48.662100
2 3 33.287510 16.031220
4 10 39.878761 2.236068
6 13 31.570497 27.459060
6 12 32.622647 13.453624
7 17 48.491648 48.104054
7 11 31.817001 9.219544
7 10 46.569206 38.832976
8 14 44.354415 24.207437
8 12 44.666257 30.000000
9 18 41.502150 39.051248
9 16 37.452406 17.464249
10 18 26.515876 2.000000
10 13 40.729180 59.908263
12 13 48.043506 27.294688
15 19 42.549321 29.732137
16 19 27.401795 6.324555
