13 17 16615 2511 20
93 57 37.806331 34.218198 42.824736
41 71 46.422079 29.494971 42.549476
57 70 36.144169 41.791603 38.159351
91 58 44.053290 29.849518 33.105355
54 58 31.872015 47.179027 27.313330
38 57 32.453409 31.238059 43.889961
91 9 40.917688 28.938280 29.629614
79 51 44.558245 46.766916 44.791445
5 54 48.039329 28.640089 39.291226
16 79 49.908460 38.299323 48.855737
49 93 34.449472 36.811049 27.917395
37 14 31.930785 41.172625 44.324169
82 11 37.166153 47.031286 39.463194
0 12 43.691518 47.296934
0 5 41.456386 55.000000
0 3 30.396857 2.236068
0 2 27.227395 38.275318
0 1 29.246337 53.851648
1 10 37.424775 23.409400
1 3 47.328271 51.662365
3 7 35.069178 13.892444
3 6 41.548446 49.000000
4 9 40.930918 43.416587
4 7 49.187250 25.961510
5 7 26.348447 41.436699
6 12 35.615763 9.219544
7 10 38.360494 51.613952
8 9 44.829787 27.313001
9 10 29.579443 35.846897
11 12 36.539972 45.099889
