18 22 14461 987 20
12 78 33.180214 47.826638 39.462810
14 27 33.466433 38.918167 48.147812
68 56 48.445293 43.497616 29.914555
56 30 30.474060 32.041106 47.463075
38 4 46.786446 25.147071 28.528942
72 74 48.621339 36.060323 34.310626
49 59 38.403102 33.806524 43.189000
45 62 44.524389 35.681275 34.242952
60 6 40.480566 26.144162 29.560111
71 18 46.115607 28.679135 26.609997
40 43 31.782267 37.089702 31.650857
75 69 25.486165 37.084532 33.840139
85 85 25.703815 42.003057 43.915955
99 51 41.727279 36.424813 25.809972
8 61 47.526089 29.324308 33.268399
70 85 26.781342 29.240535 49.030839
98 27 45.594444 48.554711 35.564981
41 40 27.862591 29.521422 27.840300
0 14 44.763470 17.464249
1 15 32.422098 80.622577
1 10 27.575830 30.528675
1 3 48.869409 42.107007
2 17 40.048580 31.384710
2 7 47.470658 23.769729
3 17 45.977859 18.027756
3 15 34.709480 56.753854
3 8 26.198813 24.331050
3 6 41.138893 29.832868
3 4 30.096195 31.622777
5 15 39.443791 11.180340
5 14 25.337933 65.306967
6 14 33.713134 41.048752
6 12 28.863439 44.407207
7 14 46.922502 37.013511
7 9 35.301721 51.107729
8 17 32.874869 38.948684
8 9 44.605360 16.278821
9 13 45.663262 43.278170
10 11 41.554038 43.600459
14 16 28.221291 96.208108
