13 17 13230 774 20
93 57 38.439209 41.795922 41.575895
41 71 31.598149 45.448563 27.386303
57 70 47.805063 32.723431 25.170647
91 58 30.810508 25.991407 40.605103
54 58 41.759602 36.193926 43.684055
38 57 46.152206 28.153058 40.939340
91 9 28.270405 37.312739 34.622199
79 51 41.645526 26.404738 28.565437
5 54 26.400196 27.432915 43.720685
16 79 44.815529 34.155088 47.252748
49 93 36.839394 43.814367 41.138540
37 14 26.220584 46.134799 35.126611
82 11 45.115829 29.618936 38.774276
0 12 47.600872 47.296934
0 5 41.358319 55.000000
0 3 29.765351 2.236068
0 2 43.128091 38.275318
0 1 29.517912 53.851648
1 10 38.829468 23.409400
1 3 43.219774 51.662365
3 7 37.231592 13.892444
3 6 36.391591 49.000000
4 9 30.985764 43.416587
4 7 28.026076 25.961510
5 7 25.039020 41.436699
6 12 38.190721 9.219544
7 10 48.020864 51.613952
8 9 31.225052 27.313001
9 10 42.593974 35.846897
11 12 31.772016 45.099889
