14 16 18357 1394 20
12 12 31.162238 45.332998 49.520592
25 65 28.859355 36.579048 26.450108
32 54 46.302560 34.158749 33.375117
42 97 30.221407 28.781598 46.477211
71 86 36.631851 26.291035 34.189772
83 71 35.012359 33.168221 47.734415
52 2 45.045092 31.270510 29.600838
63 71 30.333145 32.726177 40.468784
35 97 44.034480 35.876779 34.571274
54 84 44.032334 46.477852 37.029306
85 90 26.626782 33.954805 37.759656
20 37 31.249424 28.290080 46.790618
87 86 30.865613 33.053504 43.746840
18 36 49.141867 25.935493 39.655597
0 13 32.943859 24.738634
0 2 33.105011 46.518813
1 9 31.305352 34.669872
1 4 46.218037 50.566788
2 11 40.221429 20.808652
2 10 40.386592 64.070274
2 3 25.223979 44.147480
4 12 39.961104 16.000000
4 5 46.097013 19.209373
5 6 32.065334 75.643903
7 12 36.571586 28.301943
7 11 42.298672 54.817880
7 9 27.639938 15.811388
8 12 25.840232 53.150729
8 10 47.650492 50.487622
10 12 32.376704 4.472136
