18 22 18642 2812 20
12 78 44.374880 44.050189 36.171476
14 27 46.271346 39.547910 39.179866
68 56 26.321809 44.843136 27.802984
56 30 42.514727 45.720604 47.497926
38 4 42.558914 35.707460 35.264061
72 74 27.828912 30.685188 36.991361
49 59 40.870056 42.284969 47.139728
45 62 47.595987 31.353471 41.848352
60 6 49.248782 34.694270 49.564173
71 18 28.610914 27.600232 42.347844
40 43 45.969913 47.810456 36.551838
75 69 33.987340 35.881417 30.422558
85 85 43.988597 33.245944 31.632738
99 51 29.541164 43.010334 30.023351
8 61 31.494829 44.675016 49.212364
70 85 30.057559 38.164112 48.583593
98 27 25.908916 31.984667 38.958695
41 40 33.378600 49.287389 28.192940
0 14 30.055033 17.464249
1 15 45.510631 80.622577
1 10 45.983112 30.528675
1 3 37.834082 42.107007
2 17 42.541445 31.384710
2 7 28.935700 23.769729
3 17 43.643921 18.027756
3 15 45.835305 56.753854
3 8 33.528963 24.331050
3 6 26.396361 29.832868
3 4 35.956862 31.622777
5 15 33.423590 11.180340
5 14 40.180066 65.306967
6 14 46.994679 41.048752
6 12 33.045473 44.407207
7 14 31.929942 37.013511
7 9 29.564228 51.107729
8 17 31.361355 38.948684
8 9 33.276086 16.278821
9 13 25.107365 43.278170
10 11 40.117523 43.600459
14 16 41.207318 96.208108
