12 13 15500 1714 20
63 85 44.935766 26.999958 32.012813
89 66 48.232336 38.844225 38.322919
57 26 27.705335 27.144759 47.024561
63 41 42.424330 31.041030 38.388697
42 11 32.311879 27.478550 35.674722
72 60 27.098825 33.159323 33.298585
19 21 27.096371 28.245790 27.554349
67 52 26.932674 42.334076 42.314836
21 55 46.065625 43.905576 42.988153
12 47 29.875633 37.443356 35.987769
8 53 39.131809 32.312493 37.698347
52 75 33.762052 31.625245 45.511720
0 11 37.852383 14.866069
0 10 28.595220 63.631753
0 8 37.642536 51.613952
1 11 27.417232 38.078866
1 8 28.878911 68.883960
1 5 25.645761 18.027756
1 4 25.885016 72.346389
1 3 35.206624 36.069378
2 4 34.056454 21.213203
3 7 36.942871 11.704700
6 10 33.432916 33.837849
7 9 47.338611 55.226805
9 10 39.438806 7.211103
