10 10 18285 3356 20
13 81 42.302684 48.771379 28.736315
80 78 29.833509 29.342362 41.443485
22 73 25.745176 36.866611 42.934690
85 16 25.732899 31.083912 38.664467
50 19 39.813398 28.188697 39.319945
8 50 47.075530 44.614650 28.659225
73 85 48.108528 38.559390 33.878116
71 58 42.986827 46.579602 49.610066
79 14 30.640487 29.089138 29.395175
79 82 46.748103 26.458762 29.579637
0 2 38.452645 12.041595
1 9 27.716837 4.123106
1 6 45.307775 9.899495
2 8 44.654508 82.036577
2 7 48.959332 51.244512
3 8 25.477553 6.324555
4 9 35.126785 69.354164
5 8 46.257825 79.605276
6 9 26.159777 6.708204
7 9 36.449870 25.298221
