16 22 18714 3897 20
21 24 46.346716 40.192152 34.601452
48 36 30.808530 38.385655 31.929406
61 43 41.025676 41.599298 43.712519
20 65 39.095222 31.229220 45.094970
45 8 44.689826 33.503469 42.775777
62 16 45.506871 44.727927 33.451508
79 31 37.772904 33.235182 44.394506
37 37 37.323582 32.972664 47.988098
57 51 34.175097 41.170549 47.219974
28 71 39.195086 39.928590 32.170995
4 34 39.801476 46.373453 32.871516
12 12 26.259736 39.056460 30.666369
60 41 36.368664 36.488498 30.367588
98 82 35.415766 39.625666 45.561985
44 26 49.905289 38.978567 49.632332
75 47 48.558615 35.698124 32.899305
0 11 39.839508 15.000000
0 3 47.438966 41.012193
1 12 48.302819 13.000000
1 9 49.483191 40.311289
1 3 39.266689 40.311289
1 2 27.600424 14.764823
2 15 30.557528 14.560220
2 12 46.442634 2.236068
2 8 39.586602 8.944272
2 5 34.809497 27.018512
2 4 44.536690 38.483763
3 14 30.905757 45.793013
3 11 38.482471 53.600373
5 14 35.301750 20.591260
6 14 47.897882 35.355339
7 14 48.601358 13.038405
8 14 46.704930 28.178006
8 13 41.856964 51.400389
9 10 29.266732 44.102154
10 15 47.602918 72.180330
10 11 30.410424 23.409400
12 15 36.979947 16.155494
