10 10 20444 609 20
13 81 37.559000 31.596062 25.183357
80 78 26.985851 27.377607 38.745339
22 73 47.197546 29.496819 25.417645
85 16 48.744007 41.784458 48.705039
50 19 45.391197 43.317920 46.224245
8 50 28.437261 30.981269 25.093806
73 85 30.082016 33.282762 47.747059
71 58 25.372808 39.386447 26.636406
79 14 47.454178 41.241435 28.084592
79 82 41.385922 47.287349 33.697173
0 2 44.912827 12.041595
1 9 27.432688 4.123106
1 6 42.086631 9.899495
2 8 45.045413 82.036577
2 7 27.724220 51.244512
3 8 26.603451 6.324555
4 9 42.421902 69.354164
5 8 42.333890 79.605276
6 9 27.725827 6.708204
7 9 31.466350 25.298221
