14 16 23625 1823 20
12 12 45.119258 28.057789 33.015715
25 65 27.985408 36.152642 47.515189
32 54 25.013165 36.765972 32.292292
42 97 43.667510 45.811747 48.963384
71 86 41.876688 34.015964 44.699744
83 71 39.401944 47.378953 41.793998
52 2 26.157747 38.596868 33.759293
63 71 37.818079 38.013216 28.892712
35 97 28.197503 26.015081 49.015907
54 84 37.894177 28.096977 44.279584
85 90 42.319343 26.494084 34.627106
20 37 27.231460 28.185053 41.653671
87 86 32.766419 46.896640 45.702996
18 36 33.909263 37.144245 46.909533
0 13 44.662057 24.738634
0 2 33.431450 46.518813
1 9 47.712869 34.669872
1 4 31.335609 50.566788
2 11 42.652817 20.808652
2 10 41.843556 64.070274
2 3 41.349838 44.147480
4 12 45.055326 16.000000
4 5 26.378138 19.209373
5 6 43.699734 75.643903
7 12 29.151411 28.301943
7 11 29.335042 54.817880
7 9 33.114715 15.811388
8 12 36.805351 53.150729
8 10 47.631639 50.487622
10 12 48.365816 4.472136
