9 11 20585 2088 20
34 60 14.949209 11.595518 7.781820
68 1 0.742422 20.107900 11.313375
84 62 6.611950 0.173343 14.976077
43 75 24.893892 5.058456 18.152356
39 61 12.812951 5.121794 7.276876
35 58 24.087525 17.516485 24.232499
36 66 0.788755 20.679740 12.179791
66 28 19.139825 6.454525 15.546744
48 43 12.774201 15.412466 24.936984
0 5 3.317760 2.236068
0 4 20.258208 5.099020
1 4 0.667159 66.640828
1 2 13.195167 63.063460
2 8 3.942893 40.706265
2 4 8.634518 45.011110
3 8 16.501487 32.388269
3 5 3.599532 18.788294
4 7 4.294325 42.638011
5 7 24.490947 43.139309
5 6 18.761500 8.062258
