12 13 24714 3601 20
63 85 36.761413 37.816507 34.043772
89 66 25.908140 37.878665 41.901146
57 26 43.030556 45.821315 41.908571
63 41 42.942012 43.816885 48.692191
42 11 43.482729 37.531899 40.439814
72 60 32.450498 47.893981 26.230534
19 21 42.733381 26.541579 48.722565
67 52 33.640638 30.928353 27.133130
21 55 27.755579 44.996348 29.882025
12 47 33.976756 35.168856 32.964908
8 53 29.983192 46.793837 28.167698
52 75 45.662322 33.185483 25.045872
0 11 49.824689 14.866069
0 10 26.527454 63.631753
0 8 41.287115 51.613952
1 11 31.281741 38.078866
1 8 49.073033 68.883960
1 5 33.043635 18.027756
1 4 47.107006 72.346389
1 3 49.911301 36.069378
2 4 37.827339 21.213203
3 7 30.236864 11.704700
6 10 26.521106 33.837849
7 9 48.314336 55.226805
9 10 39.403525 7.211103
