14 16 20000 3602 20
12 12 39.591129 48.833235 37.004039
25 65 25.559436 25.366018 38.143875
32 54 25.218342 36.452369 36.330885
42 97 26.779789 44.900555 44.692246
71 86 37.080653 36.215083 41.316872
83 71 31.013095 36.040402 44.602287
52 2 40.245925 40.526709 44.002839
63 71 29.052751 36.268499 41.266454
35 97 25.495152 31.314303 37.664593
54 84 44.889683 27.877050 31.567974
85 90 32.582105 28.099628 43.573948
20 37 40.504350 39.466941 41.596395
87 86 34.155791 38.627923 44.093057
18 36 40.575815 34.237890 31.551840
0 13 45.537538 24.738634
0 2 39.948469 46.518813
1 9 33.500634 34.669872
1 4 48.055923 50.566788
2 11 40.703665 20.808652
2 10 27.126599 64.070274
2 3 29.027526 44.147480
4 12 44.479688 16.000000
4 5 32.271022 19.209373
5 6 36.245759 75.643903
7 12 47.918654 28.301943
7 11 47.982837 54.817880
7 9 49.310600 15.811388
8 12 26.949407 53.150729
8 10 28.827922 50.487622
10 12 26.969696 4.472136
