9 11 24269 735 20
34 60 4.684472 14.565662 2.408379
68 1 15.290138 12.439831 24.138763
84 62 15.511329 18.098317 13.099872
43 75 8.240420 15.494448 24.249786
39 61 13.568129 1.304647 8.680409
35 58 12.602420 19.283100 10.298246
36 66 1.280704 4.173108 12.321746
66 28 8.930883 6.291081 17.725075
48 43 1.462879 0.216850 11.410455
0 5 23.289782 2.236068
0 4 24.475997 5.099020
1 4 18.656614 66.640828
1 2 21.756847 63.063460
2 8 0.656532 40.706265
2 4 11.979618 45.011110
3 8 15.574462 32.388269
3 5 19.673876 18.788294
4 7 18.553791 42.638011
5 7 14.478161 43.139309
5 6 14.516706 8.062258
