9 11 3378 936 20
34 60 23.394195 17.505382 14.061492
68 1 2.103585 7.415716 11.922905
84 62 7.393956 17.768843 21.443030
43 75 4.133043 23.442122 16.030704
39 61 8.363442 1.173332 1.264870
35 58 7.714520 10.482440 14.003757
36 66 16.447688 3.402940 13.956869
66 28 19.615836 3.405365 1.128997
48 43 24.647073 0.247780 18.493135
0 5 23.516793 2.236068
0 4 22.258793 5.099020
1 4 17.189666 66.640828
1 2 1.931003 63.063460
2 8 23.380770 40.706265
2 4 11.270842 45.011110
3 8 17.008473 32.388269
3 5 17.763943 18.788294
4 7 16.613524 42.638011
5 7 19.374964 43.139309
5 6 11.736226 8.062258
