19 20 16769 2183 20
10 84 25.140354 47.488016 46.520838
3 72 28.287625 37.035138 37.402171
4 42 35.679858 41.244784 40.403750
69 21 26.011074 44.938495 26.351407
21 30 32.417250 47.485697 31.134426
9 16 38.359336 32.394005 38.074634
9 90 32.890940 25.439871 36.679466
71 9 45.084991 43.056752 46.382743
1 93 30.241086 38.882218 25.303133
45 45 29.952546 40.671330 30.875784
47 73 35.651215 47.400623 49.978427
27 80 46.809818 38.813469 33.869411
98 11 46.386524 44.043504 41.524754
0 40 35.054044 34.313057 33.648492
20 20 42.605399 30.342216 39.140878
41 96 33.683465 48.952126 44.207687
58 41 33.877730 31.571796 41.547783
82 52 26.322865 30.214548 34.617298
63 92 27.040680 43.609379 46.463510
0 15 26.940776 33.241540
1 11 46.088393 25.298221
2 8 42.670998 51.088159
3 16 36.596498 22.825424
3 12 49.867780 30.675723
3 9 27.264863 33.941125
3 7 31.014396 12.165525
3 6 44.347506 91.438504
4 13 26.848012 23.259407
5 14 30.219852 11.704700
6 15 26.709394 32.557641
6 10 27.111647 41.629317
7 18 33.502383 83.384651
7 16 34.412798 34.539832
8 15 48.164038 40.112342
9 14 26.835311 35.355339
9 11 41.322117 39.357337
10 13 36.932292 57.428216
14 17 39.019716 69.771054
14 16 28.259478 43.416587
