15 19 13923 3631 20
74 69 28.632922 31.204297 45.121329
82 86 33.083282 46.558446 45.051679
93 43 27.516078 45.922803 46.322408
26 23 30.278234 44.552480 37.786028
90 50 35.686377 34.441654 43.661916
20 19 36.943439 37.021887 27.831955
91 26 34.805693 38.351977 45.944222
26 11 27.872253 36.694407 36.065790
37 22 26.772610 29.029801 42.894559
94 31 39.232309 32.922301 25.580600
51 13 48.346335 49.226442 31.208797
85 77 35.454214 46.509166 48.539537
72 56 30.278099 29.098904 25.507819
33 8 39.927388 29.988886 26.527143
9 9 26.843914 48.521645 42.898045
0 11 48.654045 13.601471
0 4 34.920795 24.839485
0 2 44.855506 32.202484
1 9 28.945942 56.293872
1 2 27.963606 44.384682
2 12 49.301577 24.698178
2 6 38.331562 17.117243
2 4 29.405826 7.615773
3 8 37.796742 11.045361
4 11 46.737508 27.459060
4 5 27.361073 76.557168
5 7 39.445703 10.000000
6 9 44.434386 5.830952
7 13 34.913323 7.615773
7 10 45.804834 25.079872
8 10 33.143724 16.643317
10 13 32.311245 18.681542
11 12 33.154929 24.698178
13 14 36.351516 24.020824
