11 10 14615 4311 20
86 55 47.847178 45.752884 44.800698
78 84 36.047103 26.476601 34.621443
26 30 46.268834 30.101409 47.118666
88 39 37.644272 31.122349 49.415942
6 66 46.066738 34.299203 38.665986
58 57 27.080969 48.945649 37.735220
63 87 33.996828 33.309915 26.744195
78 66 30.307954 29.737446 43.852609
48 98 33.700578 32.928086 35.532792
95 45 42.988946 40.238468 46.824727
56 85 47.997964 34.341578 35.638544
0 9 26.808170 13.453624
0 5 38.182200 28.071338
1 8 46.081348 33.105891
2 9 33.531658 70.611614
2 4 42.316327 41.182521
2 3 47.960275 62.649820
4 8 37.179097 52.801515
6 9 41.626147 52.801515
6 7 43.831068 25.806976
8 10 30.034257 15.264338
