14 16 3888 533 20
12 12 42.271651 44.473877 32.630315
25 65 47.919014 48.271694 43.535689
32 54 48.697246 29.569970 49.265256
42 97 26.306380 26.439050 46.684141
71 86 45.919648 37.267120 37.530502
83 71 41.021680 49.981309 33.990887
52 2 26.274904 37.661890 33.618734
63 71 44.891952 49.134287 45.176424
35 97 47.178614 35.506153 47.285653
54 84 44.022382 34.975573 35.713350
85 90 37.243956 45.422834 43.549736
20 37 45.607477 49.631594 48.798673
87 86 34.669344 47.063335 25.715613
18 36 46.850928 30.667266 34.649725
0 13 31.176524 24.738634
0 2 37.397706 46.518813
1 9 34.362095 34.669872
1 4 49.309814 50.566788
2 11 43.154513 20.808652
2 10 44.325248 64.070274
2 3 30.943420 44.147480
4 12 47.257507 16.000000
4 5 43.008656 19.209373
5 6 36.111613 75.643903
7 12 45.514171 28.301943
7 11 44.354571 54.817880
7 9 33.881472 15.811388
8 12 42.205890 53.150729
8 10 44.592808 50.487622
10 12 36.737077 4.472136
