13 17 31769 3087 20
93 57 46.862572 32.648107 40.757288
41 71 48.335203 46.079300 47.394697
57 70 25.991908 32.082736 40.336342
91 58 40.835499 36.474471 44.591177
54 58 41.853072 37.613860 27.183405
38 57 38.734144 41.102908 28.814852
91 9 29.667940 33.094304 35.370190
79 51 29.989073 37.995962 42.623370
5 54 41.672431 35.359399 34.963029
16 79 42.994091 33.205132 35.542271
49 93 39.386432 27.189575 39.300965
37 14 45.821893 40.192315 46.990870
82 11 26.117907 28.275947 40.571966
0 12 46.168802 47.296934
0 5 42.570002 55.000000
0 3 31.826583 2.236068
0 2 46.542705 38.275318
0 1 36.242965 53.851648
1 10 44.717575 23.409400
1 3 32.390361 51.662365
3 7 46.905618 13.892444
3 6 29.897029 49.000000
4 9 35.149486 43.416587
4 7 44.675359 25.961510
5 7 31.600002 41.436699
6 12 44.816107 9.219544
7 10 26.915650 51.613952
8 9 44.663993 27.313001
9 10 42.493580 35.846897
11 12 37.181777 45.099889
