11 10 25461 3642 20
86 55 42.306610 32.024148 47.572749
78 84 40.695057 32.232668 38.404177
26 30 27.854298 42.030797 29.700576
88 39 42.303135 37.320458 47.089348
6 66 31.976171 44.338923 25.040885
58 57 30.870595 25.848062 49.855731
63 87 44.090129 43.442924 42.941153
78 66 32.754239 26.687356 48.482111
48 98 27.887745 29.556122 42.291765
95 45 43.767507 40.196394 34.530624
56 85 48.396348 33.475184 36.638078
0 9 29.781744 13.453624
0 5 32.628623 28.071338
1 8 27.445221 33.105891
2 9 27.264201 70.611614
2 4 42.841118 41.182521
2 3 40.445035 62.649820
4 8 30.496307 52.801515
6 9 32.510202 52.801515
6 7 37.863511 25.806976
8 10 38.594322 15.264338
