9 11 30709 597 20
34 60 4.380747 20.297801 2.840711
68 1 21.660605 24.800075 16.556386
84 62 16.863793 16.015568 11.722990
43 75 14.295135 3.120602 22.818259
39 61 3.216356 6.375892 24.249295
35 58 0.715684 11.996169 20.909606
36 66 13.768444 18.170894 18.562582
66 28 6.999943 3.863805 15.710198
48 43 18.994465 2.559993 12.011127
0 5 18.352044 2.236068
0 4 24.301914 5.099020
1 4 10.375780 66.640828
1 2 23.306726 63.063460
2 8 21.254441 40.706265
2 4 1.064076 45.011110
3 8 19.717822 32.388269
3 5 24.534681 18.788294
4 7 19.349521 42.638011
5 7 6.159816 43.139309
5 6 19.183971 8.062258
