20 27 33833 1853 20
35 45 41.556419 28.588590 39.730575
13 42 33.086600 32.529808 30.659026
33 74 33.768653 37.605749 29.739324
17 73 40.992694 30.005837 34.357645
10 63 46.865352 29.535133 45.159868
81 52 34.705414 43.872569 37.363861
89 62 28.054026 44.948525 45.103797
16 24 26.347282 25.319907 47.986965
49 71 38.533664 42.578638 46.335478
6 25 26.364261 43.521813 34.018733
8 62 26.048314 40.659441 43.470613
25 26 45.425090 41.518122 41.945294
79 71 25.680483 45.095723 44.988403
66 47 49.543468 31.058800 43.184847
34 52 40.485577 27.449188 30.647866
37 23 44.259097 45.809261 28.409861
13 9 29.696832 44.696957 47.604175
61 7 28.407891 43.542855 35.184588
8 64 34.301403 32.057931 41.427776
15 3 33.082006 27.536331 48.375368
0 15 38.679739 22.090722
0 10 42.103531 31.906112
1 16 37.190635 33.000000
1 15 46.402172 30.610456
1 10 34.190530 20.615528
1 9 45.255470 18.384776
1 7 29.693878 18.248288
1 5 43.132928 68.731361
2 13 35.143764 42.638011
2 12 40.925577 46.097722
2 11 33.625961 48.662100
2 3 38.889553 16.031220
4 10 48.612344 2.236068
6 13 48.854364 27.459060
6 12 33.777596 13.453624
7 17 43.889664 48.104054
7 11 30.344127 9.219544
7 10 43.316561 38.832976
8 14 43.505631 24.207437
8 12 41.540685 30.000000
9 18 48.159543 39.051248
9 16 27.232290 17.464249
10 18 27.967247 2.000000
10 13 27.653390 59.908263
12 13 46.580056 27.294688
15 19 45.744993 29.732137
16 19 28.691096 6.324555
