9 11 29190 1283 20
34 60 12.287539 5.922538 0.334912
68 1 10.398815 22.102881 14.037971
84 62 8.653809 17.032315 18.621995
43 75 17.995003 10.547160 10.630834
39 61 9.556997 3.950534 5.678792
35 58 23.596311 3.178951 18.992766
36 66 7.487445 10.388456 12.516127
66 28 8.266699 11.760430 22.076188
48 43 0.450273 13.706147 10.043880
0 5 6.680418 2.236068
0 4 10.688814 5.099020
1 4 6.431912 66.640828
1 2 24.625607 63.063460
2 8 8.201865 40.706265
2 4 10.205720 45.011110
3 8 15.359087 32.388269
3 5 3.429652 18.788294
4 7 1.589808 42.638011
5 7 20.380307 43.139309
5 6 9.564458 8.062258
