11 10 28428 1430 20
86 55 25.068484 25.643329 28.526382
78 84 43.215141 25.650037 32.260594
26 30 34.947735 49.237803 29.434357
88 39 48.619428 35.725147 40.795357
6 66 25.347699 38.558307 34.601604
58 57 34.564960 37.856938 30.549207
63 87 43.269569 41.763430 33.923563
78 66 31.613432 41.103524 28.144596
48 98 29.640352 32.063207 49.766035
95 45 25.548643 34.966341 38.257782
56 85 36.861035 44.541133 27.042430
0 9 36.940157 13.453624
0 5 27.859510 28.071338
1 8 25.109933 33.105891
2 9 48.374591 70.611614
2 4 39.008486 41.182521
2 3 31.378846 62.649820
4 8 33.957138 52.801515
6 9 41.872365 52.801515
6 7 40.664509 25.806976
8 10 27.267606 15.264338
