9 11 31669 2040 20
34 60 1.608495 24.725762 23.956310
68 1 12.647450 7.954901 11.785333
84 62 7.735231 3.956446 20.373802
43 75 7.544861 3.205289 11.585291
39 61 3.033793 16.499394 20.846925
35 58 13.687453 15.786508 12.210805
36 66 3.194962 11.685682 7.935427
66 28 11.054430 8.055760 11.009278
48 43 20.968185 2.805587 10.904049
0 5 8.665160 2.236068
0 4 7.064411 5.099020
1 4 9.664845 66.640828
1 2 8.837622 63.063460
2 8 23.076151 40.706265
2 4 3.721837 45.011110
3 8 8.729241 32.388269
3 5 12.683094 18.788294
4 7 0.928524 42.638011
5 7 8.468555 43.139309
5 6 16.036634 8.062258
