9 11 25968 400 20
34 60 12.579131 9.897571 7.956512
68 1 7.517615 19.823068 1.568427
84 62 24.071748 7.777385 10.488023
43 75 12.590998 15.928460 9.111587
39 61 0.605966 9.531000 6.810864
35 58 6.564124 24.615849 14.297322
36 66 23.687598 9.693005 9.825361
66 28 22.193957 23.529596 17.128514
48 43 19.967292 24.902763 5.235164
0 5 12.010688 2.236068
0 4 19.677818 5.099020
1 4 6.794916 66.640828
1 2 9.043820 63.063460
2 8 22.325906 40.706265
2 4 3.472279 45.011110
3 8 21.094090 32.388269
3 5 20.654320 18.788294
4 7 7.065323 42.638011
5 7 23.104872 43.139309
5 6 16.345745 8.062258
