9 11 38664 267 20
34 60 14.384069 14.143856 16.783804
68 1 8.752743 6.196242 1.470187
84 62 11.180773 18.616803 3.819964
43 75 7.034636 5.164821 1.728186
39 61 4.661427 21.755064 17.925520
35 58 14.789850 2.048789 13.972757
36 66 17.192313 4.066695 24.207454
66 28 2.532451 21.896413 16.050229
48 43 22.710243 20.021489 10.521947
0 5 13.292735 2.236068
0 4 13.535225 5.099020
1 4 1.823933 66.640828
1 2 10.913851 63.063460
2 8 5.149297 40.706265
2 4 14.111694 45.011110
3 8 0.417985 32.388269
3 5 11.430497 18.788294
4 7 22.133064 42.638011
5 7 0.830212 43.139309
5 6 19.243090 8.062258
