14 16 34250 1235 20
12 12 48.941142 36.880462 40.946621
25 65 26.060841 36.752513 27.294889
32 54 45.044020 36.359923 39.945993
42 97 25.119466 30.020187 30.439908
71 86 30.686166 30.071169 46.079638
83 71 45.018913 34.614647 49.491694
52 2 30.203232 35.510866 48.445561
63 71 30.326413 33.238110 25.849752
35 97 44.566351 42.002185 28.590695
54 84 30.250244 25.010479 49.508861
85 90 35.518605 45.097196 41.780224
20 37 43.756147 27.241204 49.061069
87 86 40.111387 43.776546 33.580323
18 36 30.450353 37.900620 45.709736
0 13 35.967009 24.738634
0 2 29.826228 46.518813
1 9 36.793135 34.669872
1 4 33.559601 50.566788
2 11 28.673492 20.808652
2 10 35.834766 64.070274
2 3 40.945503 44.147480
4 12 49.958770 16.000000
4 5 34.793070 19.209373
5 6 33.995541 75.643903
7 12 49.740834 28.301943
7 11 30.457750 54.817880
7 9 46.483313 15.811388
8 12 25.723847 53.150729
8 10 26.753172 50.487622
10 12 38.944361 4.472136
