10 10 26500 2287 20
13 81 27.411138 40.846135 33.115077
80 78 38.870210 45.915597 35.879017
22 73 35.782572 33.241980 39.049076
85 16 40.908719 30.204877 30.583995
50 19 25.624632 34.660463 29.822391
8 50 40.244330 32.512858 33.980365
73 85 29.052171 30.791981 37.546262
71 58 34.656732 34.585045 40.144093
79 14 25.853426 46.762020 46.196225
79 82 49.451568 40.470209 29.196728
0 2 33.042967 12.041595
1 9 38.566263 4.123106
1 6 42.414815 9.899495
2 8 32.917408 82.036577
2 7 47.631336 51.244512
3 8 36.005077 6.324555
4 9 34.210769 69.354164
5 8 46.947933 79.605276
6 9 37.141010 6.708204
7 9 25.992859 25.298221
