15 19 27384 1005 20
74 69 32.693639 32.412011 29.821969
82 86 44.657419 28.290439 47.354357
93 43 30.458474 48.185597 35.235145
26 23 36.009874 40.363165 36.504969
90 50 41.573613 32.943776 42.841291
20 19 45.084351 42.674356 35.215037
91 26 43.925278 43.453996 49.106514
26 11 42.632985 31.462758 32.097947
37 22 28.856453 26.071585 29.220858
94 31 40.042193 28.415167 29.143673
51 13 40.628238 40.448097 47.181498
85 77 26.204408 46.429694 43.007273
72 56 30.772195 41.340227 25.522709
33 8 30.968490 30.634729 48.260445
9 9 45.759022 26.152732 48.964455
0 11 33.267454 13.601471
0 4 35.598016 24.839485
0 2 25.257405 32.202484
1 9 35.230694 56.293872
1 2 42.899424 44.384682
2 12 49.757963 24.698178
2 6 34.831346 17.117243
2 4 41.182708 7.615773
3 8 48.758814 11.045361
4 11 47.453284 27.459060
4 5 31.041021 76.557168
5 7 43.903998 10.000000
6 9 39.400240 5.830952
7 13 37.172876 7.615773
7 10 35.680779 25.079872
8 10 47.928583 16.643317
10 13 33.000606 18.681542
11 12 33.501306 24.698178
13 14 30.056269 24.020824
