13 17 26700 2910 20
93 57 36.634199 38.986782 48.015524
41 71 40.627163 31.316632 29.980464
57 70 43.757842 25.471749 43.806812
91 58 42.730107 36.337587 32.804677
54 58 28.796447 48.191207 42.064852
38 57 40.709887 30.217638 30.068243
91 9 35.608923 48.780103 46.532678
79 51 34.003854 31.497242 38.999866
5 54 42.412554 36.487981 25.321027
16 79 39.746976 30.440942 32.844806
49 93 34.948280 34.067637 26.670119
37 14 49.179342 33.445820 27.030024
82 11 27.972696 37.394129 35.378129
0 12 44.290121 47.296934
0 5 41.418159 55.000000
0 3 33.700647 2.236068
0 2 28.777933 38.275318
0 1 46.033206 53.851648
1 10 33.764158 23.409400
1 3 26.834599 51.662365
3 7 29.722920 13.892444
3 6 35.822013 49.000000
4 9 31.302679 43.416587
4 7 28.695060 25.961510
5 7 38.350895 41.436699
6 12 49.421689 9.219544
7 10 47.380003 51.613952
8 9 36.886994 27.313001
9 10 38.118236 35.846897
11 12 25.617734 45.099889
