18 22 27307 5043 20
12 78 36.071704 30.758655 32.182851
14 27 33.450498 37.318074 35.685575
68 56 34.101664 27.345426 42.958127
56 30 45.546980 47.557873 43.723229
38 4 35.855974 30.776092 36.019034
72 74 33.802059 34.359245 34.638851
49 59 43.219102 48.387215 41.491979
45 62 45.282869 44.128767 30.512331
60 6 26.589369 39.576113 46.139090
71 18 45.625242 39.502558 46.871086
40 43 41.675864 31.156844 29.973207
75 69 33.631439 27.152687 30.833064
85 85 37.989362 47.180601 45.232070
99 51 45.730172 38.230465 44.773974
8 61 31.099471 27.181319 45.399235
70 85 43.763740 48.287341 42.507249
98 27 49.965749 45.576382 35.581648
41 40 45.263937 44.877245 38.009722
0 14 48.087108 17.464249
1 15 32.598855 80.622577
1 10 38.605822 30.528675
1 3 37.451981 42.107007
2 17 28.373248 31.384710
2 7 28.838297 23.769729
3 17 44.310760 18.027756
3 15 41.022757 56.753854
3 8 30.892327 24.331050
3 6 33.075104 29.832868
3 4 37.746231 31.622777
5 15 35.046485 11.180340
5 14 34.330172 65.306967
6 14 34.109604 41.048752
6 12 35.158442 44.407207
7 14 29.830347 37.013511
7 9 39.214175 51.107729
8 17 47.698870 38.948684
8 9 40.446690 16.278821
9 13 40.901183 43.278170
10 11 45.980383 43.600459
14 16 48.945103 96.208108
