12 13 36909 2615 20
63 85 43.303053 46.784581 25.985875
89 66 31.047731 44.510383 46.809859
57 26 40.723426 31.599861 40.865777
63 41 36.510219 42.201817 44.338847
42 11 31.336448 26.545818 36.529083
72 60 49.351867 48.867037 46.068791
19 21 44.577687 33.526761 31.698143
67 52 25.646160 49.126722 40.893642
21 55 45.288462 35.373865 34.227464
12 47 49.376926 42.980280 27.866985
8 53 27.640074 27.971813 32.750421
52 75 46.667981 47.675527 25.577444
0 11 43.813122 14.866069
0 10 35.051964 63.631753
0 8 48.598646 51.613952
1 11 40.821279 38.078866
1 8 43.705964 68.883960
1 5 47.682942 18.027756
1 4 47.416949 72.346389
1 3 28.368269 36.069378
2 4 44.737608 21.213203
3 7 35.887246 11.704700
6 10 36.368283 33.837849
7 9 41.279404 55.226805
9 10 32.460628 7.211103
