16 22 29333 1089 20
21 24 48.627801 30.574842 44.089829
48 36 32.516452 45.228390 38.978252
61 43 31.142638 43.338959 39.345213
20 65 41.725544 32.974808 39.225877
45 8 36.679350 28.127508 38.372949
62 16 26.721259 45.457406 43.332996
79 31 42.331893 49.559530 44.258636
37 37 48.997460 44.075283 36.451096
57 51 37.884289 47.754900 35.562333
28 71 32.377433 33.366459 26.460077
4 34 28.215701 32.628676 43.901736
12 12 31.277658 47.034896 36.597934
60 41 26.171700 33.302767 39.120521
98 82 43.464828 43.304749 49.857389
44 26 45.512764 26.048697 40.221705
75 47 33.647892 49.910766 34.183043
0 11 36.713426 15.000000
0 3 31.607912 41.012193
1 12 33.774396 13.000000
1 9 26.095720 40.311289
1 3 25.904958 40.311289
1 2 33.650604 14.764823
2 15 25.578113 14.560220
2 12 48.261081 2.236068
2 8 44.641921 8.944272
2 5 32.814020 27.018512
2 4 41.147820 38.483763
3 14 26.409348 45.793013
3 11 29.909177 53.600373
5 14 31.009152 20.591260
6 14 39.422063 35.355339
7 14 44.066455 13.038405
8 14 30.046488 28.178006
8 13 41.288401 51.400389
9 10 37.709363 44.102154
10 15 25.853943 72.180330
10 11 25.509059 23.409400
12 15 49.437713 16.155494
