13 17 27153 662 20
93 57 47.474999 34.159695 29.375019
41 71 48.817154 36.384368 25.535960
57 70 30.024402 45.983252 48.773718
91 58 25.655940 33.795034 49.175893
54 58 46.765645 32.405415 48.510933
38 57 49.381878 48.792227 32.210172
91 9 34.275819 42.768524 49.413948
79 51 26.748545 28.543478 30.701974
5 54 42.026417 41.240000 35.958086
16 79 27.429112 36.661864 45.905062
49 93 31.827865 41.960303 26.709409
37 14 28.439761 33.276566 45.877044
82 11 41.915314 30.304126 32.469905
0 12 26.841271 47.296934
0 5 37.447780 55.000000
0 3 25.226541 2.236068
0 2 25.699993 38.275318
0 1 25.303256 53.851648
1 10 35.594688 23.409400
1 3 36.013490 51.662365
3 7 40.939624 13.892444
3 6 36.658019 49.000000
4 9 41.084979 43.416587
4 7 42.008302 25.961510
5 7 44.524578 41.436699
6 12 31.431253 9.219544
7 10 42.368766 51.613952
8 9 27.677198 27.313001
9 10 39.281579 35.846897
11 12 34.570122 45.099889
