15 19 30333 941 20
74 69 32.244118 48.109442 32.509965
82 86 40.460625 46.144726 39.350764
93 43 31.250633 43.845205 47.193981
26 23 40.626497 35.564020 49.791073
90 50 34.162497 28.558719 26.651889
20 19 41.754826 47.363927 31.755974
91 26 36.825094 33.641996 47.576721
26 11 29.335104 29.523442 45.141728
37 22 44.661094 47.507419 38.683747
94 31 48.757410 41.382738 31.918681
51 13 45.192985 26.066771 41.020778
85 77 43.096989 46.556211 32.771927
72 56 32.417333 30.865134 47.876774
33 8 37.212536 40.171147 34.819544
9 9 36.656135 46.246948 45.687100
0 11 48.903494 13.601471
0 4 28.196748 24.839485
0 2 31.655415 32.202484
1 9 40.429588 56.293872
1 2 30.130448 44.384682
2 12 45.308347 24.698178
2 6 49.254130 17.117243
2 4 31.165815 7.615773
3 8 47.861273 11.045361
4 11 34.029508 27.459060
4 5 32.465327 76.557168
5 7 46.805736 10.000000
6 9 44.898976 5.830952
7 13 25.134462 7.615773
7 10 46.892568 25.079872
8 10 26.374677 16.643317
10 13 33.689683 18.681542
11 12 26.170391 24.698178
13 14 41.331623 24.020824
