9 11 36565 352 20
34 60 24.669175 13.275882 14.906980
68 1 1.510211 19.164186 15.505519
84 62 2.224308 13.148041 4.769987
43 75 18.076869 10.722025 10.157315
39 61 5.613881 16.083166 24.984340
35 58 12.264480 9.747655 21.656262
36 66 7.135443 16.945217 19.638581
66 28 13.911284 6.461591 13.726608
48 43 13.642509 5.958178 19.881339
0 5 11.778218 2.236068
0 4 8.542433 5.099020
1 4 24.173926 66.640828
1 2 8.217020 63.063460
2 8 7.708855 40.706265
2 4 0.781767 45.011110
3 8 12.901237 32.388269
3 5 12.166257 18.788294
4 7 11.554143 42.638011
5 7 21.153659 43.139309
5 6 16.861868 8.062258
