13 17 33333 3549 20
93 57 41.058504 31.583199 33.016488
41 71 28.647975 31.567028 26.901046
57 70 48.576493 48.224073 28.684126
91 58 25.002346 30.734123 40.549419
54 58 45.929190 26.937178 44.086643
38 57 44.573955 31.506136 33.298981
91 9 48.332621 34.667760 40.337385
79 51 36.792708 34.656854 32.294391
5 54 47.155263 46.296555 28.199466
16 79 35.773316 30.326726 41.327524
49 93 41.091044 40.482810 37.066933
37 14 29.848329 34.836587 42.343878
82 11 40.750458 31.461596 42.256763
0 12 38.001651 47.296934
0 5 42.403910 55.000000
0 3 46.567472 2.236068
0 2 25.721011 38.275318
0 1 33.165309 53.851648
1 10 30.161938 23.409400
1 3 25.745778 51.662365
3 7 43.243628 13.892444
3 6 31.361125 49.000000
4 9 41.683479 43.416587
4 7 33.525443 25.961510
5 7 27.022693 41.436699
6 12 44.811445 9.219544
7 10 35.117831 51.613952
8 9 26.005126 27.313001
9 10 26.852833 35.846897
11 12 37.053564 45.099889
