9 11 30092 1533 20
34 60 16.042570 15.643345 11.451326
68 1 13.439609 14.674060 11.774683
84 62 13.303039 8.656682 3.047983
43 75 6.073546 21.599548 1.507794
39 61 6.278501 23.242355 8.552675
35 58 15.389920 19.830639 13.884120
36 66 7.536016 12.392577 0.832780
66 28 3.563905 11.110885 19.902203
48 43 23.599896 5.467154 15.559817
0 5 5.945774 2.236068
0 4 22.931319 5.099020
1 4 12.273454 66.640828
1 2 17.279640 63.063460
2 8 15.241474 40.706265
2 4 18.417750 45.011110
3 8 15.893520 32.388269
3 5 8.699897 18.788294
4 7 8.428063 42.638011
5 7 8.960037 43.139309
5 6 0.350255 8.062258
