9 11 29667 1206 20
34 60 9.035025 3.434750 10.704311
68 1 22.513763 16.315770 3.274942
84 62 20.488334 19.502597 24.629552
43 75 22.971098 10.505345 8.650413
39 61 20.027541 11.509633 7.665310
35 58 10.614921 13.049182 2.156833
36 66 3.537957 13.364605 12.838052
66 28 11.872382 12.225868 14.584976
48 43 21.761936 12.538452 1.325893
0 5 18.110114 2.236068
0 4 13.417649 5.099020
1 4 7.443298 66.640828
1 2 7.623611 63.063460
2 8 15.137595 40.706265
2 4 22.104927 45.011110
3 8 13.153962 32.388269
3 5 1.723623 18.788294
4 7 14.907971 42.638011
5 7 22.264250 43.139309
5 6 10.025943 8.062258
