12 13 32857 1649 20
63 85 37.984513 38.161882 37.511505
89 66 45.886819 44.581074 30.086138
57 26 33.003682 42.631609 36.516071
63 41 44.642761 33.888271 26.270678
42 11 49.171040 40.421784 35.064362
72 60 36.555074 33.995789 32.598610
19 21 45.411929 43.957072 46.873562
67 52 41.874408 29.068214 46.207706
21 55 37.168423 32.692867 49.223820
12 47 31.154148 34.363135 31.847740
8 53 49.511243 49.995424 38.618427
52 75 43.642267 45.580859 49.499039
0 11 34.132400 14.866069
0 10 38.775322 63.631753
0 8 32.937905 51.613952
1 11 43.941193 38.078866
1 8 43.450475 68.883960
1 5 37.744789 18.027756
1 4 36.483680 72.346389
1 3 44.795106 36.069378
2 4 26.093192 21.213203
3 7 27.296124 11.704700
6 10 31.207521 33.837849
7 9 40.871700 55.226805
9 10 28.489109 7.211103
