9 11 35305 718 20
34 60 8.765677 14.322104 9.044223
68 1 0.121192 0.883238 0.255269
84 62 10.781958 21.056440 9.367057
43 75 9.935537 4.690300 8.559699
39 61 8.583276 23.472169 20.199822
35 58 10.809132 23.508436 10.840977
36 66 4.211123 4.887959 15.208428
66 28 20.589889 3.823412 12.286228
48 43 14.397298 3.591939 5.341360
0 5 22.214641 2.236068
0 4 24.103291 5.099020
1 4 1.852555 66.640828
1 2 18.444448 63.063460
2 8 19.337717 40.706265
2 4 22.988981 45.011110
3 8 23.281738 32.388269
3 5 6.144866 18.788294
4 7 19.179880 42.638011
5 7 1.401120 43.139309
5 6 12.415084 8.062258
