9 11 36172 333 20
34 60 7.360421 14.691011 10.783443
68 1 14.503283 10.732593 16.341932
84 62 24.960448 1.199008 13.905381
43 75 3.902036 19.640310 14.892201
39 61 17.922277 12.069535 10.331746
35 58 22.409717 4.423888 9.183961
36 66 20.938591 7.475513 19.084057
66 28 10.817581 15.803584 20.804500
48 43 8.172267 15.839236 22.794404
0 5 5.777915 2.236068
0 4 4.824130 5.099020
1 4 15.080952 66.640828
1 2 10.672646 63.063460
2 8 24.386548 40.706265
2 4 11.772319 45.011110
3 8 17.647948 32.388269
3 5 18.494831 18.788294
4 7 7.409578 42.638011
5 7 13.292673 43.139309
5 6 16.173348 8.062258
