13 17 35222 1533 20
93 57 26.729554 47.326265 40.431826
41 71 30.472360 27.176004 43.145728
57 70 25.189853 49.912075 28.684457
91 58 36.891849 35.221777 29.587701
54 58 49.454828 47.272740 45.306248
38 57 46.991642 35.744448 49.042000
91 9 26.671919 27.834471 41.517142
79 51 31.289131 38.777385 25.415945
5 54 48.150491 25.760976 37.231229
16 79 45.651417 39.469125 31.651008
49 93 45.334862 25.876617 25.425984
37 14 42.216079 43.870331 44.117560
82 11 27.061217 48.740093 35.959486
0 12 32.750486 47.296934
0 5 44.271540 55.000000
0 3 44.876696 2.236068
0 2 44.431811 38.275318
0 1 31.647564 53.851648
1 10 33.353284 23.409400
1 3 26.502138 51.662365
3 7 33.406640 13.892444
3 6 30.361381 49.000000
4 9 45.881767 43.416587
4 7 44.499079 25.961510
5 7 44.611005 41.436699
6 12 35.637110 9.219544
7 10 45.211131 51.613952
8 9 48.558970 27.313001
9 10 34.948260 35.846897
11 12 27.599988 45.099889
