12 13 33000 11343 20
63 85 45.089673 29.738551 48.526503
89 66 34.362523 49.702311 26.124370
57 26 31.169878 46.556029 38.641618
63 41 25.551086 43.016287 37.063924
42 11 38.339574 29.100092 27.604120
72 60 37.591819 41.321846 42.737073
19 21 27.066980 39.812643 40.420027
67 52 45.731573 27.729400 42.796073
21 55 44.178701 31.407349 46.187040
12 47 36.775786 31.233569 46.997063
8 53 38.454399 35.109950 28.572342
52 75 32.370594 47.675000 39.196987
0 11 47.013576 14.866069
0 10 35.837615 63.631753
0 8 45.968774 51.613952
1 11 29.888288 38.078866
1 8 27.248566 68.883960
1 5 47.345459 18.027756
1 4 46.420670 72.346389
1 3 26.326157 36.069378
2 4 25.892892 21.213203
3 7 41.715607 11.704700
6 10 25.102200 33.837849
7 9 34.990250 55.226805
9 10 32.898053 7.211103
