15 19 31923 1555 20
74 69 33.686581 42.462460 33.134300
82 86 30.814750 27.270979 48.277964
93 43 28.573247 40.361498 39.738910
26 23 27.369050 42.542236 42.046480
90 50 38.901568 45.078310 33.936256
20 19 32.426582 26.912495 43.010184
91 26 25.517544 48.779751 47.944612
26 11 33.616646 44.600407 42.750456
37 22 40.261641 26.284610 28.692396
94 31 32.783850 46.654181 28.633862
51 13 47.499623 28.632749 38.345400
85 77 39.978551 48.143550 46.132475
72 56 38.641820 29.717294 29.510146
33 8 25.260842 30.807721 26.420933
9 9 45.168711 30.267676 27.067107
0 11 32.958648 13.601471
0 4 33.817285 24.839485
0 2 26.254398 32.202484
1 9 44.874437 56.293872
1 2 26.571874 44.384682
2 12 26.488718 24.698178
2 6 46.154571 17.117243
2 4 25.191654 7.615773
3 8 46.702435 11.045361
4 11 40.669973 27.459060
4 5 46.830297 76.557168
5 7 34.578229 10.000000
6 9 36.774291 5.830952
7 13 42.997371 7.615773
7 10 32.729115 25.079872
8 10 44.486796 16.643317
10 13 34.390538 18.681542
11 12 34.615600 24.698178
13 14 27.300005 24.020824
