9 11 27665 1236 20
34 60 12.562810 10.143168 15.043675
68 1 21.768147 3.550477 0.742432
84 62 24.256096 23.432073 11.093632
43 75 17.392417 8.814561 0.675958
39 61 3.171464 0.554438 22.370060
35 58 23.331089 18.691895 7.496443
36 66 3.691274 14.831976 12.256709
66 28 11.130514 3.883151 5.894758
48 43 1.373367 7.575233 2.344710
0 5 17.133493 2.236068
0 4 6.699223 5.099020
1 4 19.372444 66.640828
1 2 17.788568 63.063460
2 8 21.843994 40.706265
2 4 23.928718 45.011110
3 8 10.978883 32.388269
3 5 3.724402 18.788294
4 7 11.329523 42.638011
5 7 18.648585 43.139309
5 6 13.671443 8.062258
