11 10 35777 1093 20
86 55 36.899832 34.384408 34.075192
78 84 35.889881 33.664996 34.174529
26 30 45.743903 44.733478 29.644188
88 39 30.918145 30.794335 39.320377
6 66 43.670329 28.997143 33.878686
58 57 36.212132 38.890333 29.274660
63 87 49.163544 45.952366 40.254333
78 66 44.834455 36.331972 28.746605
48 98 26.885473 26.611787 38.762205
95 45 47.955795 43.521063 29.200073
56 85 38.772930 37.699248 31.893618
0 9 41.079197 13.453624
0 5 43.131861 28.071338
1 8 39.334968 33.105891
2 9 28.754934 70.611614
2 4 45.817307 41.182521
2 3 25.008768 62.649820
4 8 37.048150 52.801515
6 9 32.607575 52.801515
6 7 30.651077 25.806976
8 10 31.527875 15.264338
