14 16 4363 4048 20
12 12 39.738138 30.802532 35.189841
25 65 26.316992 31.424160 41.284535
32 54 29.912847 31.082947 41.557119
42 97 25.177619 48.668144 28.054858
71 86 26.817277 29.223675 41.394145
83 71 48.523569 34.701825 25.124706
52 2 37.552806 46.642895 42.622643
63 71 49.517633 41.557462 28.370694
35 97 29.513485 36.654453 44.432138
54 84 35.522959 46.541133 49.483983
85 90 39.556174 38.595267 30.856110
20 37 37.616442 33.447641 45.444960
87 86 49.570347 32.984129 36.364549
18 36 35.367143 44.156670 38.858439
0 13 45.667364 24.738634
0 2 37.754983 46.518813
1 9 49.150510 34.669872
1 4 48.178497 50.566788
2 11 29.050784 20.808652
2 10 36.973935 64.070274
2 3 41.239863 44.147480
4 12 42.714384 16.000000
4 5 46.170148 19.209373
5 6 28.814733 75.643903
7 12 35.233425 28.301943
7 11 33.702943 54.817880
7 9 39.930718 15.811388
8 12 26.046536 53.150729
8 10 40.345494 50.487622
10 12 28.056354 4.472136
