14 16 27461 1567 20
12 12 49.397374 28.000322 28.552972
25 65 36.385801 45.477609 36.711302
32 54 36.418194 43.994950 31.767476
42 97 48.087786 45.784909 42.274422
71 86 48.332545 40.474207 45.470065
83 71 46.767812 29.599391 48.568437
52 2 47.728093 32.928070 28.529386
63 71 26.095543 47.609544 47.189729
35 97 41.527384 38.131822 35.307036
54 84 40.630425 36.119012 46.911683
85 90 34.786939 35.846511 43.828855
20 37 49.986704 38.838993 26.419213
87 86 32.758705 32.246398 41.643423
18 36 27.189266 27.199666 44.500262
0 13 31.178959 24.738634
0 2 47.727560 46.518813
1 9 33.171814 34.669872
1 4 49.720139 50.566788
2 11 37.167532 20.808652
2 10 49.746576 64.070274
2 3 28.542866 44.147480
4 12 26.647941 16.000000
4 5 33.103608 19.209373
5 6 48.369724 75.643903
7 12 25.195548 28.301943
7 11 28.973191 54.817880
7 9 28.598501 15.811388
8 12 47.384013 53.150729
8 10 41.036524 50.487622
10 12 45.124857 4.472136
