9 11 36938 1341 20
34 60 24.133718 14.208298 6.998845
68 1 18.343323 0.274616 13.138032
84 62 15.100171 22.740690 24.453967
43 75 3.284586 19.904279 4.984133
39 61 11.152311 16.566926 23.541078
35 58 18.400927 12.233352 16.033037
36 66 10.204708 6.625173 16.014522
66 28 1.866420 11.137911 5.268886
48 43 1.971029 7.193148 21.842172
0 5 15.103939 2.236068
0 4 2.383782 5.099020
1 4 15.635291 66.640828
1 2 5.760392 63.063460
2 8 7.011524 40.706265
2 4 3.842628 45.011110
3 8 15.645007 32.388269
3 5 22.912416 18.788294
4 7 19.125468 42.638011
5 7 18.521154 43.139309
5 6 11.924879 8.062258
