13 17 29500 8349 20
93 57 41.649996 33.005668 28.087384
41 71 47.399469 33.061257 28.583938
57 70 48.032044 47.888602 29.969062
91 58 36.252888 46.920005 42.820598
54 58 27.702932 36.787193 29.593227
38 57 45.263744 44.552045 29.590450
91 9 46.758365 44.116402 48.335796
79 51 34.273313 31.986722 49.703652
5 54 41.388702 43.809607 30.623962
16 79 30.085033 28.682553 45.816904
49 93 25.871901 27.771751 34.064648
37 14 48.853657 25.418317 30.117215
82 11 42.803417 38.325682 25.712393
0 12 30.265049 47.296934
0 5 37.446384 55.000000
0 3 43.694625 2.236068
0 2 39.492552 38.275318
0 1 45.939235 53.851648
1 10 41.224409 23.409400
1 3 49.513831 51.662365
3 7 26.443247 13.892444
3 6 32.750718 49.000000
4 9 29.501272 43.416587
4 7 41.365669 25.961510
5 7 47.106129 41.436699
6 12 40.161543 9.219544
7 10 38.025726 51.613952
8 9 33.153892 27.313001
9 10 33.596497 35.846897
11 12 29.378889 45.099889
