10 10 3444 3629 20
13 81 38.730008 32.090680 41.582560
80 78 42.386106 49.857984 26.861065
22 73 31.732444 30.459080 31.295976
85 16 36.265976 46.264009 41.556288
50 19 33.949158 45.020714 28.479526
8 50 27.294730 25.335740 34.598406
73 85 38.821179 28.163878 45.268095
71 58 35.538680 29.988607 31.480204
79 14 25.510145 35.010391 49.698303
79 82 47.474058 45.191052 47.395766
0 2 44.866948 12.041595
1 9 45.095728 4.123106
1 6 38.645321 9.899495
2 8 27.348467 82.036577
2 7 43.691739 51.244512
3 8 39.663662 6.324555
4 9 38.180009 69.354164
5 8 25.880213 79.605276
6 9 41.408725 6.708204
7 9 48.060288 25.298221
