11 10 26800 579 20
86 55 49.494972 33.303571 37.111425
78 84 40.947930 44.400140 25.507343
26 30 30.640301 39.365088 38.256131
88 39 48.640304 49.383356 46.122933
6 66 36.133492 33.872349 36.754071
58 57 46.863239 42.388209 39.131004
63 87 25.591470 45.675839 49.674314
78 66 39.016572 46.398979 31.639774
48 98 41.792234 47.376298 38.496567
95 45 25.948191 38.438504 31.622571
56 85 40.004401 39.316845 28.427433
0 9 42.069909 13.453624
0 5 25.898172 28.071338
1 8 40.187454 33.105891
2 9 40.591685 70.611614
2 4 36.836649 41.182521
2 3 45.591212 62.649820
4 8 42.814786 52.801515
6 9 46.455899 52.801515
6 7 37.769751 25.806976
8 10 32.095404 15.264338
