10 10 33666 1791 20
13 81 42.303845 46.801424 48.633749
80 78 35.161862 38.996474 47.939216
22 73 36.925041 32.617679 47.112771
85 16 47.688858 43.320620 29.582765
50 19 42.552339 29.550459 37.883878
8 50 47.379395 44.267492 43.621662
73 85 31.763722 46.938580 29.796550
71 58 46.764457 41.598471 47.473249
79 14 25.116936 42.909408 29.153816
79 82 37.440711 33.549270 38.170322
0 2 37.541365 12.041595
1 9 38.694428 4.123106
1 6 25.957149 9.899495
2 8 43.615524 82.036577
2 7 36.009260 51.244512
3 8 45.724351 6.324555
4 9 34.826985 69.354164
5 8 26.953736 79.605276
6 9 30.684411 6.708204
7 9 28.408988 25.298221
