9 11 26525 845 20
34 60 16.170830 2.251709 3.507964
68 1 3.361065 2.773761 13.852889
84 62 4.538231 0.475580 16.247713
43 75 1.503168 24.353944 17.953078
39 61 10.834150 18.162074 8.867184
35 58 20.928990 10.428912 9.843846
36 66 0.525572 1.100201 3.698284
66 28 6.486912 2.960534 1.757059
48 43 19.360998 22.047690 10.060986
0 5 0.839824 2.236068
0 4 8.621025 5.099020
1 4 14.492525 66.640828
1 2 5.173688 63.063460
2 8 19.545633 40.706265
2 4 15.904555 45.011110
3 8 6.902726 32.388269
3 5 4.333007 18.788294
4 7 10.472426 42.638011
5 7 1.404534 43.139309
5 6 17.268539 8.062258
