9 11 30204 1825 20
34 60 18.284942 22.426693 18.610660
68 1 21.622420 11.490667 16.102928
84 62 3.734775 14.858041 6.857465
43 75 17.539438 8.844200 0.080163
39 61 2.342797 4.885686 11.774173
35 58 6.622077 16.455499 19.538686
36 66 7.015567 3.864946 10.644354
66 28 12.332471 14.344389 24.497516
48 43 19.689597 0.356648 19.226574
0 5 22.516437 2.236068
0 4 14.193146 5.099020
1 4 5.993771 66.640828
1 2 7.558117 63.063460
2 8 19.187936 40.706265
2 4 13.004226 45.011110
3 8 12.110525 32.388269
3 5 22.229502 18.788294
4 7 0.516623 42.638011
5 7 20.227308 43.139309
5 6 21.723390 8.062258
