14 16 27538 6849 20
12 12 49.967896 36.855948 28.764825
25 65 36.370257 25.484843 43.964220
32 54 35.197833 35.410850 42.128670
42 97 31.003447 26.678625 34.815031
71 86 46.307007 41.156662 31.986490
83 71 46.682279 48.711192 30.131258
52 2 34.075464 40.076465 28.957755
63 71 48.772469 47.019141 26.115678
35 97 41.784406 41.546042 36.746922
54 84 32.266340 27.533308 49.926226
85 90 34.290702 29.181027 36.379295
20 37 28.267941 42.914350 26.556730
87 86 29.663780 49.320068 25.301350
18 36 41.275593 45.733613 26.084961
0 13 32.880057 24.738634
0 2 40.300997 46.518813
1 9 38.087919 34.669872
1 4 31.518612 50.566788
2 11 30.700652 20.808652
2 10 26.256850 64.070274
2 3 41.442627 44.147480
4 12 45.846872 16.000000
4 5 43.302222 19.209373
5 6 25.207378 75.643903
7 12 39.954893 28.301943
7 11 41.650530 54.817880
7 9 29.910554 15.811388
8 12 47.685719 53.150729
8 10 35.146899 50.487622
10 12 33.910659 4.472136
