15 19 28571 7201 20
74 69 33.851414 48.203371 33.443010
82 86 47.890651 42.641607 46.979299
93 43 31.344760 33.489497 35.320960
26 23 45.164740 31.945885 34.760061
90 50 46.676208 42.281276 26.684404
20 19 35.343485 49.873217 40.936768
91 26 43.329976 32.492021 49.739313
26 11 45.096560 44.004275 43.605498
37 22 47.521830 49.472786 48.031057
94 31 37.000720 39.059395 31.622512
51 13 29.895025 37.803450 44.962872
85 77 27.951211 44.684045 45.158858
72 56 36.755092 46.255561 39.104547
33 8 39.619361 39.389660 41.040727
9 9 30.272957 34.805802 31.751153
0 11 34.281645 13.601471
0 4 45.734538 24.839485
0 2 40.861706 32.202484
1 9 36.173914 56.293872
1 2 39.559900 44.384682
2 12 37.446683 24.698178
2 6 37.230801 17.117243
2 4 26.011510 7.615773
3 8 43.250247 11.045361
4 11 46.684348 27.459060
4 5 40.991080 76.557168
5 7 48.699175 10.000000
6 9 28.801964 5.830952
7 13 29.548633 7.615773
7 10 47.552055 25.079872
8 10 49.192887 16.643317
10 13 49.084555 18.681542
11 12 44.335204 24.698178
13 14 43.322680 24.020824
