19 20 29000 1127 20
10 84 30.969465 31.585964 46.907607
3 72 47.163878 48.800455 39.561774
4 42 28.434989 36.717812 35.260941
69 21 42.338226 47.473896 29.802249
21 30 47.202428 41.783295 32.789334
9 16 37.915738 43.162022 26.941996
9 90 45.148600 37.458080 45.438909
71 9 30.319320 37.249124 32.850615
1 93 37.773757 47.514588 28.546641
45 45 35.542425 43.559483 35.398164
47 73 31.047542 37.586194 37.389888
27 80 28.213725 26.345147 45.890780
98 11 48.998994 47.369302 46.147946
0 40 26.633336 40.486700 43.595981
20 20 40.218338 37.188860 41.041918
41 96 39.802959 33.885751 38.396354
58 41 26.676562 45.967686 39.993267
82 52 34.410386 31.722692 29.643648
63 92 30.420338 31.853488 26.516692
0 15 37.983171 33.241540
1 11 47.144164 25.298221
2 8 48.487280 51.088159
3 16 25.176086 22.825424
3 12 27.498243 30.675723
3 9 27.310775 33.941125
3 7 31.618775 12.165525
3 6 30.058415 91.438504
4 13 29.460349 23.259407
5 14 40.029351 11.704700
6 15 40.906858 32.557641
6 10 46.621525 41.629317
7 18 35.313363 83.384651
7 16 38.550708 34.539832
8 15 25.323718 40.112342
9 14 48.153096 35.355339
9 11 36.078212 39.357337
10 13 35.293926 57.428216
14 17 36.341008 69.771054
14 16 29.227787 43.416587
