15 19 3666 2170 20
74 69 26.743709 40.041058 39.602134
82 86 25.574323 44.068775 29.358363
93 43 41.757911 44.625774 41.822308
26 23 39.629629 43.621710 44.717766
90 50 32.630940 31.638488 31.099703
20 19 27.686103 41.979535 25.831615
91 26 35.053384 48.658601 28.909723
26 11 38.124797 44.626848 40.220496
37 22 49.396932 38.564878 27.024494
94 31 40.525634 26.681673 38.218267
51 13 30.958322 30.142750 34.967526
85 77 37.951858 34.603620 46.263510
72 56 28.891775 37.385929 39.776092
33 8 47.637564 35.992937 37.025449
9 9 34.831955 47.587643 32.773727
0 11 36.088882 13.601471
0 4 47.816389 24.839485
0 2 28.961694 32.202484
1 9 38.451763 56.293872
1 2 35.030682 44.384682
2 12 34.214512 24.698178
2 6 41.704912 17.117243
2 4 28.968498 7.615773
3 8 35.988805 11.045361
4 11 36.555048 27.459060
4 5 29.897471 76.557168
5 7 44.752012 10.000000
6 9 37.277962 5.830952
7 13 33.308557 7.615773
7 10 40.157384 25.079872
8 10 27.676791 16.643317
10 13 36.229723 18.681542
11 12 26.207319 24.698178
13 14 27.037209 24.020824
