10 10 444 1892 20
13 81 30.576320 32.022950 31.524500
80 78 46.109474 27.162611 25.884634
22 73 49.983614 41.358648 36.760552
85 16 46.053707 41.843755 35.233594
50 19 30.714619 31.274523 27.853859
8 50 25.491241 34.489684 34.660816
73 85 45.001575 38.782490 28.920696
71 58 25.801618 30.153603 45.086273
79 14 49.303301 41.225134 46.051793
79 82 44.674499 39.204465 41.889000
0 2 41.237210 12.041595
1 9 32.524312 4.123106
1 6 43.810910 9.899495
2 8 29.295299 82.036577
2 7 36.939554 51.244512
3 8 46.660450 6.324555
4 9 29.348976 69.354164
5 8 27.919280 79.605276
6 9 41.666489 6.708204
7 9 43.213936 25.298221
