14 16 32428 2184 20
12 12 45.183390 30.752403 32.043991
25 65 28.207870 33.764329 32.454994
32 54 25.249232 35.709278 36.541324
42 97 33.194024 28.122429 45.596024
71 86 25.565822 25.566357 25.009144
83 71 33.461059 45.869456 45.200581
52 2 30.414226 45.361777 26.443850
63 71 26.602602 48.150729 26.832906
35 97 32.986919 40.469332 25.709597
54 84 38.379219 48.931802 42.532496
85 90 49.808070 32.185322 35.500552
20 37 26.122072 30.611912 34.833692
87 86 27.720961 39.511708 36.437019
18 36 33.080091 34.786404 48.776888
0 13 26.328870 24.738634
0 2 45.995292 46.518813
1 9 31.091236 34.669872
1 4 41.255706 50.566788
2 11 33.619868 20.808652
2 10 48.840318 64.070274
2 3 37.544890 44.147480
4 12 47.382785 16.000000
4 5 35.344221 19.209373
5 6 27.952849 75.643903
7 12 32.139846 28.301943
7 11 29.628230 54.817880
7 9 33.699732 15.811388
8 12 35.044889 53.150729
8 10 30.578028 50.487622
10 12 32.329724 4.472136
