9 11 36179 690 20
34 60 15.946298 16.690118 13.385004
68 1 11.153598 20.372192 0.615939
84 62 14.489122 22.384116 7.063110
43 75 15.930399 9.431926 23.646045
39 61 5.070577 2.098606 16.804616
35 58 7.612362 12.016034 8.470879
36 66 23.035484 22.592109 10.875684
66 28 8.628734 4.364813 2.664678
48 43 19.448932 9.953728 14.574075
0 5 24.384753 2.236068
0 4 4.816921 5.099020
1 4 5.504388 66.640828
1 2 8.131710 63.063460
2 8 20.241988 40.706265
2 4 3.641690 45.011110
3 8 22.870055 32.388269
3 5 19.694228 18.788294
4 7 18.507330 42.638011
5 7 4.786236 43.139309
5 6 19.055420 8.062258
