9 11 30393 1935 20
34 60 8.541647 9.046046 1.328441
68 1 4.437657 11.748112 6.040961
84 62 8.053828 7.914332 14.733600
43 75 11.038960 18.986413 11.939094
39 61 13.722652 18.095624 4.759174
35 58 3.142597 14.429336 15.690054
36 66 10.316050 14.658421 21.875805
66 28 19.332592 9.831073 22.521465
48 43 7.455823 16.052209 4.689309
0 5 18.798841 2.236068
0 4 5.251842 5.099020
1 4 6.317956 66.640828
1 2 10.643796 63.063460
2 8 17.699902 40.706265
2 4 10.555865 45.011110
3 8 13.792125 32.388269
3 5 0.449980 18.788294
4 7 22.672993 42.638011
5 7 0.276603 43.139309
5 6 3.457933 8.062258
