17 23 34750 513 20
67 59 47.989246 42.677655 40.802190
88 63 49.318182 26.171803 36.642123
30 29 36.811371 30.641685 48.167006
35 20 35.267931 35.056546 42.761698
48 64 33.285295 37.729326 38.433565
68 37 45.273514 35.930248 43.343803
95 50 28.375436 42.164705 38.790049
4 22 25.323753 29.141494 45.498443
17 8 42.993444 32.732039 30.863726
80 87 40.370234 35.789318 28.871714
99 85 39.523776 41.712077 34.337031
73 64 35.432284 49.767731 33.265785
5 9 28.547096 26.418248 42.937987
95 92 40.620560 36.562530 49.507050
12 12 37.357266 31.980694 31.114630
25 65 46.735558 36.243477 26.161149
32 54 40.709212 29.093861 38.039791
0 16 26.827271 35.355339
0 1 31.175407 21.377558
1 15 44.028191 63.031738
1 9 28.993248 25.298221
1 6 34.886017 14.764823
2 14 38.960480 24.758837
2 9 48.662396 76.576759
2 3 44.023498 10.295630
3 14 42.147777 24.351591
3 8 43.538430 21.633308
3 6 31.611374 67.082039
4 16 32.832178 18.867962
4 15 36.260915 23.021729
5 13 35.095699 61.269895
5 11 47.402155 27.459060
7 16 28.517127 42.520583
7 12 35.428763 13.038405
9 16 26.136324 58.249464
9 11 32.605610 24.041631
9 10 46.482705 19.104973
10 13 37.890070 8.062258
12 14 47.864046 7.615773
14 16 34.000538 46.518813
