9 11 28087 4238 20
34 60 22.004692 1.802113 18.648579
68 1 5.423681 8.567541 10.930449
84 62 1.016115 7.395367 11.592503
43 75 8.610254 5.325796 6.728109
39 61 2.119201 15.443957 14.132618
35 58 1.586566 22.468337 8.010585
36 66 13.161254 10.378489 3.330467
66 28 4.931866 18.793845 19.921736
48 43 24.678238 21.188064 20.892176
0 5 24.425431 2.236068
0 4 19.626650 5.099020
1 4 6.905795 66.640828
1 2 16.170604 63.063460
2 8 17.497970 40.706265
2 4 12.256844 45.011110
3 8 2.878442 32.388269
3 5 1.647518 18.788294
4 7 1.028600 42.638011
5 7 8.286420 43.139309
5 6 6.629000 8.062258
