9 11 35835 2112 20
34 60 23.752251 8.153985 4.004305
68 1 8.948238 1.149991 1.411952
84 62 13.524215 23.461835 13.946499
43 75 18.802954 9.428576 0.246397
39 61 7.261496 20.695558 6.103358
35 58 21.882692 21.663391 0.068031
36 66 22.765829 16.250447 13.550589
66 28 6.486847 23.329923 11.264843
48 43 10.438269 22.860691 13.108047
0 5 19.772915 2.236068
0 4 9.301806 5.099020
1 4 10.022268 66.640828
1 2 18.999855 63.063460
2 8 1.332879 40.706265
2 4 4.245890 45.011110
3 8 14.618612 32.388269
3 5 17.872037 18.788294
4 7 8.576150 42.638011
5 7 12.306335 43.139309
5 6 21.043301 8.062258
