11 10 32285 1839 20
86 55 39.003053 35.606956 27.473641
78 84 30.307748 38.957360 29.034834
26 30 30.966065 28.113375 39.845426
88 39 40.753736 36.122156 30.586583
6 66 47.417256 30.087432 38.739764
58 57 37.859537 35.746103 47.948832
63 87 26.234243 46.801890 46.181645
78 66 38.231637 32.226693 37.571779
48 98 43.082486 26.671589 44.894235
95 45 37.095450 25.297048 40.302143
56 85 49.883203 46.528334 43.033156
0 9 48.998192 13.453624
0 5 30.829446 28.071338
1 8 44.131590 33.105891
2 9 41.453316 70.611614
2 4 39.294279 41.182521
2 3 36.423724 62.649820
4 8 31.368917 52.801515
6 9 38.524933 52.801515
6 7 29.112667 25.806976
8 10 41.551245 15.264338
