12 13 31692 3177 20
63 85 48.351974 26.926613 44.020702
89 66 29.263932 40.844348 39.327644
57 26 47.408534 30.735406 33.916968
63 41 42.996854 38.225971 26.129010
42 11 32.340839 48.921720 35.607765
72 60 48.321431 32.897844 32.597231
19 21 29.324758 25.256588 31.754715
67 52 46.545644 39.939884 32.375189
21 55 43.594368 40.062428 43.856990
12 47 48.185727 49.983267 38.389604
8 53 47.960853 37.486052 40.169957
52 75 49.454550 39.805375 27.693709
0 11 33.923211 14.866069
0 10 31.590757 63.631753
0 8 37.293511 51.613952
1 11 32.068798 38.078866
1 8 48.558678 68.883960
1 5 49.071331 18.027756
1 4 44.726668 72.346389
1 3 28.199522 36.069378
2 4 47.037431 21.213203
3 7 44.082878 11.704700
6 10 39.367920 33.837849
7 9 34.148870 55.226805
9 10 33.461787 7.211103
