15 19 28000 2642 20
74 69 39.295184 32.572937 47.234501
82 86 48.546237 29.293058 46.843761
93 43 28.623924 28.854942 31.703176
26 23 38.141956 49.751450 34.791915
90 50 48.725987 25.626782 33.827428
20 19 27.956608 40.908656 39.864612
91 26 48.155829 30.652651 28.158739
26 11 31.172813 44.581700 36.329021
37 22 47.478794 35.441754 40.418121
94 31 26.219020 32.635621 38.451783
51 13 26.481573 37.750781 48.288837
85 77 36.608659 36.110038 33.955445
72 56 46.008019 39.267714 48.132569
33 8 48.503484 35.497110 36.306099
9 9 46.063520 41.638389 41.501091
0 11 29.399554 13.601471
0 4 26.886163 24.839485
0 2 37.209986 32.202484
1 9 45.768123 56.293872
1 2 46.038155 44.384682
2 12 32.950775 24.698178
2 6 47.812448 17.117243
2 4 41.815111 7.615773
3 8 30.598167 11.045361
4 11 47.870039 27.459060
4 5 38.033099 76.557168
5 7 47.995470 10.000000
6 9 48.135964 5.830952
7 13 30.909246 7.615773
7 10 27.153397 25.079872
8 10 33.884818 16.643317
10 13 41.550723 18.681542
11 12 30.437879 24.698178
13 14 27.969437 24.020824
