11 10 36454 2406 20
86 55 45.662008 26.037647 47.359158
78 84 27.779463 43.182580 46.044408
26 30 38.546948 45.912953 32.174021
88 39 30.343511 44.145049 43.475335
6 66 29.821871 45.152159 34.810361
58 57 41.577438 37.421260 49.789854
63 87 35.327001 49.272918 32.866658
78 66 34.502429 47.267078 33.478680
48 98 43.665502 31.959947 26.325174
95 45 45.788589 30.804714 41.413351
56 85 33.090878 37.416690 46.849414
0 9 27.832548 13.453624
0 5 30.240075 28.071338
1 8 48.786927 33.105891
2 9 28.370797 70.611614
2 4 34.782707 41.182521
2 3 49.944176 62.649820
4 8 29.472936 52.801515
6 9 45.538099 52.801515
6 7 35.727551 25.806976
8 10 38.956371 15.264338
