10 10 31846 611 20
13 81 33.565692 30.155977 43.222157
80 78 45.286122 26.548470 40.381902
22 73 42.551225 42.491784 38.561598
85 16 26.401842 38.200067 30.388956
50 19 30.110766 30.360544 31.468476
8 50 39.763160 38.868724 37.632548
73 85 32.478036 31.109482 31.839223
71 58 39.111014 45.898841 25.477146
79 14 38.104451 29.424531 44.960403
79 82 43.788816 38.285130 33.749577
0 2 47.133587 12.041595
1 9 41.188981 4.123106
1 6 28.195078 9.899495
2 8 46.945829 82.036577
2 7 26.774792 51.244512
3 8 28.348991 6.324555
4 9 29.722505 69.354164
5 8 37.077274 79.605276
6 9 45.110700 6.708204
7 9 34.743520 25.298221
