9 11 34752 343 20
34 60 18.983751 3.314530 15.961236
68 1 12.652214 9.426673 2.306563
84 62 20.102937 19.654740 11.344370
43 75 4.713103 23.799687 16.501029
39 61 20.321223 16.190900 1.975025
35 58 14.160679 5.584603 2.104631
36 66 12.076094 9.622693 22.162652
66 28 18.249932 23.337483 17.566874
48 43 17.829081 20.872877 15.841661
0 5 8.474033 2.236068
0 4 3.043712 5.099020
1 4 2.108960 66.640828
1 2 6.987249 63.063460
2 8 3.303728 40.706265
2 4 15.008872 45.011110
3 8 12.735480 32.388269
3 5 1.284144 18.788294
4 7 21.541547 42.638011
5 7 9.657601 43.139309
5 6 18.097778 8.062258
