9 11 32386 417 20
34 60 2.697915 21.958650 18.269392
68 1 19.362191 5.736989 6.597382
84 62 1.069031 18.570812 19.061013
43 75 18.604663 12.283705 2.806807
39 61 6.997874 10.856207 20.276788
35 58 13.569589 11.629965 15.168928
36 66 18.563828 5.300603 16.727167
66 28 6.282851 6.811354 15.233241
48 43 5.017188 6.346243 4.328841
0 5 4.299015 2.236068
0 4 11.397073 5.099020
1 4 1.728794 66.640828
1 2 3.647951 63.063460
2 8 20.102062 40.706265
2 4 11.454892 45.011110
3 8 10.744004 32.388269
3 5 21.493032 18.788294
4 7 9.973060 42.638011
5 7 22.312667 43.139309
5 6 0.337561 8.062258
