9 11 32212 267 20
34 60 23.377169 15.241420 9.349325
68 1 9.865279 16.197349 16.351979
84 62 22.599115 12.894895 1.393164
43 75 4.098762 10.207750 24.065908
39 61 12.268145 9.090082 11.202348
35 58 9.431869 14.686728 19.554845
36 66 22.796770 6.579934 8.373686
66 28 16.378726 14.411906 8.656624
48 43 12.995535 14.758367 3.258245
0 5 16.471370 2.236068
0 4 20.185190 5.099020
1 4 16.682198 66.640828
1 2 2.097569 63.063460
2 8 23.234536 40.706265
2 4 20.064778 45.011110
3 8 13.007984 32.388269
3 5 6.778755 18.788294
4 7 20.658252 42.638011
5 7 20.482637 43.139309
5 6 14.676184 8.062258
