9 11 4100 441 20
34 60 0.015365 3.720620 13.113186
68 1 3.091891 24.884068 10.272360
84 62 12.665060 17.196811 4.403192
43 75 11.071403 23.530808 8.663383
39 61 5.302522 24.111316 12.986644
35 58 0.911058 22.043293 9.400529
36 66 4.648233 5.681978 3.098866
66 28 18.444711 9.087631 0.476972
48 43 12.468410 10.529723 8.266724
0 5 19.119627 2.236068
0 4 8.394570 5.099020
1 4 11.436234 66.640828
1 2 19.746068 63.063460
2 8 21.750234 40.706265
2 4 0.674423 45.011110
3 8 19.931219 32.388269
3 5 12.073170 18.788294
4 7 22.091327 42.638011
5 7 17.996862 43.139309
5 6 17.591647 8.062258
