15 19 36000 1690 20
74 69 25.691993 41.641240 43.224503
82 86 45.195291 29.134260 27.350201
93 43 43.386803 27.039237 34.537733
26 23 36.788120 38.532652 30.257939
90 50 30.159685 49.197408 41.006033
20 19 32.551090 46.200164 41.476098
91 26 35.873354 31.186834 38.468189
26 11 38.615356 36.436144 38.864312
37 22 32.384029 47.856020 26.532150
94 31 41.600863 26.586368 27.247835
51 13 42.539911 41.347465 26.529736
85 77 40.908713 31.041349 33.903501
72 56 44.981554 30.671228 25.739873
33 8 37.612034 26.386229 34.844243
9 9 34.720992 40.364687 35.503240
0 11 48.703565 13.601471
0 4 25.418721 24.839485
0 2 33.331589 32.202484
1 9 33.225984 56.293872
1 2 46.076038 44.384682
2 12 45.685059 24.698178
2 6 37.780757 17.117243
2 4 26.214011 7.615773
3 8 33.344672 11.045361
4 11 32.346816 27.459060
4 5 42.784505 76.557168
5 7 37.676677 10.000000
6 9 45.482482 5.830952
7 13 35.020919 7.615773
7 10 36.002188 25.079872
8 10 49.982409 16.643317
10 13 29.642921 18.681542
11 12 31.764656 24.698178
13 14 42.051617 24.020824
