9 11 29242 488 20
34 60 9.354523 8.501537 5.902578
68 1 18.219703 23.661272 1.410142
84 62 11.919293 1.507307 11.281193
43 75 16.871969 3.510736 12.499535
39 61 7.486114 4.981624 16.508057
35 58 16.851820 18.269442 23.142463
36 66 0.673484 6.198521 11.523295
66 28 24.382806 18.973470 22.072019
48 43 2.681036 22.646364 4.492488
0 5 17.335622 2.236068
0 4 2.286522 5.099020
1 4 5.747846 66.640828
1 2 23.549524 63.063460
2 8 21.817523 40.706265
2 4 20.728935 45.011110
3 8 0.021708 32.388269
3 5 12.752850 18.788294
4 7 5.930563 42.638011
5 7 19.917397 43.139309
5 6 6.684603 8.062258
