20 27 36363 1691 20
35 45 35.567891 46.273571 26.062641
13 42 39.981437 25.629123 44.327117
33 74 41.568346 25.636819 49.473640
17 73 28.242871 43.853612 37.136284
10 63 31.218506 27.036383 27.303535
81 52 38.437861 30.647002 26.091112
89 62 46.440934 31.797436 26.782583
16 24 35.441392 36.224116 33.119843
49 71 44.663204 26.164663 41.364128
6 25 48.460916 31.629362 29.635764
8 62 31.599080 40.763625 47.723382
25 26 40.711438 39.061011 40.799653
79 71 33.527536 32.759364 46.152948
66 47 28.874734 35.395872 32.328797
34 52 30.929306 30.814988 26.307573
37 23 26.765097 30.127947 38.894936
13 9 27.483267 47.382374 40.775368
61 7 35.191731 33.864358 33.129204
8 64 33.580022 38.933139 35.845964
15 3 44.616060 45.759427 29.546419
0 15 48.247346 22.090722
0 10 29.580931 31.906112
1 16 34.115967 33.000000
1 15 28.402511 30.610456
1 10 32.551643 20.615528
1 9 43.937974 18.384776
1 7 42.267218 18.248288
1 5 35.312000 68.731361
2 13 37.330592 42.638011
2 12 45.772592 46.097722
2 11 45.915509 48.662100
2 3 27.194535 16.031220
4 10 42.307413 2.236068
6 13 27.835744 27.459060
6 12 37.321393 13.453624
7 17 34.236674 48.104054
7 11 49.088858 9.219544
7 10 38.402373 38.832976
8 14 39.954597 24.207437
8 12 46.235614 30.000000
9 18 48.646573 39.051248
9 16 42.729382 17.464249
10 18 38.642247 2.000000
10 13 36.125924 59.908263
12 13 41.901877 27.294688
15 19 30.124426 29.732137
16 19 31.699712 6.324555
