14 16 4181 3643 20
12 12 43.617256 27.790076 35.617707
25 65 28.871314 36.715262 27.963310
32 54 25.921246 32.505947 40.376388
42 97 41.372947 44.696001 34.367388
71 86 25.506415 37.311837 40.412161
83 71 44.346164 31.652657 36.736611
52 2 39.547389 32.906588 45.715486
63 71 31.598424 45.091870 38.678467
35 97 34.594597 49.375586 32.409958
54 84 35.585006 49.550431 47.010692
85 90 25.854598 42.756798 41.191099
20 37 29.024826 49.426641 25.383714
87 86 34.993432 26.247158 33.076665
18 36 38.770799 32.408967 40.889241
0 13 31.734613 24.738634
0 2 26.272761 46.518813
1 9 48.915663 34.669872
1 4 32.376296 50.566788
2 11 25.659791 20.808652
2 10 27.227585 64.070274
2 3 42.848152 44.147480
4 12 29.816086 16.000000
4 5 32.391428 19.209373
5 6 40.311909 75.643903
7 12 44.752929 28.301943
7 11 42.535264 54.817880
7 9 49.991180 15.811388
8 12 37.283798 53.150729
8 10 36.024895 50.487622
10 12 31.225164 4.472136
