9 11 28431 661 20
34 60 0.477995 1.261856 3.306623
68 1 5.854905 19.012717 15.605017
84 62 21.674403 20.862699 14.363050
43 75 1.662105 17.746145 22.335627
39 61 20.872831 20.767959 24.527208
35 58 19.427182 22.597146 10.605808
36 66 7.798851 23.545546 9.011625
66 28 20.957782 8.585345 8.962341
48 43 14.397666 6.637974 1.678698
0 5 23.673385 2.236068
0 4 9.683306 5.099020
1 4 21.597684 66.640828
1 2 11.401194 63.063460
2 8 20.412415 40.706265
2 4 13.836786 45.011110
3 8 10.696249 32.388269
3 5 14.277909 18.788294
4 7 20.935654 42.638011
5 7 0.268916 43.139309
5 6 17.592118 8.062258
