9 11 33261 796 20
34 60 5.574769 12.308674 15.375727
68 1 22.756345 19.273590 6.614939
84 62 17.875928 19.202440 4.284056
43 75 11.246306 11.049695 23.868657
39 61 16.771512 6.406274 18.913145
35 58 12.208359 21.233251 9.171311
36 66 5.481158 2.995408 12.746032
66 28 10.067491 11.408396 21.984744
48 43 23.494561 2.867327 21.020970
0 5 23.365072 2.236068
0 4 24.511608 5.099020
1 4 19.690422 66.640828
1 2 2.266435 63.063460
2 8 17.043997 40.706265
2 4 9.374624 45.011110
3 8 23.478558 32.388269
3 5 18.299630 18.788294
4 7 15.923433 42.638011
5 7 1.221322 43.139309
5 6 14.396329 8.062258
