12 13 3333 622 20
63 85 44.468912 30.252166 26.107186
89 66 45.013962 47.965929 32.924716
57 26 27.700978 36.920905 36.028414
63 41 39.491995 36.848583 49.271707
42 11 39.312057 40.836962 27.478919
72 60 44.874258 41.201470 46.808244
19 21 33.338672 40.703116 34.921632
67 52 42.330727 44.318926 49.572566
21 55 32.220557 31.548926 27.703074
12 47 37.946801 42.851291 27.487049
8 53 35.258827 34.643799 31.503187
52 75 30.648359 26.598115 39.575375
0 11 47.395962 14.866069
0 10 42.223073 63.631753
0 8 29.411264 51.613952
1 11 40.179402 38.078866
1 8 39.327491 68.883960
1 5 47.995531 18.027756
1 4 44.951773 72.346389
1 3 27.923687 36.069378
2 4 48.023870 21.213203
3 7 41.455079 11.704700
6 10 37.176296 33.837849
7 9 47.887362 55.226805
9 10 39.085261 7.211103
