10 10 28285 555 20
13 81 28.869064 33.222277 35.889274
80 78 29.670149 42.346928 25.803320
22 73 44.315548 32.234100 28.271567
85 16 46.191642 28.980231 30.414973
50 19 37.347267 45.966142 35.960984
8 50 31.237824 33.546865 47.777720
73 85 31.888688 34.923592 41.103541
71 58 30.936163 38.745654 32.467741
79 14 25.052408 38.701612 33.547598
79 82 36.612826 26.471460 38.523153
0 2 40.392157 12.041595
1 9 34.752575 4.123106
1 6 42.130298 9.899495
2 8 27.407743 82.036577
2 7 25.148812 51.244512
3 8 33.355356 6.324555
4 9 40.892903 69.354164
5 8 33.642221 79.605276
6 9 26.437005 6.708204
7 9 28.021003 25.298221
