14 16 27923 5086 20
12 12 30.813393 36.554014 47.471227
25 65 30.978741 39.270096 39.069602
32 54 27.825186 31.119380 26.759174
42 97 31.864505 37.236327 33.366740
71 86 42.950903 39.521369 42.032811
83 71 46.041959 41.822982 47.128872
52 2 31.673179 32.250413 37.117280
63 71 42.044547 49.648033 42.479626
35 97 41.457384 33.786941 25.684345
54 84 34.743846 35.906605 36.583087
85 90 35.342590 38.687800 28.119803
20 37 34.282059 47.625048 46.915793
87 86 27.077248 48.744332 26.280499
18 36 38.260751 37.396490 34.261322
0 13 26.175887 24.738634
0 2 28.555316 46.518813
1 9 35.644581 34.669872
1 4 36.993541 50.566788
2 11 42.083812 20.808652
2 10 35.684402 64.070274
2 3 42.250962 44.147480
4 12 43.909358 16.000000
4 5 40.657534 19.209373
5 6 26.288007 75.643903
7 12 41.360862 28.301943
7 11 31.879352 54.817880
7 9 32.328446 15.811388
8 12 36.259026 53.150729
8 10 38.251322 50.487622
10 12 25.447751 4.472136
