11 10 3555 1713 20
86 55 40.727035 46.211133 40.908482
78 84 40.867013 27.760470 36.484946
26 30 26.659318 32.195411 42.805672
88 39 45.251495 46.056983 27.405633
6 66 32.865077 25.535015 48.345102
58 57 49.214593 41.198618 44.440052
63 87 41.832647 37.770041 35.973905
78 66 32.451394 31.352636 41.326074
48 98 39.838174 28.160371 48.838007
95 45 29.149525 43.526911 38.778064
56 85 37.651311 29.018430 33.316080
0 9 39.294885 13.453624
0 5 35.020114 28.071338
1 8 31.392235 33.105891
2 9 36.528526 70.611614
2 4 42.379310 41.182521
2 3 27.338031 62.649820
4 8 39.887582 52.801515
6 9 47.180617 52.801515
6 7 40.807594 25.806976
8 10 27.942707 15.264338
