9 11 28507 1726 20
34 60 2.568264 18.867754 21.238472
68 1 17.415571 21.578808 5.020132
84 62 0.828527 2.649554 7.367065
43 75 11.049970 9.805714 0.485877
39 61 17.474634 4.523541 4.608533
35 58 1.857731 9.468981 20.993242
36 66 13.779261 14.879240 5.374290
66 28 18.301614 20.226388 18.051054
48 43 3.888832 15.915054 7.217176
0 5 18.577960 2.236068
0 4 23.003650 5.099020
1 4 5.309435 66.640828
1 2 24.817198 63.063460
2 8 14.260107 40.706265
2 4 11.651585 45.011110
3 8 2.122680 32.388269
3 5 5.043981 18.788294
4 7 17.468636 42.638011
5 7 15.544618 43.139309
5 6 2.253732 8.062258
