9 11 27051 1362 20
34 60 19.321425 3.624955 16.941246
68 1 3.672226 0.405756 19.919998
84 62 19.506896 11.247586 5.497295
43 75 10.782766 20.225843 23.821746
39 61 17.707695 14.287255 21.944122
35 58 19.890846 0.111443 0.156117
36 66 6.794266 6.621450 8.150056
66 28 16.807613 23.944878 7.465967
48 43 20.210068 2.665537 18.648602
0 5 19.415551 2.236068
0 4 8.015997 5.099020
1 4 24.946682 66.640828
1 2 13.134239 63.063460
2 8 0.343793 40.706265
2 4 0.037188 45.011110
3 8 0.012254 32.388269
3 5 24.163273 18.788294
4 7 18.634854 42.638011
5 7 2.268743 43.139309
5 6 2.846680 8.062258
