17 23 34625 1063 20
67 59 42.792026 39.452998 30.551288
88 63 35.875357 43.862543 25.293928
30 29 49.194755 34.264357 45.495991
35 20 35.804154 39.791816 46.112869
48 64 34.181838 37.779860 31.468729
68 37 25.456539 43.581317 25.253691
95 50 48.023961 35.278111 31.358131
4 22 27.730756 32.811716 46.123693
17 8 37.118606 43.094829 34.244192
80 87 27.332079 32.928039 49.217256
99 85 48.760461 43.439290 34.074674
73 64 29.721338 44.000188 35.572826
5 9 44.507765 34.012691 47.859939
95 92 45.337310 43.142160 38.394545
12 12 48.770346 33.745346 47.489990
25 65 35.132683 49.181667 27.891145
32 54 38.147347 48.711718 32.526787
0 16 26.081925 35.355339
0 1 39.655213 21.377558
1 15 27.654071 63.031738
1 9 37.634012 25.298221
1 6 25.971045 14.764823
2 14 28.074868 24.758837
2 9 27.395401 76.576759
2 3 39.561768 10.295630
3 14 49.802083 24.351591
3 8 28.855636 21.633308
3 6 31.911251 67.082039
4 16 30.540119 18.867962
4 15 28.266663 23.021729
5 13 38.804015 61.269895
5 11 49.405275 27.459060
7 16 48.416327 42.520583
7 12 35.234544 13.038405
9 16 47.801779 58.249464
9 11 41.708685 24.041631
9 10 26.520586 19.104973
10 13 42.556003 8.062258
12 14 27.962783 7.615773
14 16 37.197399 46.518813
