9 11 36041 603 20
34 60 13.682661 0.948653 16.153308
68 1 9.091631 18.725821 19.048304
84 62 3.819833 10.716975 13.254689
43 75 24.604768 2.440514 9.896804
39 61 3.838011 0.502793 6.045442
35 58 17.281888 7.145618 1.361021
36 66 4.654796 1.334313 6.040152
66 28 15.904967 4.895955 12.951788
48 43 23.232830 17.965290 22.285678
0 5 4.378209 2.236068
0 4 9.346012 5.099020
1 4 12.912295 66.640828
1 2 22.335496 63.063460
2 8 16.242806 40.706265
2 4 9.627830 45.011110
3 8 9.996444 32.388269
3 5 10.118551 18.788294
4 7 12.942298 42.638011
5 7 12.606018 43.139309
5 6 13.205412 8.062258
