10 10 31307 3966 20
13 81 29.172847 31.346838 33.254381
80 78 41.118839 46.868980 46.179276
22 73 28.048323 31.225449 32.484323
85 16 47.759887 48.063635 29.331928
50 19 29.918183 35.699325 32.849404
8 50 29.340430 25.797092 33.994836
73 85 34.218423 46.576647 32.259777
71 58 46.584069 26.553588 32.893535
79 14 34.992274 25.854628 25.978085
79 82 37.640232 47.961524 34.633014
0 2 30.802015 12.041595
1 9 46.354873 4.123106
1 6 43.063767 9.899495
2 8 33.564025 82.036577
2 7 35.704425 51.244512
3 8 25.670365 6.324555
4 9 44.337490 69.354164
5 8 43.454879 79.605276
6 9 45.625758 6.708204
7 9 41.476606 25.298221
