15 19 25692 813 20
74 69 47.377646 33.807477 43.389877
82 86 42.608969 29.182675 31.508409
93 43 40.733501 30.127462 30.890145
26 23 46.159993 40.201868 30.946424
90 50 34.998347 47.784093 43.683645
20 19 26.879385 43.991424 46.128937
91 26 30.050071 39.375052 40.133093
26 11 47.674447 27.597954 28.022819
37 22 39.400061 30.288386 38.052904
94 31 36.899904 30.794869 47.179152
51 13 41.321178 34.026116 38.253090
85 77 45.925673 46.474865 26.592874
72 56 45.163009 43.949383 38.938432
33 8 25.424496 39.106614 37.369157
9 9 49.757068 35.907834 49.255630
0 11 38.391719 13.601471
0 4 36.915445 24.839485
0 2 32.223126 32.202484
1 9 35.986052 56.293872
1 2 28.232813 44.384682
2 12 26.625996 24.698178
2 6 36.250811 17.117243
2 4 43.389455 7.615773
3 8 40.084369 11.045361
4 11 28.188940 27.459060
4 5 39.452968 76.557168
5 7 40.161847 10.000000
6 9 38.873165 5.830952
7 13 29.710964 7.615773
7 10 43.048785 25.079872
8 10 47.471084 16.643317
10 13 31.429873 18.681542
11 12 45.851253 24.698178
13 14 41.470800 24.020824
