19 20 36272 3334 20
10 84 43.310775 48.078243 37.827589
3 72 36.009405 29.899049 26.006272
4 42 36.799608 44.530317 35.225488
69 21 34.576322 29.555617 30.475983
21 30 30.261239 46.156850 43.577809
9 16 44.317134 46.863115 32.310790
9 90 38.965319 38.377207 44.317695
71 9 49.680627 26.417327 25.971888
1 93 33.806684 43.059273 34.274884
45 45 38.590572 32.287909 43.612636
47 73 42.790051 37.365487 31.227320
27 80 36.463731 42.104233 41.307616
98 11 36.929577 29.840070 35.325839
0 40 30.671505 27.742015 44.761783
20 20 27.949909 44.073899 29.991085
41 96 43.829866 43.303774 36.188732
58 41 38.121171 45.381427 30.194919
82 52 32.733477 45.229167 35.667195
63 92 32.424394 43.143837 46.618923
0 15 42.302284 33.241540
1 11 38.773453 25.298221
2 8 28.455380 51.088159
3 16 31.928188 22.825424
3 12 30.836692 30.675723
3 9 44.531052 33.941125
3 7 36.105995 12.165525
3 6 45.688242 91.438504
4 13 26.294078 23.259407
5 14 39.903463 11.704700
6 15 47.677708 32.557641
6 10 49.814434 41.629317
7 18 25.081043 83.384651
7 16 33.328895 34.539832
8 15 25.665464 40.112342
9 14 26.655773 35.355339
9 11 42.284710 39.357337
10 13 32.632887 57.428216
14 17 30.897857 69.771054
14 16 27.527321 43.416587
