9 11 33003 1555 20
34 60 12.863476 10.845067 16.165432
68 1 24.633490 2.832184 20.679177
84 62 13.806762 22.779652 15.811722
43 75 24.446829 7.630089 10.925851
39 61 2.967015 14.824531 14.821640
35 58 5.197060 14.618339 6.160192
36 66 13.786675 4.477005 23.130645
66 28 1.953845 24.275308 8.682217
48 43 7.336737 1.181972 3.657718
0 5 8.129854 2.236068
0 4 10.697649 5.099020
1 4 7.090784 66.640828
1 2 13.493149 63.063460
2 8 7.335960 40.706265
2 4 9.741246 45.011110
3 8 24.715130 32.388269
3 5 2.584243 18.788294
4 7 4.801502 42.638011
5 7 13.652570 43.139309
5 6 1.470484 8.062258
