20 27 34375 1289 20
35 45 25.022355 49.199214 42.306961
13 42 42.788759 28.432064 34.038397
33 74 43.957761 33.306966 29.431439
17 73 26.792615 43.140162 26.742303
10 63 26.158435 33.744042 38.576843
81 52 27.565839 47.573357 33.590946
89 62 36.535882 34.043584 38.200392
16 24 33.865225 26.179456 36.796245
49 71 43.462320 49.041473 28.754296
6 25 35.675546 33.492312 30.632269
8 62 48.630121 38.473243 37.685102
25 26 26.698052 27.070501 49.958278
79 71 46.557302 26.649387 35.151140
66 47 46.298960 28.037830 40.275574
34 52 26.163469 38.451688 25.243277
37 23 35.069089 43.826440 41.207150
13 9 49.557745 49.174862 41.463910
61 7 48.191930 37.445195 30.957225
8 64 39.464384 42.495940 33.898447
15 3 25.730468 39.756244 38.295884
0 15 37.317829 22.090722
0 10 35.992522 31.906112
1 16 39.602131 33.000000
1 15 47.151461 30.610456
1 10 41.688777 20.615528
1 9 49.515216 18.384776
1 7 31.821298 18.248288
1 5 45.959535 68.731361
2 13 38.722903 42.638011
2 12 42.607912 46.097722
2 11 28.107999 48.662100
2 3 48.594131 16.031220
4 10 45.418917 2.236068
6 13 30.308305 27.459060
6 12 30.959296 13.453624
7 17 43.473617 48.104054
7 11 35.168786 9.219544
7 10 42.577300 38.832976
8 14 28.171864 24.207437
8 12 27.890094 30.000000
9 18 40.665093 39.051248
9 16 32.561173 17.464249
10 18 28.942777 2.000000
10 13 44.900669 59.908263
12 13 26.784233 27.294688
15 19 47.044616 29.732137
16 19 25.123972 6.324555
