14 16 4272 1439 20
12 12 34.305562 46.373382 45.239880
25 65 31.535872 42.381339 35.518820
32 54 47.203899 46.266417 44.679308
42 97 41.601435 35.269304 46.831884
71 86 43.487457 38.763828 33.372786
83 71 47.486368 25.244320 41.582483
52 2 38.178323 26.594693 36.726149
63 71 29.970190 45.749954 38.787678
35 97 38.315989 38.052694 33.446912
54 84 46.757887 48.815305 40.539302
85 90 29.939543 30.743418 25.167932
20 37 36.720974 41.683340 27.830345
87 86 25.349185 35.438106 34.286864
18 36 49.035881 32.625810 25.608495
0 13 34.931180 24.738634
0 2 49.058039 46.518813
1 9 34.591878 34.669872
1 4 48.161245 50.566788
2 11 37.850194 20.808652
2 10 45.775535 64.070274
2 3 30.176995 44.147480
4 12 29.152146 16.000000
4 5 32.430013 19.209373
5 6 46.916728 75.643903
7 12 47.033657 28.301943
7 11 41.333962 54.817880
7 9 43.952669 15.811388
8 12 35.901329 53.150729
8 10 38.646397 50.487622
10 12 28.294863 4.472136
