10 10 31538 2509 20
13 81 29.925672 46.653858 40.610040
80 78 32.700444 28.039884 33.698955
22 73 31.507980 34.670844 28.769756
85 16 34.320356 40.142998 49.379594
50 19 31.213171 36.474885 33.158941
8 50 37.948917 31.096583 26.202684
73 85 25.442110 37.208952 38.452596
71 58 47.348419 31.438879 28.465437
79 14 30.623200 34.446569 47.489849
79 82 29.962018 33.598393 44.423729
0 2 42.941521 12.041595
1 9 44.813170 4.123106
1 6 39.397266 9.899495
2 8 38.115879 82.036577
2 7 45.645345 51.244512
3 8 41.275024 6.324555
4 9 41.519503 69.354164
5 8 41.035319 79.605276
6 9 36.908950 6.708204
7 9 35.864353 25.298221
