12 13 28857 841 20
63 85 33.979233 42.889656 44.975358
89 66 40.666610 40.403675 29.806912
57 26 35.193257 48.090597 42.483503
63 41 41.866861 42.142977 34.797116
42 11 33.401314 32.253916 43.277204
72 60 29.849708 35.754142 38.409816
19 21 37.400650 33.046028 46.779533
67 52 32.559219 33.805270 27.576817
21 55 40.016350 29.640260 44.574167
12 47 47.052864 35.433285 39.444374
8 53 49.451133 35.904933 45.688455
52 75 49.208815 41.779063 42.432638
0 11 28.259169 14.866069
0 10 32.299439 63.631753
0 8 49.400345 51.613952
1 11 36.353421 38.078866
1 8 25.416134 68.883960
1 5 36.832762 18.027756
1 4 39.044914 72.346389
1 3 38.237568 36.069378
2 4 42.891594 21.213203
3 7 49.766213 11.704700
6 10 40.542332 33.837849
7 9 39.261696 55.226805
9 10 36.328341 7.211103
