15 19 27846 1111 20
74 69 30.549366 25.434281 42.720020
82 86 27.682781 37.390977 44.377695
93 43 26.457277 35.532403 42.024923
26 23 35.847388 28.934523 39.182415
90 50 49.886017 46.381310 45.068184
20 19 27.148632 42.551998 35.846493
91 26 39.059039 47.669972 33.517285
26 11 25.992976 47.719620 48.227914
37 22 46.500850 41.570494 40.331968
94 31 25.951899 34.529828 41.696276
51 13 45.848045 39.670233 29.288071
85 77 39.461391 48.196690 33.922091
72 56 41.754768 29.046995 29.299900
33 8 27.419309 34.664098 42.456981
9 9 36.294881 26.678850 45.668779
0 11 28.663416 13.601471
0 4 43.129120 24.839485
0 2 25.151441 32.202484
1 9 33.394862 56.293872
1 2 48.273550 44.384682
2 12 39.355526 24.698178
2 6 48.389442 17.117243
2 4 35.495808 7.615773
3 8 39.824664 11.045361
4 11 35.391594 27.459060
4 5 34.247685 76.557168
5 7 37.721943 10.000000
6 9 35.101431 5.830952
7 13 41.282892 7.615773
7 10 30.269319 25.079872
8 10 49.571217 16.643317
10 13 35.357447 18.681542
11 12 37.337299 24.698178
13 14 37.352578 24.020824
