9 11 27899 1112 20
34 60 21.002844 23.889186 16.576327
68 1 15.224186 4.093927 19.033897
84 62 6.253578 13.645819 4.629628
43 75 17.260019 3.735555 13.851417
39 61 2.234439 23.946413 9.359105
35 58 2.418869 12.847785 23.166914
36 66 12.702623 5.653044 8.705474
66 28 17.595076 18.665189 5.291716
48 43 1.589895 0.076712 10.602829
0 5 10.699357 2.236068
0 4 16.979537 5.099020
1 4 15.957253 66.640828
1 2 19.379330 63.063460
2 8 2.346631 40.706265
2 4 10.433666 45.011110
3 8 11.494194 32.388269
3 5 19.294754 18.788294
4 7 24.801683 42.638011
5 7 9.146263 43.139309
5 6 23.317703 8.062258
