10 10 28714 2384 20
13 81 47.807311 39.219515 31.925036
80 78 25.252493 36.948866 28.352972
22 73 26.399265 44.422771 25.954003
85 16 32.528388 41.785180 37.851443
50 19 43.345779 25.315145 30.214194
8 50 45.242843 44.778396 29.950040
73 85 30.654675 33.572702 37.358484
71 58 39.278899 44.924085 32.760837
79 14 42.193273 33.946485 29.676432
79 82 37.638222 42.542891 35.045831
0 2 37.583120 12.041595
1 9 28.691687 4.123106
1 6 38.875845 9.899495
2 8 28.503240 82.036577
2 7 39.233004 51.244512
3 8 39.744487 6.324555
4 9 46.929291 69.354164
5 8 44.909980 79.605276
6 9 40.623941 6.708204
7 9 47.114196 25.298221
