9 11 4895 691 20
34 60 13.763077 5.657337 23.139684
68 1 3.221314 23.879301 14.372317
84 62 6.438859 11.921760 8.495920
43 75 16.556445 0.587292 10.562113
39 61 19.972328 14.991086 9.622889
35 58 10.396833 18.846878 18.396263
36 66 17.587891 19.253024 19.141250
66 28 10.192935 5.310326 10.266720
48 43 19.773191 11.210358 1.252201
0 5 19.801984 2.236068
0 4 6.752416 5.099020
1 4 4.704546 66.640828
1 2 2.966754 63.063460
2 8 18.587694 40.706265
2 4 9.347545 45.011110
3 8 14.946046 32.388269
3 5 18.853864 18.788294
4 7 3.434127 42.638011
5 7 9.136472 43.139309
5 6 13.926093 8.062258
