14 16 25538 2473 20
12 12 27.240845 26.009997 44.526202
25 65 42.279482 38.613721 40.454869
32 54 40.455793 28.453031 25.005394
42 97 44.368439 38.183319 39.235336
71 86 27.107926 37.935005 38.870122
83 71 27.230316 31.565437 39.431975
52 2 48.793520 37.024009 25.217151
63 71 46.047616 28.012804 30.835934
35 97 41.996945 44.613750 34.922728
54 84 38.237568 46.212567 42.193792
85 90 48.324118 46.019908 47.562369
20 37 37.489914 36.964789 32.289489
87 86 49.368753 44.508314 28.269200
18 36 41.448000 37.163379 30.543146
0 13 36.261058 24.738634
0 2 48.186997 46.518813
1 9 39.740406 34.669872
1 4 41.486351 50.566788
2 11 48.334809 20.808652
2 10 38.192970 64.070274
2 3 42.374575 44.147480
4 12 25.192963 16.000000
4 5 47.349553 19.209373
5 6 36.272407 75.643903
7 12 26.426147 28.301943
7 11 40.854358 54.817880
7 9 28.903845 15.811388
8 12 30.280850 53.150729
8 10 27.803269 50.487622
10 12 42.724425 4.472136
