13 17 25615 1769 20
93 57 47.979866 43.251276 26.489374
41 71 37.327324 35.067704 31.162274
57 70 27.475614 30.699623 25.120690
91 58 47.944030 44.153037 43.712251
54 58 47.438996 42.883988 26.465631
38 57 25.204991 28.002266 29.560727
91 9 45.203967 47.800065 40.283221
79 51 35.550286 47.477324 27.754532
5 54 34.948023 43.852930 41.468543
16 79 25.362283 48.111215 28.105476
49 93 41.631007 34.139364 27.358305
37 14 25.945606 46.468996 41.257749
82 11 41.762342 37.887625 27.661654
0 12 28.365841 47.296934
0 5 43.567017 55.000000
0 3 34.999278 2.236068
0 2 35.947765 38.275318
0 1 33.760826 53.851648
1 10 26.900399 23.409400
1 3 35.883266 51.662365
3 7 43.997335 13.892444
3 6 26.031726 49.000000
4 9 36.839322 43.416587
4 7 26.709719 25.961510
5 7 43.942915 41.436699
6 12 25.542583 9.219544
7 10 30.516287 51.613952
8 9 48.219395 27.313001
9 10 28.697091 35.846897
11 12 39.441758 45.099889
