17 23 30777 704 20
67 59 27.804935 28.733624 29.628311
88 63 35.661218 43.527798 45.615500
30 29 41.955990 27.268496 34.502676
35 20 27.283988 36.998164 33.875021
48 64 42.168756 27.262089 46.012543
68 37 39.660619 38.193459 43.811356
95 50 45.750988 26.032892 37.079899
4 22 43.790790 31.610407 47.016347
17 8 46.599985 36.129930 30.162055
80 87 30.798811 48.209040 31.092541
99 85 41.760050 27.229413 37.733921
73 64 37.761253 41.351736 45.381332
5 9 32.209435 47.175564 42.065317
95 92 29.338484 33.355490 48.759447
12 12 45.520788 41.252477 42.992360
25 65 48.683920 49.526502 48.198131
32 54 33.721709 42.600918 41.222233
0 16 38.211317 35.355339
0 1 44.707614 21.377558
1 15 34.476015 63.031738
1 9 41.371794 25.298221
1 6 47.814101 14.764823
2 14 44.722644 24.758837
2 9 46.582784 76.576759
2 3 44.775861 10.295630
3 14 42.739858 24.351591
3 8 33.475455 21.633308
3 6 25.149553 67.082039
4 16 33.532158 18.867962
4 15 27.724029 23.021729
5 13 46.605018 61.269895
5 11 37.852124 27.459060
7 16 34.458557 42.520583
7 12 44.810976 13.038405
9 16 34.064988 58.249464
9 11 38.646140 24.041631
9 10 37.282975 19.104973
10 13 34.643001 8.062258
12 14 39.920624 7.615773
14 16 36.963960 46.518813
