10 10 36636 3986 20
13 81 41.558367 40.175845 29.160281
80 78 27.270664 30.025431 41.006025
22 73 46.252748 28.926723 34.320802
85 16 34.206071 28.888066 26.598849
50 19 48.421052 31.532667 49.621811
8 50 42.257806 49.108570 32.670685
73 85 47.791969 43.674224 39.627141
71 58 40.205020 45.909095 29.888988
79 14 43.644508 29.846467 30.513806
79 82 37.923506 35.787677 39.737167
0 2 27.829450 12.041595
1 9 44.036806 4.123106
1 6 32.798051 9.899495
2 8 35.127370 82.036577
2 7 28.217275 51.244512
3 8 48.858405 6.324555
4 9 43.134351 69.354164
5 8 44.946949 79.605276
6 9 33.190778 6.708204
7 9 28.318179 25.298221
