11 10 3777 2169 20
86 55 46.215117 45.961270 38.729216
78 84 49.044694 47.896123 36.057733
26 30 27.040597 27.692906 28.607373
88 39 46.063711 43.882416 38.976879
6 66 39.313235 32.486998 39.690146
58 57 29.219009 32.228754 29.667269
63 87 35.222582 42.470275 49.858389
78 66 32.443944 26.094728 46.180230
48 98 35.668094 47.379235 27.252391
95 45 48.188036 33.621920 26.210596
56 85 47.165272 30.932888 35.077316
0 9 41.468919 13.453624
0 5 37.630144 28.071338
1 8 38.103622 33.105891
2 9 41.009814 70.611614
2 4 30.597655 41.182521
2 3 32.767109 62.649820
4 8 44.628810 52.801515
6 9 34.269895 52.801515
6 7 35.617949 25.806976
8 10 34.494185 15.264338
