10 10 30222 855 20
13 81 46.203117 26.882000 49.380914
80 78 31.252638 26.827284 45.171442
22 73 35.302883 43.025175 39.062798
85 16 30.198800 26.917323 32.978596
50 19 39.377565 32.925418 36.151260
8 50 35.908481 36.747107 41.986329
73 85 39.187038 29.162238 46.031313
71 58 25.910273 49.839518 32.753383
79 14 36.514044 45.533606 43.965358
79 82 42.454919 31.768996 33.930959
0 2 49.767123 12.041595
1 9 34.470321 4.123106
1 6 37.041349 9.899495
2 8 35.881300 82.036577
2 7 39.122213 51.244512
3 8 35.813201 6.324555
4 9 48.718910 69.354164
5 8 49.969669 79.605276
6 9 32.840891 6.708204
7 9 31.008301 25.298221
