10 10 34500 1344 20
13 81 30.199397 25.220141 43.560805
80 78 44.006998 36.257957 38.074005
22 73 48.914270 36.396096 26.230989
85 16 35.851222 46.931327 40.128985
50 19 38.146115 45.872960 28.939938
8 50 49.088820 49.164204 42.581310
73 85 29.152799 36.846293 29.849578
71 58 32.715710 33.489523 49.842609
79 14 29.336516 40.585594 30.361911
79 82 30.952571 25.521191 33.831449
0 2 44.849355 12.041595
1 9 42.458610 4.123106
1 6 45.090834 9.899495
2 8 47.852108 82.036577
2 7 25.762487 51.244512
3 8 45.396374 6.324555
4 9 37.412806 69.354164
5 8 47.694573 79.605276
6 9 39.932553 6.708204
7 9 32.281879 25.298221
