13 17 26200 2945 20
93 57 33.280001 30.542532 35.680442
41 71 46.168712 41.145607 33.886637
57 70 25.979718 28.635062 25.120264
91 58 29.432781 28.778584 33.176025
54 58 49.122961 35.892132 38.402713
38 57 29.964226 32.843485 25.007431
91 9 35.851939 33.839788 30.232556
79 51 39.625665 42.158793 47.220979
5 54 28.600723 35.623688 43.751968
16 79 31.496846 32.801003 44.607202
49 93 25.661716 40.463648 48.951834
37 14 30.589170 33.743310 41.650055
82 11 42.137684 39.913854 29.725828
0 12 47.707782 47.296934
0 5 40.513438 55.000000
0 3 42.587844 2.236068
0 2 27.159695 38.275318
0 1 31.960198 53.851648
1 10 31.134533 23.409400
1 3 41.159855 51.662365
3 7 47.940932 13.892444
3 6 49.616913 49.000000
4 9 45.567276 43.416587
4 7 38.316070 25.961510
5 7 32.349622 41.436699
6 12 27.479788 9.219544
7 10 42.996726 51.613952
8 9 35.360395 27.313001
9 10 41.926789 35.846897
11 12 35.463681 45.099889
