9 11 31918 1096 20
34 60 1.547635 3.082698 0.658250
68 1 13.753139 1.915095 3.024568
84 62 0.281346 17.646482 1.712681
43 75 3.987087 10.235045 0.774562
39 61 10.063328 8.805368 18.219298
35 58 21.343179 16.565135 6.424611
36 66 18.258670 13.056974 11.434725
66 28 21.249685 24.984758 21.067406
48 43 13.112424 12.117688 17.731959
0 5 5.165800 2.236068
0 4 23.633008 5.099020
1 4 20.525730 66.640828
1 2 3.159181 63.063460
2 8 14.271756 40.706265
2 4 4.800922 45.011110
3 8 1.077363 32.388269
3 5 7.830073 18.788294
4 7 11.087101 42.638011
5 7 20.274165 43.139309
5 6 18.770899 8.062258
