14 16 31153 2417 20
12 12 35.660386 41.988156 37.192125
25 65 29.687556 38.933654 39.420433
32 54 37.530164 43.981840 44.009865
42 97 42.087758 34.945297 31.832301
71 86 40.724561 29.030325 28.040597
83 71 39.310788 42.958206 35.953033
52 2 40.440409 38.359624 42.605016
63 71 39.982915 42.033882 25.585716
35 97 31.202880 32.738835 30.479217
54 84 48.633983 41.023726 44.729368
85 90 40.028359 38.726202 36.698869
20 37 44.727476 36.611742 41.037185
87 86 32.888481 36.489112 32.626090
18 36 43.154068 48.995190 45.542678
0 13 39.037577 24.738634
0 2 34.788013 46.518813
1 9 47.978970 34.669872
1 4 29.091272 50.566788
2 11 34.976311 20.808652
2 10 26.529323 64.070274
2 3 35.090797 44.147480
4 12 30.832599 16.000000
4 5 26.127233 19.209373
5 6 37.701479 75.643903
7 12 43.894836 28.301943
7 11 27.717560 54.817880
7 9 30.118913 15.811388
8 12 41.707743 53.150729
8 10 47.731691 50.487622
10 12 34.713376 4.472136
