9 11 29225 531 20
34 60 6.351911 8.880695 14.396630
68 1 24.691684 13.501004 21.876706
84 62 6.984054 15.046232 0.692731
43 75 1.730230 21.038518 19.478167
39 61 15.968270 10.745716 23.639737
35 58 9.395563 5.942318 13.226566
36 66 10.119993 6.080688 23.807277
66 28 19.425075 16.530179 9.177892
48 43 13.493514 3.032934 3.692395
0 5 8.514432 2.236068
0 4 8.534153 5.099020
1 4 12.538570 66.640828
1 2 12.189696 63.063460
2 8 20.605303 40.706265
2 4 12.687074 45.011110
3 8 24.877236 32.388269
3 5 4.644849 18.788294
4 7 6.880638 42.638011
5 7 19.740301 43.139309
5 6 2.224458 8.062258
