10 10 35000 910 20
13 81 41.643839 32.236996 46.663752
80 78 33.914722 41.438805 43.104322
22 73 27.037341 34.885375 30.949415
85 16 47.958876 33.181669 33.448778
50 19 34.935071 45.369910 34.894088
8 50 28.692211 39.066392 33.429554
73 85 34.930576 32.911096 27.975880
71 58 30.417960 35.785881 35.231719
79 14 31.766289 25.723872 31.675301
79 82 45.992914 25.998479 30.054776
0 2 25.709141 12.041595
1 9 27.418551 4.123106
1 6 47.080677 9.899495
2 8 25.482695 82.036577
2 7 41.131326 51.244512
3 8 26.021427 6.324555
4 9 44.074599 69.354164
5 8 35.633114 79.605276
6 9 41.392776 6.708204
7 9 41.954783 25.298221
