9 11 29450 2034 20
34 60 11.331905 0.319138 19.629023
68 1 2.613134 12.232468 20.490720
84 62 23.164879 0.379787 7.107838
43 75 4.637431 16.982169 16.296955
39 61 0.348697 14.716896 8.822410
35 58 22.355300 24.641542 24.748331
36 66 18.815696 9.088175 20.890518
66 28 23.838283 8.052399 10.814011
48 43 12.285368 8.059685 1.249598
0 5 3.282012 2.236068
0 4 21.323956 5.099020
1 4 21.275086 66.640828
1 2 7.682961 63.063460
2 8 15.010774 40.706265
2 4 7.331599 45.011110
3 8 16.964282 32.388269
3 5 7.861318 18.788294
4 7 8.238833 42.638011
5 7 24.029595 43.139309
5 6 20.566359 8.062258
