13 17 31000 658 20
93 57 27.648157 42.811700 34.243490
41 71 30.722500 26.195203 29.984131
57 70 31.717598 49.624781 43.960300
91 58 35.519037 39.303201 46.149895
54 58 26.956994 29.229903 32.030179
38 57 46.164390 34.020238 30.671319
91 9 26.993713 46.129060 40.468865
79 51 37.014014 25.862545 27.946317
5 54 33.549851 48.616539 47.156370
16 79 43.310267 45.815204 49.862456
49 93 40.400461 26.566250 32.934900
37 14 45.806927 40.146688 25.742801
82 11 29.483633 43.669243 48.938596
0 12 44.124810 47.296934
0 5 25.506862 55.000000
0 3 29.496596 2.236068
0 2 39.128983 38.275318
0 1 38.969373 53.851648
1 10 40.965533 23.409400
1 3 41.346049 51.662365
3 7 31.104970 13.892444
3 6 44.726156 49.000000
4 9 37.094208 43.416587
4 7 26.717677 25.961510
5 7 45.042582 41.436699
6 12 36.858860 9.219544
7 10 33.874983 51.613952
8 9 41.101783 27.313001
9 10 25.825544 35.846897
11 12 41.113357 45.099889
