9 11 29056 2706 20
34 60 16.031690 13.840420 18.205526
68 1 20.917578 8.666636 6.269199
84 62 19.129245 21.209374 3.882498
43 75 10.053748 8.932065 6.588550
39 61 24.951684 9.276062 9.825408
35 58 14.052260 6.848817 9.931385
36 66 17.069549 2.629945 12.360810
66 28 20.271733 12.210605 1.522502
48 43 4.317696 3.474945 5.415021
0 5 22.548746 2.236068
0 4 16.657035 5.099020
1 4 19.428844 66.640828
1 2 21.485988 63.063460
2 8 1.366571 40.706265
2 4 14.267281 45.011110
3 8 15.957389 32.388269
3 5 3.663792 18.788294
4 7 8.895031 42.638011
5 7 5.983715 43.139309
5 6 7.850343 8.062258
