9 11 28446 360 20
34 60 12.901567 13.639073 17.710632
68 1 5.213853 9.757808 6.426233
84 62 7.434608 13.794789 18.791921
43 75 14.440236 13.860388 16.244055
39 61 15.843182 11.425125 1.549000
35 58 4.345905 10.100934 21.683604
36 66 0.229442 20.475409 2.425605
66 28 12.915442 3.823519 13.044013
48 43 18.232153 22.555727 5.247502
0 5 10.104815 2.236068
0 4 10.680281 5.099020
1 4 21.221324 66.640828
1 2 19.831653 63.063460
2 8 0.878224 40.706265
2 4 1.946837 45.011110
3 8 13.936639 32.388269
3 5 5.788093 18.788294
4 7 3.183787 42.638011
5 7 13.535557 43.139309
5 6 11.395752 8.062258
