11 10 27000 640 20
86 55 26.001224 26.129049 25.990711
78 84 25.373907 36.154874 45.058988
26 30 30.138189 41.116387 39.174504
88 39 42.057978 36.589414 26.593706
6 66 48.724391 37.039663 42.050902
58 57 43.931571 32.952516 25.027937
63 87 45.345870 45.797357 33.897445
78 66 34.276956 25.915517 44.961245
48 98 49.218565 29.574001 25.723765
95 45 45.770559 39.830669 26.820248
56 85 25.561397 25.686760 29.322717
0 9 33.864021 13.453624
0 5 34.988441 28.071338
1 8 49.473589 33.105891
2 9 41.693469 70.611614
2 4 44.161579 41.182521
2 3 43.019874 62.649820
4 8 43.698909 52.801515
6 9 41.052614 52.801515
6 7 41.799395 25.806976
8 10 45.292272 15.264338
