16 22 25769 2344 20
21 24 35.008751 47.626541 33.501474
48 36 49.381295 36.976328 25.656792
61 43 45.088780 33.373517 34.530277
20 65 42.343041 49.582425 47.831878
45 8 40.103677 44.294000 26.957090
62 16 27.307603 38.633486 39.060486
79 31 34.654162 44.749725 35.748813
37 37 42.793563 33.882691 43.967551
57 51 32.798427 44.097104 41.175895
28 71 39.448073 49.904911 26.655638
4 34 28.167644 49.083853 25.729341
12 12 34.592699 27.860448 49.383905
60 41 45.835283 43.787620 26.256052
98 82 40.721862 36.213459 43.987405
44 26 38.028432 30.071410 36.848925
75 47 42.692747 37.110157 27.684306
0 11 35.399056 15.000000
0 3 25.798557 41.012193
1 12 48.043698 13.000000
1 9 30.398206 40.311289
1 3 25.359696 40.311289
1 2 32.521374 14.764823
2 15 46.958538 14.560220
2 12 35.604540 2.236068
2 8 45.126760 8.944272
2 5 49.448985 27.018512
2 4 49.899469 38.483763
3 14 28.575273 45.793013
3 11 32.950252 53.600373
5 14 39.736414 20.591260
6 14 26.217579 35.355339
7 14 43.999538 13.038405
8 14 33.952277 28.178006
8 13 48.265010 51.400389
9 10 37.565603 44.102154
10 15 46.338833 72.180330
10 11 35.587350 23.409400
12 15 47.386510 16.155494
