11 10 4000 529 20
86 55 40.728335 42.836110 40.786352
78 84 30.419306 40.250585 30.712914
26 30 48.207703 46.988366 27.545010
88 39 48.655136 36.129498 28.018614
6 66 48.912628 43.921227 29.246954
58 57 30.885884 36.161302 47.564626
63 87 47.117564 41.861936 40.140682
78 66 26.626010 43.023440 41.364203
48 98 29.491145 31.821858 34.970518
95 45 49.331443 40.996226 44.866556
56 85 43.133740 47.472693 40.504798
0 9 48.993292 13.453624
0 5 44.328415 28.071338
1 8 46.291089 33.105891
2 9 44.254537 70.611614
2 4 31.250579 41.182521
2 3 45.168311 62.649820
4 8 31.900565 52.801515
6 9 35.504869 52.801515
6 7 49.224576 25.806976
8 10 41.930305 15.264338
