10 10 35666 671 20
13 81 44.129168 40.278969 41.773722
80 78 49.479102 48.511496 47.767440
22 73 42.119516 41.637328 33.009835
85 16 37.973788 32.903312 25.631188
50 19 48.178707 48.737250 45.674053
8 50 46.996822 33.274677 49.097676
73 85 40.340849 41.464170 38.918246
71 58 45.769028 48.546195 27.950349
79 14 31.036698 44.981464 47.346642
79 82 36.016226 45.036832 34.154136
0 2 35.770157 12.041595
1 9 40.422927 4.123106
1 6 46.933158 9.899495
2 8 28.326776 82.036577
2 7 37.011456 51.244512
3 8 37.064693 6.324555
4 9 25.754955 69.354164
5 8 44.245598 79.605276
6 9 47.038044 6.708204
7 9 44.805558 25.298221
