19 20 32000 2103 20
10 84 42.990383 27.256898 27.811304
3 72 25.949688 43.099533 35.961676
4 42 33.553358 28.374619 30.415704
69 21 42.302502 38.174562 47.314803
21 30 41.389781 38.561010 32.671624
9 16 43.655814 30.212401 47.761980
9 90 44.240493 38.510120 31.999595
71 9 40.458410 32.129364 25.063851
1 93 31.495294 25.641985 46.946671
45 45 36.180259 35.295105 39.279574
47 73 27.775785 29.061794 38.119295
27 80 27.923601 48.928848 26.245093
98 11 45.003290 44.185849 30.894951
0 40 34.249206 29.707295 46.005280
20 20 44.215796 34.488200 38.024359
41 96 48.581649 34.184772 27.190872
58 41 29.847685 49.421240 29.007664
82 52 46.841910 31.648133 49.735939
63 92 33.857359 39.278121 49.239848
0 15 35.056408 33.241540
1 11 30.013428 25.298221
2 8 36.066604 51.088159
3 16 40.988101 22.825424
3 12 30.594266 30.675723
3 9 40.030552 33.941125
3 7 42.469178 12.165525
3 6 40.498121 91.438504
4 13 28.585161 23.259407
5 14 29.342795 11.704700
6 15 39.147218 32.557641
6 10 49.822517 41.629317
7 18 27.831602 83.384651
7 16 49.408897 34.539832
8 15 43.334180 40.112342
9 14 27.555439 35.355339
9 11 47.992230 39.357337
10 13 40.913125 57.428216
14 17 42.482673 69.771054
14 16 41.897529 43.416587
