9 11 28729 1103 20
34 60 13.452451 19.065930 6.067001
68 1 8.493369 20.036271 7.827382
84 62 24.135711 11.950315 6.044735
43 75 0.148676 8.380703 20.860679
39 61 3.679388 18.830738 0.326273
35 58 8.758620 6.493965 19.477351
36 66 24.303519 11.893155 2.909671
66 28 17.341150 2.102756 15.202771
48 43 18.126846 6.479835 8.931193
0 5 10.503805 2.236068
0 4 10.023308 5.099020
1 4 2.038765 66.640828
1 2 15.181102 63.063460
2 8 3.349906 40.706265
2 4 18.288802 45.011110
3 8 13.168534 32.388269
3 5 18.530822 18.788294
4 7 11.142915 42.638011
5 7 4.382535 43.139309
5 6 0.804108 8.062258
