9 11 28734 1081 20
34 60 21.955045 0.960353 19.362775
68 1 6.243427 21.563319 18.418125
84 62 21.294908 14.160454 1.464292
43 75 5.718608 24.929639 5.335199
39 61 23.960303 7.040004 20.993120
35 58 6.832211 19.051599 21.874315
36 66 14.698672 18.911879 0.719046
66 28 7.191436 13.595087 5.890136
48 43 22.183102 20.610658 20.806630
0 5 12.601821 2.236068
0 4 14.407984 5.099020
1 4 10.379829 66.640828
1 2 1.415078 63.063460
2 8 14.015810 40.706265
2 4 13.018805 45.011110
3 8 12.621392 32.388269
3 5 23.791212 18.788294
4 7 14.691337 42.638011
5 7 20.464762 43.139309
5 6 9.081169 8.062258
