9 11 34509 1087 20
34 60 1.822518 15.417381 19.155132
68 1 6.570665 12.640255 22.057199
84 62 9.231687 11.559337 24.012317
43 75 7.551803 5.370587 10.234765
39 61 15.499720 23.085154 19.316843
35 58 4.912142 5.318567 0.400296
36 66 4.234914 11.497952 14.195279
66 28 6.291092 18.160604 17.867892
48 43 0.978030 3.746199 10.110655
0 5 18.874592 2.236068
0 4 11.885407 5.099020
1 4 0.970534 66.640828
1 2 9.088129 63.063460
2 8 3.145019 40.706265
2 4 4.080211 45.011110
3 8 9.403867 32.388269
3 5 7.456423 18.788294
4 7 1.593176 42.638011
5 7 5.289502 43.139309
5 6 14.168106 8.062258
