13 17 29833 932 20
93 57 43.135963 29.099843 44.520447
41 71 29.388145 41.624059 28.268064
57 70 33.507249 29.957239 35.008098
91 58 46.622419 37.101894 28.130687
54 58 33.126330 36.726160 29.162755
38 57 26.395710 29.583146 40.644094
91 9 36.710970 42.069853 36.931649
79 51 33.255481 41.368512 38.046595
5 54 28.820682 47.367128 42.740852
16 79 26.624596 29.977934 48.038936
49 93 46.972043 27.538172 28.928147
37 14 38.337868 48.761570 48.602285
82 11 36.538940 45.669233 27.208261
0 12 40.665966 47.296934
0 5 28.368512 55.000000
0 3 37.230025 2.236068
0 2 38.522648 38.275318
0 1 27.395917 53.851648
1 10 38.757250 23.409400
1 3 39.347359 51.662365
3 7 48.400261 13.892444
3 6 36.671950 49.000000
4 9 41.723282 43.416587
4 7 45.769200 25.961510
5 7 34.899530 41.436699
6 12 39.322606 9.219544
7 10 41.169161 51.613952
8 9 27.065818 27.313001
9 10 28.827481 35.846897
11 12 38.645418 45.099889
