9 11 32515 547 20
34 60 1.220398 17.240583 6.299691
68 1 12.824658 10.900795 8.049358
84 62 4.360657 11.250030 1.078455
43 75 7.808541 20.606402 2.600128
39 61 4.604274 2.251204 21.927152
35 58 14.987156 19.908924 7.004508
36 66 19.430061 8.403238 5.901021
66 28 16.508810 18.882714 8.572723
48 43 16.534615 23.792980 12.585131
0 5 9.252027 2.236068
0 4 5.114643 5.099020
1 4 8.973022 66.640828
1 2 13.384973 63.063460
2 8 0.955376 40.706265
2 4 11.978520 45.011110
3 8 7.313048 32.388269
3 5 4.262140 18.788294
4 7 17.678626 42.638011
5 7 3.787802 43.139309
5 6 2.347973 8.062258
