19 20 34000 1852 20
10 84 36.479900 29.763121 36.136046
3 72 46.242544 35.111912 34.805657
4 42 37.066020 30.383757 36.507339
69 21 45.544725 34.897030 44.982033
21 30 43.636020 31.050626 25.204223
9 16 34.288363 49.348743 48.713256
9 90 27.490235 31.984472 40.478123
71 9 31.018015 34.426470 45.774277
1 93 43.069227 33.962244 44.153137
45 45 46.799392 33.302027 46.488933
47 73 34.298415 48.746297 35.193041
27 80 29.780228 46.977437 32.959580
98 11 36.746327 29.313134 26.933800
0 40 45.622119 26.556629 25.735701
20 20 39.989448 49.054044 31.182446
41 96 37.158610 27.232617 31.470995
58 41 40.915638 47.747332 42.382525
82 52 48.856398 35.221872 30.765038
63 92 38.510578 32.284105 48.156163
0 15 38.588756 33.241540
1 11 46.175371 25.298221
2 8 36.553816 51.088159
3 16 47.031145 22.825424
3 12 35.361083 30.675723
3 9 32.656682 33.941125
3 7 39.064115 12.165525
3 6 30.547498 91.438504
4 13 29.691598 23.259407
5 14 48.223889 11.704700
6 15 25.560708 32.557641
6 10 32.855570 41.629317
7 18 31.787522 83.384651
7 16 39.004971 34.539832
8 15 30.972635 40.112342
9 14 44.601992 35.355339
9 11 43.797850 39.357337
10 13 26.466425 57.428216
14 17 34.279148 69.771054
14 16 30.660672 43.416587
