9 11 32420 1145 20
34 60 17.875416 18.852235 18.896368
68 1 20.769338 16.015688 15.620859
84 62 20.416586 14.038831 18.531130
43 75 13.109428 13.314707 1.320097
39 61 9.112137 21.124664 5.258230
35 58 8.594075 20.854231 23.535309
36 66 22.366194 10.929245 5.367413
66 28 9.207235 16.906584 2.907845
48 43 7.693871 1.224311 11.437773
0 5 7.019292 2.236068
0 4 5.140953 5.099020
1 4 19.671767 66.640828
1 2 5.797717 63.063460
2 8 10.461992 40.706265
2 4 11.249074 45.011110
3 8 12.897363 32.388269
3 5 5.678494 18.788294
4 7 6.722609 42.638011
5 7 10.056507 43.139309
5 6 15.518667 8.062258
