14 16 35888 763 20
12 12 36.964146 42.970760 32.069028
25 65 41.304454 43.027463 47.598720
32 54 33.358392 40.348839 45.726091
42 97 39.450113 27.576765 42.093696
71 86 36.039851 25.746245 42.654078
83 71 37.526913 30.231054 49.690303
52 2 43.340631 46.095035 40.374382
63 71 46.218084 31.094924 42.817762
35 97 44.318467 48.212758 26.939603
54 84 37.660965 30.388250 47.835722
85 90 39.383247 43.648571 30.504817
20 37 49.156360 41.404068 27.923307
87 86 45.831398 33.831160 38.003731
18 36 27.075674 27.373522 46.929752
0 13 44.648611 24.738634
0 2 30.693530 46.518813
1 9 39.550524 34.669872
1 4 41.049316 50.566788
2 11 44.738985 20.808652
2 10 41.680455 64.070274
2 3 25.168139 44.147480
4 12 35.694857 16.000000
4 5 27.760233 19.209373
5 6 48.248753 75.643903
7 12 45.394319 28.301943
7 11 37.347172 54.817880
7 9 39.701689 15.811388
8 12 48.091968 53.150729
8 10 48.586099 50.487622
10 12 34.700846 4.472136
