14 16 26300 1398 20
12 12 46.164597 38.314642 30.333869
25 65 44.876122 44.763252 25.205758
32 54 42.765903 25.142886 46.253572
42 97 47.424404 42.565304 34.782419
71 86 49.960851 27.793948 47.367988
83 71 37.762606 29.781947 35.141479
52 2 35.074158 47.259015 32.989959
63 71 36.136011 31.045077 36.066132
35 97 42.740397 35.645423 29.967979
54 84 44.330222 47.458117 35.010486
85 90 31.496633 43.421451 39.617435
20 37 48.172388 43.066054 39.482980
87 86 31.866740 25.828704 25.642835
18 36 48.441178 28.356104 46.073312
0 13 25.059839 24.738634
0 2 36.095238 46.518813
1 9 48.653453 34.669872
1 4 27.235464 50.566788
2 11 27.293634 20.808652
2 10 41.709531 64.070274
2 3 37.905593 44.147480
4 12 43.818438 16.000000
4 5 32.624224 19.209373
5 6 49.404630 75.643903
7 12 43.867071 28.301943
7 11 33.764268 54.817880
7 9 28.537973 15.811388
8 12 49.797480 53.150729
8 10 27.524311 50.487622
10 12 39.401842 4.472136
