9 11 33621 598 20
34 60 16.312278 14.658256 21.099940
68 1 23.944341 23.432907 10.080220
84 62 2.907255 22.218365 2.124305
43 75 12.601312 20.234889 4.502980
39 61 0.807958 6.482728 4.566812
35 58 8.707337 15.834275 17.223610
36 66 16.990108 7.558115 11.835226
66 28 11.898337 21.645426 12.447864
48 43 19.983614 13.933342 4.581680
0 5 20.999324 2.236068
0 4 24.039901 5.099020
1 4 10.618773 66.640828
1 2 23.726236 63.063460
2 8 8.816297 40.706265
2 4 8.393322 45.011110
3 8 5.426681 32.388269
3 5 13.720260 18.788294
4 7 10.282954 42.638011
5 7 5.821855 43.139309
5 6 18.972855 8.062258
