15 19 27769 1130 20
74 69 32.768146 38.153653 30.814307
82 86 37.447900 40.782533 47.674583
93 43 43.913386 37.731339 40.310532
26 23 26.349670 37.415507 43.528522
90 50 27.691046 29.877465 25.759164
20 19 35.940406 39.338570 41.837772
91 26 43.750057 38.455443 30.124790
26 11 32.986116 25.331547 39.902939
37 22 41.400752 38.230518 28.461461
94 31 36.991030 46.577763 46.619834
51 13 27.131565 31.005256 41.802899
85 77 48.321450 30.248716 31.479763
72 56 32.946811 35.205588 26.882854
33 8 44.108567 46.595454 35.464142
9 9 44.407530 27.202162 27.321621
0 11 38.941237 13.601471
0 4 26.141853 24.839485
0 2 32.712283 32.202484
1 9 26.695363 56.293872
1 2 31.176060 44.384682
2 12 35.500591 24.698178
2 6 32.129642 17.117243
2 4 39.899465 7.615773
3 8 45.646603 11.045361
4 11 41.710181 27.459060
4 5 45.581284 76.557168
5 7 39.826498 10.000000
6 9 43.511456 5.830952
7 13 37.655630 7.615773
7 10 30.818138 25.079872
8 10 29.846306 16.643317
10 13 38.495108 18.681542
11 12 33.385561 24.698178
13 14 26.317715 24.020824
