9 11 35098 566 20
34 60 10.642101 2.983282 24.052668
68 1 2.427717 0.657224 9.283934
84 62 3.733253 18.110534 20.805952
43 75 3.689745 20.017703 11.034898
39 61 6.016129 6.543470 10.225110
35 58 16.492433 21.198786 20.868973
36 66 22.138562 20.531091 3.514662
66 28 4.698729 19.967399 1.678795
48 43 10.930066 18.306998 18.462982
0 5 0.608554 2.236068
0 4 1.967388 5.099020
1 4 12.534233 66.640828
1 2 18.072771 63.063460
2 8 24.646361 40.706265
2 4 6.349344 45.011110
3 8 16.964267 32.388269
3 5 23.498187 18.788294
4 7 11.759559 42.638011
5 7 20.785278 43.139309
5 6 17.839880 8.062258
