15 19 30666 3082 20
74 69 40.236856 47.609936 40.548486
82 86 48.971270 30.391111 46.849762
93 43 40.116107 31.946808 26.493033
26 23 26.255285 41.871356 28.878684
90 50 37.845098 40.936638 29.897554
20 19 29.746470 43.066248 37.091742
91 26 31.016180 43.609636 33.438178
26 11 39.406829 46.514360 42.645917
37 22 28.051553 32.690987 48.523260
94 31 34.087136 37.940233 43.237365
51 13 46.320993 25.956770 38.985766
85 77 46.417079 29.189880 46.711973
72 56 26.593944 28.541182 28.040369
33 8 47.479511 41.443138 37.737285
9 9 33.168640 43.765312 45.902849
0 11 49.832113 13.601471
0 4 29.502616 24.839485
0 2 33.855342 32.202484
1 9 44.548399 56.293872
1 2 27.743920 44.384682
2 12 36.822229 24.698178
2 6 44.089155 17.117243
2 4 41.048806 7.615773
3 8 38.911331 11.045361
4 11 28.340125 27.459060
4 5 47.974390 76.557168
5 7 32.354575 10.000000
6 9 46.271073 5.830952
7 13 30.694563 7.615773
7 10 44.083368 25.079872
8 10 27.812540 16.643317
10 13 41.147460 18.681542
11 12 32.718504 24.698178
13 14 41.415044 24.020824
