9 11 27859 754 20
34 60 6.700473 19.726606 4.824781
68 1 3.498989 20.735340 3.674500
84 62 12.836805 17.405324 15.223815
43 75 8.797003 24.375260 11.083489
39 61 11.170635 24.400956 1.568321
35 58 16.108771 13.876662 21.599799
36 66 1.590652 4.124773 16.471671
66 28 14.286369 1.607703 9.279189
48 43 19.242395 10.941399 19.730742
0 5 18.728861 2.236068
0 4 6.793236 5.099020
1 4 10.414381 66.640828
1 2 6.762336 63.063460
2 8 14.266503 40.706265
2 4 24.003442 45.011110
3 8 3.007931 32.388269
3 5 17.678985 18.788294
4 7 18.286457 42.638011
5 7 20.244050 43.139309
5 6 0.253071 8.062258
