9 11 26579 299 20
34 60 0.032016 7.998571 10.859697
68 1 1.746624 16.297910 0.496489
84 62 24.810519 3.260709 23.490980
43 75 11.762355 24.188369 0.366175
39 61 10.137777 20.970670 1.151070
35 58 11.629673 8.647885 5.436204
36 66 20.233552 9.875072 7.425420
66 28 10.090847 21.179186 1.437462
48 43 13.703732 15.894563 14.537704
0 5 12.988685 2.236068
0 4 5.278541 5.099020
1 4 1.176379 66.640828
1 2 3.365612 63.063460
2 8 20.496067 40.706265
2 4 4.993670 45.011110
3 8 22.620039 32.388269
3 5 0.917266 18.788294
4 7 4.812318 42.638011
5 7 2.041504 43.139309
5 6 20.339079 8.062258
