15 19 26900 1914 20
74 69 31.666427 26.813525 36.443362
82 86 42.690616 42.493528 31.419116
93 43 30.346553 35.372696 46.790620
26 23 29.821248 43.520227 34.572649
90 50 43.858694 49.790178 30.833751
20 19 26.308684 45.651511 39.229737
91 26 31.232902 42.526678 43.224981
26 11 48.948313 47.591012 41.293371
37 22 28.913716 31.462093 34.890742
94 31 47.705831 26.646577 42.562496
51 13 45.692091 34.593771 29.465779
85 77 33.283045 32.676107 48.289783
72 56 38.632224 27.699975 45.776197
33 8 42.490643 44.143083 47.536621
9 9 47.920064 37.414274 39.813596
0 11 25.508552 13.601471
0 4 34.840620 24.839485
0 2 27.808227 32.202484
1 9 38.722162 56.293872
1 2 49.360580 44.384682
2 12 25.094559 24.698178
2 6 27.707490 17.117243
2 4 37.630887 7.615773
3 8 34.356772 11.045361
4 11 29.877272 27.459060
4 5 29.504301 76.557168
5 7 30.505243 10.000000
6 9 37.045151 5.830952
7 13 31.975207 7.615773
7 10 31.514602 25.079872
8 10 34.836786 16.643317
10 13 34.455927 18.681542
11 12 49.146509 24.698178
13 14 35.831943 24.020824
