9 11 35325 495 20
34 60 22.961365 20.475568 11.632699
68 1 11.987553 13.179799 14.358075
84 62 20.669633 4.419028 7.391845
43 75 3.303666 13.196364 16.160221
39 61 2.508246 7.947967 24.108054
35 58 16.752483 23.997403 18.727251
36 66 0.485333 12.581510 11.156851
66 28 17.956530 6.375846 24.467546
48 43 9.906971 24.760839 20.011255
0 5 1.340886 2.236068
0 4 1.543950 5.099020
1 4 6.792758 66.640828
1 2 19.638898 63.063460
2 8 8.439630 40.706265
2 4 12.771646 45.011110
3 8 13.154065 32.388269
3 5 2.358326 18.788294
4 7 5.791091 42.638011
5 7 7.807975 43.139309
5 6 11.601032 8.062258
