19 20 30000 1246 20
10 84 25.127575 35.558416 46.532545
3 72 32.866456 33.457804 45.769440
4 42 34.031758 47.445250 43.584549
69 21 38.290037 31.588782 46.085913
21 30 25.505859 46.677725 46.536318
9 16 27.704153 31.640516 35.430709
9 90 37.664474 33.889178 39.660801
71 9 43.833360 36.221635 32.569973
1 93 47.457183 27.780007 39.926323
45 45 33.578665 46.909462 29.303696
47 73 37.417894 35.234224 41.606084
27 80 34.401459 26.206315 49.330550
98 11 27.810266 36.888536 25.290731
0 40 28.027458 40.242295 43.604796
20 20 44.811996 47.120150 41.917451
41 96 48.865334 36.292483 28.644175
58 41 47.171081 45.670009 45.245867
82 52 46.301227 40.963881 41.695011
63 92 45.078020 32.804908 45.765731
0 15 43.397173 33.241540
1 11 45.461410 25.298221
2 8 44.356619 51.088159
3 16 39.699514 22.825424
3 12 45.740359 30.675723
3 9 36.982904 33.941125
3 7 41.468204 12.165525
3 6 26.582109 91.438504
4 13 43.562093 23.259407
5 14 27.796166 11.704700
6 15 27.013334 32.557641
6 10 48.693963 41.629317
7 18 34.041089 83.384651
7 16 48.437639 34.539832
8 15 28.865039 40.112342
9 14 34.025861 35.355339
9 11 47.584074 39.357337
10 13 29.382539 57.428216
14 17 27.650353 69.771054
14 16 47.115037 43.416587
