9 11 34740 2390 20
34 60 8.163972 4.287807 16.696896
68 1 4.687283 14.584828 5.444683
84 62 14.373607 23.631935 20.479590
43 75 11.149942 4.168877 0.608913
39 61 14.240346 7.997643 15.054725
35 58 20.893869 13.408479 0.137163
36 66 13.144013 7.766043 5.936126
66 28 11.861258 5.690772 7.957641
48 43 19.163655 24.105052 3.070416
0 5 4.095909 2.236068
0 4 10.688180 5.099020
1 4 3.716431 66.640828
1 2 12.877090 63.063460
2 8 3.322188 40.706265
2 4 9.341765 45.011110
3 8 8.436176 32.388269
3 5 6.486353 18.788294
4 7 5.110621 42.638011
5 7 8.016467 43.139309
5 6 14.718402 8.062258
