9 11 32652 2609 20
34 60 9.876988 19.841128 5.679290
68 1 17.961993 5.820834 14.561869
84 62 13.863427 1.151171 3.955127
43 75 23.302250 3.479699 22.663792
39 61 21.241040 13.174684 11.390674
35 58 1.921920 21.373986 24.194224
36 66 24.325024 11.480164 6.951728
66 28 6.015748 8.131874 0.615254
48 43 0.490714 19.967296 22.025039
0 5 2.623626 2.236068
0 4 15.585976 5.099020
1 4 2.450925 66.640828
1 2 10.505916 63.063460
2 8 22.235227 40.706265
2 4 12.567960 45.011110
3 8 24.324751 32.388269
3 5 13.327349 18.788294
4 7 13.753198 42.638011
5 7 1.932716 43.139309
5 6 21.482715 8.062258
