11 10 25307 676 20
86 55 34.534043 39.854251 40.457288
78 84 30.106370 34.486699 38.221712
26 30 26.187306 39.044763 36.498656
88 39 31.505891 46.753487 29.020263
6 66 41.146708 30.474567 28.282480
58 57 29.438162 29.821769 43.941356
63 87 43.560527 47.972563 47.234406
78 66 37.597375 31.064913 48.002171
48 98 30.820156 43.891820 29.713849
95 45 33.751447 41.046712 49.499601
56 85 37.468780 33.808382 49.152406
0 9 31.106442 13.453624
0 5 26.219776 28.071338
1 8 32.658699 33.105891
2 9 46.661544 70.611614
2 4 39.598830 41.182521
2 3 43.859555 62.649820
4 8 31.150414 52.801515
6 9 37.455947 52.801515
6 7 49.739687 25.806976
8 10 46.900925 15.264338
