15 19 27230 1251 20
74 69 41.696113 47.343707 28.462576
82 86 26.162661 32.295963 44.016732
93 43 30.502764 29.835526 32.221542
26 23 46.908588 41.425455 27.077423
90 50 30.727819 43.353938 38.882713
20 19 48.005333 38.462291 26.235507
91 26 41.046819 27.553183 40.271671
26 11 39.682221 26.264025 30.709144
37 22 27.444084 40.021268 39.973310
94 31 27.385180 34.986259 30.506147
51 13 33.962505 38.666909 39.931858
85 77 31.460113 31.256754 40.575199
72 56 43.977543 49.629782 28.240965
33 8 25.301326 35.278829 47.787710
9 9 31.878804 29.726376 29.669200
0 11 47.338340 13.601471
0 4 30.436359 24.839485
0 2 47.877585 32.202484
1 9 31.779326 56.293872
1 2 38.542395 44.384682
2 12 49.785968 24.698178
2 6 46.954240 17.117243
2 4 45.429439 7.615773
3 8 49.607016 11.045361
4 11 46.523031 27.459060
4 5 41.829650 76.557168
5 7 36.683941 10.000000
6 9 40.245247 5.830952
7 13 25.423712 7.615773
7 10 32.079413 25.079872
8 10 49.175769 16.643317
10 13 30.068513 18.681542
11 12 46.157274 24.698178
13 14 33.770220 24.020824
