15 19 26600 1574 20
74 69 33.265813 26.984673 45.001269
82 86 40.131440 27.024846 45.301201
93 43 36.338182 39.424566 41.092242
26 23 47.879726 36.592455 28.646976
90 50 35.600694 48.243496 26.692749
20 19 39.631660 40.196638 25.368115
91 26 47.546421 44.927461 43.831069
26 11 40.498333 42.208664 25.267487
37 22 30.927749 35.653589 41.347958
94 31 29.461866 30.423172 37.643897
51 13 46.571419 35.394720 35.510334
85 77 36.934247 31.315826 35.791525
72 56 43.042815 40.092282 26.567847
33 8 46.474485 42.450038 36.893659
9 9 43.029472 40.432342 27.368832
0 11 43.465716 13.601471
0 4 35.639383 24.839485
0 2 27.602579 32.202484
1 9 25.741451 56.293872
1 2 29.938871 44.384682
2 12 29.378844 24.698178
2 6 46.681903 17.117243
2 4 33.056319 7.615773
3 8 33.032390 11.045361
4 11 31.245957 27.459060
4 5 38.140997 76.557168
5 7 32.357909 10.000000
6 9 31.186413 5.830952
7 13 42.049012 7.615773
7 10 37.647545 25.079872
8 10 29.521402 16.643317
10 13 25.947546 18.681542
11 12 38.729929 24.698178
13 14 49.416042 24.020824
