10 10 31384 4569 20
13 81 41.894568 38.565787 29.626390
80 78 42.433701 31.912273 42.652657
22 73 45.481597 42.506879 46.414115
85 16 45.371589 45.081047 44.108174
50 19 42.254067 33.603219 43.475429
8 50 40.647200 42.461030 34.212357
73 85 26.810260 31.175236 31.232984
71 58 25.141167 36.444844 42.837781
79 14 47.129127 31.795662 29.652695
79 82 29.403070 48.104093 40.691482
0 2 41.363417 12.041595
1 9 41.574485 4.123106
1 6 40.763677 9.899495
2 8 43.603963 82.036577
2 7 27.208630 51.244512
3 8 44.581896 6.324555
4 9 31.697630 69.354164
5 8 40.754702 79.605276
6 9 41.156778 6.708204
7 9 37.601721 25.298221
