9 11 36437 814 20
34 60 0.415298 3.855230 22.581115
68 1 2.512587 12.600587 17.182647
84 62 6.534225 14.162908 7.128666
43 75 8.479817 9.115298 16.013053
39 61 4.899208 2.337670 17.467750
35 58 16.640788 12.859269 9.706780
36 66 15.804399 13.701987 3.185571
66 28 22.574212 12.026498 13.398830
48 43 12.267682 6.495634 17.365065
0 5 3.912109 2.236068
0 4 2.362218 5.099020
1 4 9.457145 66.640828
1 2 18.780992 63.063460
2 8 14.375646 40.706265
2 4 12.450703 45.011110
3 8 11.342694 32.388269
3 5 12.914315 18.788294
4 7 22.591513 42.638011
5 7 21.478281 43.139309
5 6 7.118099 8.062258
