9 11 37537 939 20
34 60 19.270132 17.382917 8.934733
68 1 18.017496 22.807189 17.098131
84 62 12.912671 8.557662 16.302631
43 75 17.330059 5.026730 18.876745
39 61 22.154701 0.682838 7.488378
35 58 17.447573 19.696877 5.794484
36 66 13.490570 15.557884 5.231047
66 28 1.074226 18.140977 17.003045
48 43 1.829054 23.547882 11.844769
0 5 21.471393 2.236068
0 4 2.752764 5.099020
1 4 19.474311 66.640828
1 2 12.363853 63.063460
2 8 24.647349 40.706265
2 4 22.182452 45.011110
3 8 1.026491 32.388269
3 5 1.867373 18.788294
4 7 6.993053 42.638011
5 7 3.465955 43.139309
5 6 12.253824 8.062258
