14 16 35444 1299 20
12 12 44.604006 25.297605 34.561988
25 65 42.770913 47.179590 49.821389
32 54 45.980731 37.496100 38.865813
42 97 27.839064 40.932272 41.094947
71 86 33.036076 25.636753 36.707799
83 71 46.610476 33.249756 42.853240
52 2 35.233713 44.962994 49.578010
63 71 31.891016 48.461417 37.387933
35 97 47.188045 25.054819 37.140844
54 84 25.517800 42.487681 28.669137
85 90 25.091655 32.636459 48.164351
20 37 43.599914 45.831900 42.122127
87 86 40.482703 26.853346 41.676997
18 36 36.612858 27.871690 47.795802
0 13 33.041583 24.738634
0 2 26.495470 46.518813
1 9 38.132063 34.669872
1 4 28.141814 50.566788
2 11 36.906562 20.808652
2 10 41.840922 64.070274
2 3 30.072725 44.147480
4 12 43.705633 16.000000
4 5 27.051846 19.209373
5 6 41.362304 75.643903
7 12 37.174817 28.301943
7 11 37.545373 54.817880
7 9 34.670009 15.811388
8 12 32.934871 53.150729
8 10 27.220324 50.487622
10 12 33.710470 4.472136
