13 17 25923 3294 20
93 57 40.317416 28.694043 32.087501
41 71 31.886538 35.678242 30.127970
57 70 41.209631 33.806279 36.318602
91 58 45.730893 45.969477 28.566663
54 58 39.516309 25.817437 28.837971
38 57 49.858640 40.531199 34.784167
91 9 48.780136 36.299548 25.604926
79 51 33.410093 47.645949 26.462866
5 54 30.222109 40.447033 39.204741
16 79 48.436612 40.065792 40.489698
49 93 30.483960 36.885687 34.532207
37 14 27.807379 27.254281 28.985389
82 11 41.497918 32.528347 43.571531
0 12 37.258932 47.296934
0 5 30.929909 55.000000
0 3 41.843651 2.236068
0 2 47.677122 38.275318
0 1 35.947500 53.851648
1 10 46.009623 23.409400
1 3 45.173140 51.662365
3 7 39.107220 13.892444
3 6 31.542309 49.000000
4 9 26.180018 43.416587
4 7 40.299734 25.961510
5 7 41.379555 41.436699
6 12 27.309422 9.219544
7 10 33.097097 51.613952
8 9 44.979364 27.313001
9 10 45.132433 35.846897
11 12 42.050102 45.099889
