10 10 25230 1277 20
13 81 26.032856 28.040542 46.622662
80 78 46.178810 27.681189 42.181454
22 73 49.268775 26.265066 29.432083
85 16 27.545206 40.921893 31.642021
50 19 30.988941 30.108744 41.109447
8 50 42.190730 42.025821 25.546340
73 85 30.512847 30.604079 49.803613
71 58 27.495963 40.014106 40.539320
79 14 41.152052 43.488976 38.318949
79 82 34.478867 33.084407 30.028569
0 2 44.018679 12.041595
1 9 46.478081 4.123106
1 6 45.553689 9.899495
2 8 39.273262 82.036577
2 7 45.598709 51.244512
3 8 34.638192 6.324555
4 9 44.920992 69.354164
5 8 25.113687 79.605276
6 9 48.571409 6.708204
7 9 25.445631 25.298221
