14 16 37250 1690 20
12 12 30.701309 41.100749 26.990297
25 65 37.499537 49.593882 48.679884
32 54 45.864544 33.169181 49.816263
42 97 36.684192 45.661215 48.262851
71 86 40.618581 25.456479 42.564083
83 71 40.651867 47.945431 47.817268
52 2 30.037420 28.099930 43.683492
63 71 35.154665 49.721015 49.293616
35 97 46.303781 34.688331 49.149444
54 84 40.099683 26.604991 42.376815
85 90 39.620793 42.739134 29.567693
20 37 33.561667 49.707187 31.155106
87 86 45.496836 45.800278 40.254829
18 36 42.866844 34.954331 28.184113
0 13 27.051338 24.738634
0 2 33.964954 46.518813
1 9 43.060275 34.669872
1 4 30.983512 50.566788
2 11 33.556417 20.808652
2 10 34.952652 64.070274
2 3 25.069175 44.147480
4 12 47.437346 16.000000
4 5 47.157402 19.209373
5 6 26.760093 75.643903
7 12 38.225028 28.301943
7 11 35.494698 54.817880
7 9 48.473223 15.811388
8 12 39.757230 53.150729
8 10 42.560426 50.487622
10 12 35.052858 4.472136
