17 23 30888 1288 20
67 59 32.752244 32.545482 40.038714
88 63 49.526295 30.844148 49.660754
30 29 41.336893 42.548185 44.723004
35 20 29.243040 45.402108 49.051187
48 64 36.339560 47.164179 35.129964
68 37 35.630322 47.365700 35.950102
95 50 31.898560 27.469033 45.613431
4 22 35.587009 40.585433 38.854849
17 8 25.252896 30.677495 45.588988
80 87 39.638892 44.276010 33.398991
99 85 25.140790 38.471369 35.361435
73 64 33.788800 46.118870 39.259075
5 9 47.267465 39.577120 32.683478
95 92 46.956305 48.859825 45.963277
12 12 41.983235 33.565137 41.788903
25 65 34.571921 45.496278 46.457989
32 54 33.765236 26.978640 33.848208
0 16 32.043374 35.355339
0 1 34.892837 21.377558
1 15 42.384106 63.031738
1 9 28.003015 25.298221
1 6 35.754024 14.764823
2 14 31.862563 24.758837
2 9 34.106231 76.576759
2 3 36.925308 10.295630
3 14 43.358371 24.351591
3 8 41.426217 21.633308
3 6 48.020582 67.082039
4 16 38.092466 18.867962
4 15 48.923219 23.021729
5 13 49.396086 61.269895
5 11 45.271364 27.459060
7 16 42.728479 42.520583
7 12 34.068973 13.038405
9 16 33.347884 58.249464
9 11 27.352761 24.041631
9 10 33.184474 19.104973
10 13 26.845247 8.062258
12 14 45.284490 7.615773
14 16 39.476554 46.518813
