9 11 5982 1564 20
34 60 11.172811 22.882715 21.827248
68 1 22.205299 23.386226 7.313669
84 62 4.726121 2.482287 13.044972
43 75 11.730269 19.121052 17.319078
39 61 22.923052 23.679473 12.066241
35 58 1.786428 1.868845 12.014559
36 66 0.184339 13.889331 9.623201
66 28 21.542401 24.504006 14.336543
48 43 9.435157 9.378060 7.125543
0 5 0.965244 2.236068
0 4 22.239906 5.099020
1 4 14.770846 66.640828
1 2 3.943792 63.063460
2 8 22.126649 40.706265
2 4 14.370811 45.011110
3 8 9.771769 32.388269
3 5 11.030328 18.788294
4 7 1.447736 42.638011
5 7 16.784746 43.139309
5 6 16.759037 8.062258
