10 10 31461 520 20
13 81 42.927041 30.225943 37.043088
80 78 30.602871 40.636415 46.440202
22 73 32.107330 25.660225 49.089236
85 16 34.912868 34.949591 38.708120
50 19 30.798103 42.355878 49.600168
8 50 36.886280 30.722340 39.578530
73 85 36.982494 41.122649 29.143334
71 58 26.408321 45.374983 31.643127
79 14 25.429761 43.155140 37.280259
79 82 45.411137 49.393292 46.767299
0 2 26.405555 12.041595
1 9 41.856494 4.123106
1 6 49.426377 9.899495
2 8 42.125969 82.036577
2 7 37.362438 51.244512
3 8 38.149303 6.324555
4 9 27.636207 69.354164
5 8 44.001039 79.605276
6 9 41.144468 6.708204
7 9 45.159070 25.298221
