20 27 34875 718 20
35 45 47.981603 40.262450 36.367184
13 42 27.615969 34.201248 29.407359
33 74 28.444050 29.723776 39.340536
17 73 26.477876 29.077542 38.593425
10 63 29.296373 41.576419 42.268348
81 52 29.946083 44.264641 36.552600
89 62 38.388076 40.329994 27.583105
16 24 48.936419 43.299547 39.877042
49 71 41.475903 28.833409 29.179020
6 25 45.094131 45.987991 43.965253
8 62 25.966044 28.558527 30.567602
25 26 38.293218 35.362410 29.530434
79 71 46.844083 39.269913 26.088684
66 47 41.574292 28.412461 28.876959
34 52 31.883133 44.579166 32.817713
37 23 31.186962 41.536550 44.032067
13 9 31.015495 38.612337 44.807393
61 7 49.578915 29.960308 39.560655
8 64 40.597072 36.957531 40.856996
15 3 46.607470 40.149934 39.584479
0 15 39.814973 22.090722
0 10 32.298067 31.906112
1 16 46.878730 33.000000
1 15 27.532796 30.610456
1 10 30.571311 20.615528
1 9 32.332381 18.384776
1 7 38.166218 18.248288
1 5 40.753746 68.731361
2 13 43.000025 42.638011
2 12 32.774336 46.097722
2 11 45.118854 48.662100
2 3 38.714034 16.031220
4 10 44.370334 2.236068
6 13 40.909050 27.459060
6 12 45.640763 13.453624
7 17 43.403006 48.104054
7 11 41.605595 9.219544
7 10 42.032637 38.832976
8 14 27.558191 24.207437
8 12 25.182881 30.000000
9 18 31.230261 39.051248
9 16 35.450135 17.464249
10 18 44.177130 2.000000
10 13 37.176792 59.908263
12 13 41.401355 27.294688
15 19 41.549211 29.732137
16 19 27.008936 6.324555
