9 11 25854 428 20
34 60 17.266741 0.483297 9.640186
68 1 8.993183 6.454295 9.081841
84 62 23.153124 3.813252 6.795016
43 75 13.606488 20.198913 23.356123
39 61 5.587274 12.042255 13.270489
35 58 4.797361 18.752793 22.067936
36 66 8.183598 23.062025 22.449514
66 28 24.279264 3.884182 13.437388
48 43 22.603116 8.351802 13.380340
0 5 6.436358 2.236068
0 4 19.967391 5.099020
1 4 2.710551 66.640828
1 2 2.787333 63.063460
2 8 4.151533 40.706265
2 4 8.848268 45.011110
3 8 7.802896 32.388269
3 5 18.267565 18.788294
4 7 9.352924 42.638011
5 7 24.498547 43.139309
5 6 12.389029 8.062258
