9 11 33020 250 20
34 60 0.052265 15.378827 6.491822
68 1 17.049153 12.277370 9.245127
84 62 5.328887 17.528868 23.720567
43 75 17.108550 0.873670 11.732989
39 61 6.964261 24.615100 6.324852
35 58 7.866692 12.427164 1.659949
36 66 11.143637 16.034103 24.176059
66 28 23.563537 5.162501 2.743325
48 43 23.498843 10.250727 17.744716
0 5 19.068805 2.236068
0 4 2.271299 5.099020
1 4 2.115579 66.640828
1 2 11.862449 63.063460
2 8 18.325786 40.706265
2 4 17.784462 45.011110
3 8 5.863523 32.388269
3 5 21.340476 18.788294
4 7 22.607386 42.638011
5 7 17.660044 43.139309
5 6 1.468178 8.062258
