13 17 30555 1089 20
93 57 46.300215 27.536419 45.911035
41 71 34.174317 49.947076 27.619626
57 70 32.445987 28.362540 29.745337
91 58 27.878974 26.960803 33.440848
54 58 38.883437 42.915953 44.647174
38 57 40.385781 43.198198 49.124567
91 9 41.654250 48.791929 44.497630
79 51 41.251169 25.428176 38.622500
5 54 42.187034 39.187383 45.293190
16 79 39.167496 47.491813 30.783670
49 93 45.987293 37.479509 45.452503
37 14 35.137547 46.468447 26.973145
82 11 46.790054 33.944632 28.669187
0 12 25.547645 47.296934
0 5 27.821823 55.000000
0 3 40.380051 2.236068
0 2 33.933637 38.275318
0 1 38.304266 53.851648
1 10 29.288576 23.409400
1 3 33.492027 51.662365
3 7 42.035174 13.892444
3 6 26.130949 49.000000
4 9 26.959695 43.416587
4 7 45.128178 25.961510
5 7 39.807136 41.436699
6 12 32.020075 9.219544
7 10 28.250517 51.613952
8 9 38.620867 27.313001
9 10 41.205761 35.846897
11 12 33.546052 45.099889
