9 11 38264 2254 20
34 60 21.389194 22.494131 3.837546
68 1 6.982466 5.145447 20.627104
84 62 18.466352 17.445559 15.287200
43 75 0.096307 2.612395 16.201626
39 61 9.906749 4.457985 7.105918
35 58 16.094304 18.001832 4.662124
36 66 1.112077 7.742254 8.368944
66 28 5.877732 22.549315 10.423342
48 43 17.933983 13.639119 10.103272
0 5 23.768623 2.236068
0 4 18.655879 5.099020
1 4 1.712118 66.640828
1 2 18.345499 63.063460
2 8 1.544219 40.706265
2 4 1.215495 45.011110
3 8 8.101591 32.388269
3 5 18.548758 18.788294
4 7 3.329715 42.638011
5 7 9.665271 43.139309
5 6 17.132181 8.062258
