14 16 36181 640 20
12 12 29.326701 31.698880 43.641917
25 65 46.169266 38.420913 40.604202
32 54 27.460361 32.382661 31.062716
42 97 38.740587 42.305255 45.980541
71 86 28.779721 39.967153 39.342484
83 71 29.515834 45.905613 44.374951
52 2 49.955937 26.368642 47.467833
63 71 39.694243 35.401594 34.710500
35 97 43.093177 27.684675 27.343109
54 84 29.682329 43.700208 30.874470
85 90 40.444006 35.442257 49.125664
20 37 43.200418 27.237143 48.311251
87 86 42.683528 29.062785 47.866711
18 36 45.509791 42.094189 25.369491
0 13 26.591258 24.738634
0 2 39.600931 46.518813
1 9 41.045730 34.669872
1 4 40.036319 50.566788
2 11 47.144384 20.808652
2 10 48.775662 64.070274
2 3 46.770440 44.147480
4 12 38.712375 16.000000
4 5 30.848134 19.209373
5 6 37.689832 75.643903
7 12 37.979744 28.301943
7 11 39.198883 54.817880
7 9 45.594309 15.811388
8 12 33.987490 53.150729
8 10 28.731335 50.487622
10 12 46.811511 4.472136
