9 11 34497 1022 20
34 60 1.802982 6.534789 18.510756
68 1 7.442917 19.447607 21.564619
84 62 18.974185 20.062387 7.435289
43 75 23.151959 15.569561 3.259130
39 61 4.819828 23.507227 7.532951
35 58 20.710576 16.357910 17.367511
36 66 3.866897 24.820341 13.488188
66 28 1.727468 23.435345 14.118147
48 43 14.741709 23.286033 21.991039
0 5 13.570258 2.236068
0 4 18.730039 5.099020
1 4 23.777300 66.640828
1 2 16.438713 63.063460
2 8 22.272007 40.706265
2 4 6.948754 45.011110
3 8 24.227078 32.388269
3 5 9.801206 18.788294
4 7 2.418510 42.638011
5 7 17.594962 43.139309
5 6 6.941494 8.062258
