9 11 31131 1177 20
34 60 14.499002 24.686974 23.408011
68 1 2.693543 13.220644 7.766597
84 62 13.145736 0.264182 8.210949
43 75 8.146731 22.575265 5.006339
39 61 11.606062 22.088309 22.076454
35 58 9.664753 8.074988 8.326832
36 66 19.029048 0.287599 17.494677
66 28 11.321576 4.633298 4.854356
48 43 1.120382 23.876006 24.709064
0 5 15.793156 2.236068
0 4 7.174279 5.099020
1 4 1.674893 66.640828
1 2 14.861991 63.063460
2 8 6.158895 40.706265
2 4 12.521174 45.011110
3 8 6.412324 32.388269
3 5 10.259908 18.788294
4 7 14.317286 42.638011
5 7 15.021943 43.139309
5 6 8.081571 8.062258
