19 20 32571 552 20
10 84 30.705527 30.985956 30.303508
3 72 30.546444 25.055189 47.953576
4 42 41.274862 45.332963 38.103513
69 21 33.340472 41.339979 28.449905
21 30 46.224322 39.380728 32.431711
9 16 40.765302 39.434394 31.486228
9 90 26.626412 27.660798 45.946935
71 9 48.457062 32.843972 48.124545
1 93 36.501656 32.268791 34.364109
45 45 39.926625 43.699534 31.419425
47 73 29.630933 37.798697 45.611567
27 80 39.569434 45.085975 39.438127
98 11 29.060656 39.187597 44.577488
0 40 26.314091 43.479558 25.263423
20 20 38.814630 41.387141 44.427846
41 96 42.113619 33.923267 47.240201
58 41 46.952364 44.823686 32.306241
82 52 34.221280 34.360050 42.454600
63 92 41.141013 48.021765 45.062802
0 15 36.020112 33.241540
1 11 41.448003 25.298221
2 8 49.450717 51.088159
3 16 36.842404 22.825424
3 12 30.120338 30.675723
3 9 25.938872 33.941125
3 7 42.622451 12.165525
3 6 29.198665 91.438504
4 13 47.488144 23.259407
5 14 33.240691 11.704700
6 15 37.653976 32.557641
6 10 30.062532 41.629317
7 18 29.118701 83.384651
7 16 39.843986 34.539832
8 15 31.861536 40.112342
9 14 29.175008 35.355339
9 11 25.652879 39.357337
10 13 26.480973 57.428216
14 17 30.891644 69.771054
14 16 46.886084 43.416587
