11 10 25384 697 20
86 55 36.829162 25.128069 41.924589
78 84 29.238515 38.225380 31.591456
26 30 36.398794 42.951899 49.823325
88 39 30.566858 43.788852 45.095146
6 66 43.737305 25.411435 47.160417
58 57 34.319294 27.073495 31.413386
63 87 37.361696 43.841184 46.627283
78 66 46.148620 44.081347 45.514550
48 98 27.924993 43.357793 47.617720
95 45 32.475440 41.969888 39.259042
56 85 31.287123 47.261271 30.399927
0 9 25.908948 13.453624
0 5 31.258586 28.071338
1 8 34.910390 33.105891
2 9 35.616239 70.611614
2 4 33.555571 41.182521
2 3 38.916849 62.649820
4 8 47.543971 52.801515
6 9 35.719520 52.801515
6 7 26.037553 25.806976
8 10 35.184751 15.264338
