9 11 38081 1843 20
34 60 6.491458 20.888204 13.291823
68 1 22.953881 0.927887 0.694439
84 62 17.913659 10.765515 12.998868
43 75 1.383127 2.180833 2.098738
39 61 3.326535 12.410566 7.006843
35 58 16.268362 10.213481 20.976794
36 66 8.216914 24.603119 17.390298
66 28 6.843742 13.920076 6.241631
48 43 20.482264 17.533499 10.722001
0 5 7.655140 2.236068
0 4 16.721051 5.099020
1 4 3.138964 66.640828
1 2 7.104198 63.063460
2 8 7.019534 40.706265
2 4 5.163113 45.011110
3 8 22.647278 32.388269
3 5 9.506437 18.788294
4 7 8.152002 42.638011
5 7 17.270420 43.139309
5 6 9.387886 8.062258
