10 10 26400 1155 20
13 81 34.590003 38.048636 30.737937
80 78 38.123790 31.226650 40.993199
22 73 43.371708 37.443634 43.050014
85 16 29.577985 41.651172 42.873061
50 19 42.335393 35.838971 41.565983
8 50 30.749824 39.717708 44.870350
73 85 28.707938 32.900557 31.834081
71 58 41.488728 32.835031 28.737757
79 14 40.943212 26.200901 34.361048
79 82 48.863470 30.034897 41.560687
0 2 42.679283 12.041595
1 9 39.978418 4.123106
1 6 28.221624 9.899495
2 8 26.608957 82.036577
2 7 33.336921 51.244512
3 8 41.731832 6.324555
4 9 40.568142 69.354164
5 8 39.433852 79.605276
6 9 47.321581 6.708204
7 9 25.056522 25.298221
