9 11 5638 1118 20
34 60 2.405748 8.272430 3.972899
68 1 11.932750 8.607421 8.368792
84 62 0.083043 3.774004 16.893399
43 75 13.698503 19.687794 18.491192
39 61 16.961675 6.989685 4.671861
35 58 1.973646 5.710517 2.799099
36 66 14.297613 14.184859 0.895058
66 28 3.003781 21.379012 22.691344
48 43 16.892082 9.027583 16.248824
0 5 8.358784 2.236068
0 4 24.566984 5.099020
1 4 12.652825 66.640828
1 2 4.065525 63.063460
2 8 8.186339 40.706265
2 4 10.757555 45.011110
3 8 14.196429 32.388269
3 5 4.681489 18.788294
4 7 20.983724 42.638011
5 7 18.026505 43.139309
5 6 21.723109 8.062258
