12 13 35333 1543 20
63 85 26.604953 34.202656 45.998587
89 66 42.206366 38.906300 28.858032
57 26 28.074471 46.241394 46.326520
63 41 27.008366 47.411894 49.270813
42 11 31.259156 49.783827 41.146891
72 60 30.888230 42.871045 35.631087
19 21 30.461217 46.769505 40.221638
67 52 40.781321 33.669986 43.033786
21 55 30.715333 45.823637 31.936690
12 47 31.251989 44.548024 48.574448
8 53 40.719851 38.983393 40.705245
52 75 31.992977 39.496515 35.239738
0 11 28.882232 14.866069
0 10 26.990700 63.631753
0 8 46.369578 51.613952
1 11 43.716962 38.078866
1 8 27.613166 68.883960
1 5 38.453482 18.027756
1 4 46.709568 72.346389
1 3 47.788436 36.069378
2 4 49.667293 21.213203
3 7 34.127332 11.704700
6 10 40.656838 33.837849
7 9 31.044942 55.226805
9 10 33.085856 7.211103
