9 11 35879 1721 20
34 60 0.400926 2.398409 13.133098
68 1 14.912819 4.108512 7.192931
84 62 20.104664 24.767128 10.518402
43 75 14.347472 13.524223 9.534120
39 61 15.736420 16.253656 15.530974
35 58 11.641330 24.203213 8.381763
36 66 2.888354 22.598952 17.535206
66 28 13.534792 2.592453 5.932924
48 43 3.499048 13.071365 0.620530
0 5 11.303703 2.236068
0 4 20.484538 5.099020
1 4 20.208183 66.640828
1 2 13.764746 63.063460
2 8 16.046157 40.706265
2 4 6.530840 45.011110
3 8 24.911262 32.388269
3 5 1.198861 18.788294
4 7 12.130580 42.638011
5 7 17.521367 43.139309
5 6 8.237291 8.062258
