15 19 25846 5962 20
74 69 33.870477 45.836384 26.876497
82 86 49.164895 41.561933 37.632140
93 43 26.507040 39.473294 28.053144
26 23 31.830721 34.163372 27.357536
90 50 35.537581 35.903065 33.959559
20 19 26.912008 46.681708 29.417574
91 26 26.785849 27.712124 26.573804
26 11 33.605151 32.641830 32.599305
37 22 49.284061 48.366677 36.586612
94 31 49.929623 40.619983 42.515549
51 13 42.071518 31.395928 37.965007
85 77 40.560981 47.589255 40.599401
72 56 32.211698 35.292591 33.581751
33 8 33.817157 29.297708 43.591583
9 9 45.212077 45.699306 30.863892
0 11 35.891022 13.601471
0 4 44.969840 24.839485
0 2 27.663107 32.202484
1 9 39.008966 56.293872
1 2 31.118479 44.384682
2 12 44.315155 24.698178
2 6 38.456271 17.117243
2 4 32.786583 7.615773
3 8 30.667338 11.045361
4 11 27.244534 27.459060
4 5 37.710953 76.557168
5 7 29.494374 10.000000
6 9 43.680825 5.830952
7 13 27.443317 7.615773
7 10 25.357709 25.079872
8 10 31.994588 16.643317
10 13 47.033970 18.681542
11 12 41.870616 24.698178
13 14 38.962444 24.020824
