12 13 27615 670 20
63 85 47.669424 40.850817 37.483839
89 66 47.578349 47.620289 33.923767
57 26 43.394027 30.226024 47.547465
63 41 40.557057 35.828063 37.539230
42 11 46.406876 45.807276 49.186543
72 60 41.696157 39.473826 27.795459
19 21 35.155976 26.384289 48.335678
67 52 26.702529 31.480731 46.656205
21 55 47.264893 33.608534 45.930823
12 47 26.144140 39.537104 30.863609
8 53 43.374304 35.531171 48.473917
52 75 27.352925 37.909603 30.576748
0 11 28.151297 14.866069
0 10 38.363681 63.631753
0 8 33.724865 51.613952
1 11 41.022553 38.078866
1 8 33.726277 68.883960
1 5 49.679458 18.027756
1 4 28.380113 72.346389
1 3 39.319749 36.069378
2 4 42.636382 21.213203
3 7 37.485194 11.704700
6 10 36.384530 33.837849
7 9 48.224856 55.226805
9 10 43.043354 7.211103
