13 17 31230 2186 20
93 57 38.494496 31.017953 27.115061
41 71 40.664680 47.519867 43.926360
57 70 32.447420 43.300162 45.127327
91 58 47.973857 48.149823 29.307906
54 58 38.942026 43.573202 34.936174
38 57 32.034829 49.184690 43.728024
91 9 40.737167 40.783618 46.544910
79 51 49.923262 34.950005 34.662532
5 54 38.618743 41.124173 37.028881
16 79 29.330726 36.747327 30.712656
49 93 40.147040 41.784173 43.321351
37 14 36.462917 46.763643 37.923503
82 11 32.004599 34.650730 28.301107
0 12 28.302500 47.296934
0 5 47.481303 55.000000
0 3 42.898012 2.236068
0 2 36.777587 38.275318
0 1 29.061626 53.851648
1 10 34.054765 23.409400
1 3 43.600083 51.662365
3 7 31.107896 13.892444
3 6 36.496202 49.000000
4 9 38.035736 43.416587
4 7 49.771894 25.961510
5 7 32.827409 41.436699
6 12 39.941051 9.219544
7 10 33.326046 51.613952
8 9 47.434666 27.313001
9 10 42.301940 35.846897
11 12 27.422593 45.099889
