10 10 35555 810 20
13 81 47.920085 45.421559 43.362466
80 78 45.528163 32.246060 45.319002
22 73 28.083316 25.870242 47.658176
85 16 32.885672 26.765182 47.417883
50 19 48.224541 25.728308 49.811603
8 50 27.654436 33.853389 25.773185
73 85 49.435770 28.624892 34.148655
71 58 40.698626 48.250912 29.706430
79 14 38.048470 25.452903 36.960314
79 82 37.865886 33.601183 47.048377
0 2 47.116066 12.041595
1 9 25.598107 4.123106
1 6 32.114609 9.899495
2 8 29.283248 82.036577
2 7 43.101780 51.244512
3 8 27.875431 6.324555
4 9 46.818853 69.354164
5 8 34.172314 79.605276
6 9 41.783371 6.708204
7 9 31.706594 25.298221
