9 11 25442 281 20
34 60 3.611174 1.230290 9.261240
68 1 17.047052 20.736316 6.714423
84 62 17.250952 8.469355 3.522039
43 75 18.041194 15.474392 8.376949
39 61 6.521028 18.524369 18.154626
35 58 6.557821 11.671443 15.645690
36 66 2.334930 14.964008 15.799227
66 28 14.777715 22.400337 19.968762
48 43 19.992715 16.889669 3.832101
0 5 3.793704 2.236068
0 4 21.264251 5.099020
1 4 16.045059 66.640828
1 2 6.396487 63.063460
2 8 12.599829 40.706265
2 4 21.395949 45.011110
3 8 13.919075 32.388269
3 5 11.356530 18.788294
4 7 12.298164 42.638011
5 7 21.823866 43.139309
5 6 8.534377 8.062258
