19 20 32714 1371 20
10 84 36.950865 39.419707 29.408751
3 72 42.798780 38.258031 25.796363
4 42 39.127822 49.548084 27.872584
69 21 26.442217 48.473183 45.390009
21 30 29.117833 44.711614 33.966384
9 16 42.366493 32.333211 43.475007
9 90 45.505401 28.591169 46.424569
71 9 41.121286 44.355554 43.415891
1 93 34.895678 26.208330 35.833876
45 45 40.672483 40.797787 40.360391
47 73 49.325333 34.740608 49.550168
27 80 33.901884 27.941426 32.778992
98 11 42.081876 44.666829 43.234742
0 40 26.719488 28.881870 45.296329
20 20 27.257637 32.041097 34.220007
41 96 33.220117 31.390657 45.716878
58 41 26.616420 46.328187 37.150922
82 52 39.197787 37.076673 25.927660
63 92 26.511262 36.662027 26.255594
0 15 34.214925 33.241540
1 11 26.614808 25.298221
2 8 46.947643 51.088159
3 16 28.024601 22.825424
3 12 32.747450 30.675723
3 9 25.132594 33.941125
3 7 45.883375 12.165525
3 6 29.024514 91.438504
4 13 36.824601 23.259407
5 14 33.379140 11.704700
6 15 38.386044 32.557641
6 10 41.243659 41.629317
7 18 40.004153 83.384651
7 16 26.271267 34.539832
8 15 46.176895 40.112342
9 14 39.520549 35.355339
9 11 47.547430 39.357337
10 13 41.913042 57.428216
14 17 41.011730 69.771054
14 16 36.979001 43.416587
