15 19 27692 3875 20
74 69 43.319380 44.917778 48.105447
82 86 37.420395 46.763918 46.452748
93 43 49.125427 47.923935 47.874586
26 23 33.027648 49.011860 43.237550
90 50 46.466805 45.495781 42.989260
20 19 40.065680 31.908688 47.231189
91 26 39.963483 46.198647 31.714899
26 11 26.198632 32.481224 35.080274
37 22 41.013490 49.595034 26.332451
94 31 33.795730 41.426525 44.003636
51 13 36.735752 47.722825 38.884754
85 77 30.957938 36.476634 32.617152
72 56 44.276326 34.997684 40.613837
33 8 26.180803 28.963643 32.429022
9 9 38.231331 27.235527 41.783212
0 11 25.475708 13.601471
0 4 41.642910 24.839485
0 2 36.062885 32.202484
1 9 41.271307 56.293872
1 2 25.667933 44.384682
2 12 48.001585 24.698178
2 6 28.389368 17.117243
2 4 38.208008 7.615773
3 8 26.111738 11.045361
4 11 34.714083 27.459060
4 5 30.404885 76.557168
5 7 48.168844 10.000000
6 9 48.580734 5.830952
7 13 33.760496 7.615773
7 10 39.133822 25.079872
8 10 48.532090 16.643317
10 13 45.923310 18.681542
11 12 40.720278 24.698178
13 14 28.259853 24.020824
