9 11 38378 1489 20
34 60 4.623075 23.364406 0.617920
68 1 11.561219 22.240723 17.610725
84 62 19.177499 13.657492 22.131111
43 75 14.245823 22.422782 8.959857
39 61 7.433801 24.072362 17.039779
35 58 7.692002 16.653796 5.730948
36 66 12.282565 11.197530 1.921267
66 28 11.093958 5.893539 9.527690
48 43 2.579300 16.533650 20.054240
0 5 5.504464 2.236068
0 4 4.020716 5.099020
1 4 16.029315 66.640828
1 2 8.181218 63.063460
2 8 20.735448 40.706265
2 4 4.617205 45.011110
3 8 1.117442 32.388269
3 5 23.011742 18.788294
4 7 11.508619 42.638011
5 7 11.917842 43.139309
5 6 0.031891 8.062258
