9 11 35934 1160 20
34 60 2.080612 5.381404 12.553238
68 1 21.104209 22.110082 7.267463
84 62 13.284789 0.932389 13.582751
43 75 8.303757 11.436743 8.705545
39 61 22.009834 10.145504 8.389471
35 58 12.000919 16.412661 8.020683
36 66 17.989099 4.948027 23.677333
66 28 24.533590 10.055654 20.296827
48 43 15.887968 15.410845 7.807090
0 5 10.538887 2.236068
0 4 23.594516 5.099020
1 4 12.714101 66.640828
1 2 11.784992 63.063460
2 8 7.849142 40.706265
2 4 1.369771 45.011110
3 8 22.769883 32.388269
3 5 3.367658 18.788294
4 7 21.163708 42.638011
5 7 9.391966 43.139309
5 6 12.017980 8.062258
