14 16 29666 2132 20
12 12 28.225573 49.564083 34.371202
25 65 26.904680 44.446518 48.882131
32 54 45.243892 33.277453 43.734951
42 97 39.910338 48.252067 36.827203
71 86 28.442677 30.826872 35.301916
83 71 40.082849 27.271348 28.679985
52 2 37.068971 42.514021 26.486278
63 71 48.624215 27.127797 33.349649
35 97 47.757009 44.416488 42.094274
54 84 38.668298 39.224337 35.509242
85 90 42.663911 35.386981 25.685473
20 37 44.481667 49.283040 29.827350
87 86 43.547918 37.624477 36.320241
18 36 39.096062 48.474558 40.032297
0 13 47.260900 24.738634
0 2 48.458885 46.518813
1 9 40.408760 34.669872
1 4 31.119165 50.566788
2 11 44.854853 20.808652
2 10 47.675995 64.070274
2 3 33.118725 44.147480
4 12 37.399078 16.000000
4 5 46.425579 19.209373
5 6 45.909259 75.643903
7 12 34.173360 28.301943
7 11 37.411512 54.817880
7 9 42.773041 15.811388
8 12 40.902298 53.150729
8 10 29.336275 50.487622
10 12 25.993135 4.472136
