9 11 26017 892 20
34 60 7.419895 16.911230 21.558317
68 1 21.434067 10.508813 16.160466
84 62 19.031571 9.243305 5.400659
43 75 4.687382 9.816918 16.130333
39 61 20.252324 4.186221 7.904962
35 58 11.162494 16.351513 10.796675
36 66 13.089025 11.780222 18.782830
66 28 13.512422 13.792366 20.949180
48 43 21.331418 22.046951 18.996037
0 5 22.392613 2.236068
0 4 19.452547 5.099020
1 4 8.451092 66.640828
1 2 17.872849 63.063460
2 8 22.619540 40.706265
2 4 12.977641 45.011110
3 8 2.600064 32.388269
3 5 14.784149 18.788294
4 7 16.322994 42.638011
5 7 12.280125 43.139309
5 6 16.518620 8.062258
