9 11 34125 1438 20
34 60 16.816024 22.828891 24.549141
68 1 6.350745 7.516012 11.396259
84 62 19.853235 8.401555 13.166498
43 75 1.798821 18.080370 3.921358
39 61 20.454534 14.368210 0.663621
35 58 8.871924 0.173569 3.768392
36 66 4.889392 18.990672 15.476572
66 28 1.172805 10.602421 10.525422
48 43 7.945853 13.564094 3.614645
0 5 19.194183 2.236068
0 4 6.628962 5.099020
1 4 6.275327 66.640828
1 2 9.349981 63.063460
2 8 15.165247 40.706265
2 4 4.999742 45.011110
3 8 4.645114 32.388269
3 5 3.945300 18.788294
4 7 9.867053 42.638011
5 7 18.749815 43.139309
5 6 15.755054 8.062258
