11 10 31615 2316 20
86 55 27.991801 31.718389 41.698857
78 84 47.939156 43.016799 38.538528
26 30 25.955152 27.647262 28.488004
88 39 39.356389 29.028477 25.126405
6 66 37.151380 45.939740 47.952550
58 57 47.857152 47.115311 33.306493
63 87 39.601725 44.887915 30.021405
78 66 48.679566 37.096143 41.851187
48 98 39.535285 41.460135 33.693696
95 45 42.093300 32.325870 34.041293
56 85 40.201290 48.377371 36.726738
0 9 26.151925 13.453624
0 5 36.631959 28.071338
1 8 26.968539 33.105891
2 9 29.359220 70.611614
2 4 45.373536 41.182521
2 3 47.989018 62.649820
4 8 45.498280 52.801515
6 9 38.327201 52.801515
6 7 35.914858 25.806976
8 10 39.462120 15.264338
