11 10 38272 636 20
86 55 31.127636 47.138340 34.673590
78 84 26.481247 44.305997 41.769999
26 30 43.694478 36.160890 41.590964
88 39 34.811719 32.669716 45.387563
6 66 42.791807 48.142491 46.156541
58 57 34.382004 49.071168 46.011060
63 87 32.272398 39.650183 26.861933
78 66 40.755320 31.908135 34.610249
48 98 49.865897 42.683780 39.810590
95 45 38.050301 26.458306 41.239483
56 85 27.020937 40.725074 44.599514
0 9 31.861269 13.453624
0 5 43.730729 28.071338
1 8 34.746956 33.105891
2 9 25.069227 70.611614
2 4 37.126264 41.182521
2 3 26.320829 62.649820
4 8 41.397935 52.801515
6 9 36.506831 52.801515
6 7 32.398689 25.806976
8 10 43.442458 15.264338
