15 19 44300 535 20
74 69 30.472856 44.857691 37.588095
82 86 43.515480 29.171220 31.035431
93 43 48.436830 48.792825 26.691853
26 23 31.108658 43.973285 28.807097
90 50 42.711795 49.992168 34.888225
20 19 31.613162 31.150269 26.656709
91 26 30.334293 32.597002 34.593111
26 11 37.757026 35.376618 36.132067
37 22 32.012774 41.647350 32.407314
94 31 34.741531 26.609748 37.586542
51 13 32.102685 34.763174 27.011843
85 77 47.136690 31.876819 32.896889
72 56 41.043505 46.860467 27.034823
33 8 38.512002 45.337218 35.009162
9 9 43.130300 25.466985 41.176348
0 11 44.622856 13.601471
0 4 39.656155 24.839485
0 2 30.599208 32.202484
1 9 30.055390 56.293872
1 2 33.865604 44.384682
2 12 26.687607 24.698178
2 6 42.979375 17.117243
2 4 33.454492 7.615773
3 8 34.327987 11.045361
4 11 26.946209 27.459060
4 5 40.185507 76.557168
5 7 40.178327 10.000000
6 9 45.000638 5.830952
7 13 44.921784 7.615773
7 10 33.098889 25.079872
8 10 49.611906 16.643317
10 13 49.337189 18.681542
11 12 36.110330 24.698178
13 14 30.769926 24.020824
