9 11 42656 1155 20
34 60 12.219363 16.859696 3.487432
68 1 1.609789 10.063708 23.568195
84 62 1.409493 10.820213 16.263166
43 75 11.492733 10.072383 14.160375
39 61 17.641412 13.160252 14.241845
35 58 8.053751 13.051292 4.089957
36 66 16.381968 17.093878 20.658985
66 28 16.006403 10.706493 22.513157
48 43 24.680226 13.456908 16.080876
0 5 8.259369 2.236068
0 4 20.389198 5.099020
1 4 16.675902 66.640828
1 2 21.736751 63.063460
2 8 16.295621 40.706265
2 4 3.320964 45.011110
3 8 19.802874 32.388269
3 5 1.983416 18.788294
4 7 7.261703 42.638011
5 7 8.992478 43.139309
5 6 9.092182 8.062258
