13 17 48333 712 20
93 57 36.515908 35.604204 45.908890
41 71 41.183935 45.757111 36.483185
57 70 29.305075 41.840500 36.421914
91 58 49.139011 34.638271 31.662063
54 58 29.571159 33.423918 27.111367
38 57 26.696007 48.728223 26.673593
91 9 30.117277 45.859518 27.340070
79 51 27.358606 37.438179 29.803140
5 54 35.178050 44.661750 34.680033
16 79 36.698406 25.346278 47.148640
49 93 44.531445 38.286109 33.957552
37 14 46.331839 49.055027 28.081551
82 11 27.067151 42.731294 45.288905
0 12 26.366585 47.296934
0 5 38.027325 55.000000
0 3 48.403110 2.236068
0 2 27.306338 38.275318
0 1 41.158120 53.851648
1 10 46.875554 23.409400
1 3 28.314160 51.662365
3 7 26.142904 13.892444
3 6 47.372055 49.000000
4 9 25.240802 43.416587
4 7 30.743380 25.961510
5 7 37.420357 41.436699
6 12 42.015582 9.219544
7 10 25.573442 51.613952
8 9 30.019191 27.313001
9 10 40.867895 35.846897
11 12 33.967732 45.099889
