14 16 40300 615 20
12 12 47.613337 46.785903 40.776269
25 65 37.088382 36.663190 36.235192
32 54 47.215059 37.658939 28.265640
42 97 35.878868 36.034303 25.227689
71 86 25.730178 29.127055 34.870240
83 71 44.169068 47.459192 31.516777
52 2 35.273735 33.239528 41.550325
63 71 41.471459 45.903184 47.372846
35 97 39.591307 26.205217 35.381482
54 84 31.292244 29.918470 26.778796
85 90 30.259212 45.427594 32.447086
20 37 43.359657 30.756813 26.846309
87 86 40.126785 40.982189 36.774617
18 36 31.400495 43.798080 31.142250
0 13 31.279296 24.738634
0 2 30.772701 46.518813
1 9 43.947852 34.669872
1 4 38.925015 50.566788
2 11 40.477930 20.808652
2 10 31.512160 64.070274
2 3 43.990916 44.147480
4 12 46.488498 16.000000
4 5 47.628969 19.209373
5 6 30.392946 75.643903
7 12 45.372135 28.301943
7 11 38.928685 54.817880
7 9 32.946759 15.811388
8 12 35.235591 53.150729
8 10 35.628864 50.487622
10 12 41.786110 4.472136
