15 19 49000 1453 20
74 69 40.129329 41.093037 28.603419
82 86 31.023605 36.846983 48.749070
93 43 40.581654 31.625172 47.833410
26 23 25.504484 26.858116 39.192294
90 50 35.795360 38.787338 28.927122
20 19 26.031183 47.751696 44.970631
91 26 25.628394 35.589845 46.170541
26 11 30.299017 43.930200 46.675518
37 22 36.734053 33.422319 45.843295
94 31 25.715557 25.708295 43.653653
51 13 29.228882 36.464169 29.871798
85 77 49.591108 37.875363 34.272353
72 56 48.021197 34.513727 26.001529
33 8 26.240213 34.483869 45.717592
9 9 40.290384 35.556742 39.561423
0 11 42.799906 13.601471
0 4 28.881624 24.839485
0 2 38.227035 32.202484
1 9 28.254244 56.293872
1 2 38.600417 44.384682
2 12 31.876859 24.698178
2 6 29.629654 17.117243
2 4 39.075912 7.615773
3 8 42.603910 11.045361
4 11 47.056123 27.459060
4 5 39.890089 76.557168
5 7 29.700199 10.000000
6 9 37.507342 5.830952
7 13 49.944332 7.615773
7 10 46.364560 25.079872
8 10 42.759332 16.643317
10 13 45.789395 18.681542
11 12 27.358016 24.698178
13 14 35.208275 24.020824
