13 17 4727 1445 20
93 57 39.557081 29.629313 45.490467
41 71 27.459812 38.543856 44.390513
57 70 43.657117 28.218995 46.211653
91 58 39.902023 38.727904 37.979641
54 58 46.456858 27.301441 36.864621
38 57 47.083466 46.444613 44.305482
91 9 28.705836 41.746391 35.541559
79 51 41.493281 40.761225 29.502734
5 54 41.619007 35.352104 46.542472
16 79 31.742592 34.225512 29.969929
49 93 42.900202 32.871386 42.448830
37 14 26.615016 40.794639 26.228169
82 11 34.955939 35.845495 35.556607
0 12 37.171011 47.296934
0 5 33.766960 55.000000
0 3 42.678636 2.236068
0 2 48.067444 38.275318
0 1 46.355600 53.851648
1 10 41.532831 23.409400
1 3 37.900643 51.662365
3 7 43.823881 13.892444
3 6 33.676487 49.000000
4 9 49.723926 43.416587
4 7 27.173929 25.961510
5 7 46.282762 41.436699
6 12 43.863895 9.219544
7 10 26.447575 51.613952
8 9 46.509091 27.313001
9 10 25.806182 35.846897
11 12 41.710190 45.099889
