19 20 45285 616 20
10 84 27.621655 40.866464 26.679932
3 72 27.954279 33.553627 28.676867
4 42 44.207213 34.894178 46.531144
69 21 48.122896 27.101301 29.197830
21 30 36.393422 49.301238 29.435689
9 16 48.183897 25.095266 46.008746
9 90 34.435715 26.332873 25.773139
71 9 26.963294 28.916211 32.885949
1 93 27.523028 25.963768 44.592716
45 45 26.456359 48.321666 25.286871
47 73 25.734171 25.845875 39.148564
27 80 25.722534 42.685048 46.054301
98 11 35.154567 41.056771 27.254281
0 40 37.660738 39.741213 43.128665
20 20 32.742757 31.377004 35.961293
41 96 43.774828 41.827012 39.830602
58 41 32.959106 39.282117 42.463800
82 52 27.799016 43.184622 31.114146
63 92 26.770280 42.322079 41.700081
0 15 28.805126 33.241540
1 11 37.150243 25.298221
2 8 48.097439 51.088159
3 16 25.460070 22.825424
3 12 49.707843 30.675723
3 9 33.416550 33.941125
3 7 41.418349 12.165525
3 6 35.434227 91.438504
4 13 28.331269 23.259407
5 14 47.334886 11.704700
6 15 27.280284 32.557641
6 10 25.737651 41.629317
7 18 32.557455 83.384651
7 16 49.379292 34.539832
8 15 36.004236 40.112342
9 14 37.258368 35.355339
9 11 47.292589 39.357337
10 13 27.223662 57.428216
14 17 49.516642 69.771054
14 16 49.636506 43.416587
