17 23 49333 896 20
67 59 27.952933 29.973526 43.003697
88 63 39.264820 31.372773 27.483026
30 29 33.769857 42.454491 46.745059
35 20 37.736272 38.105324 37.235618
48 64 38.545582 38.793266 46.787873
68 37 46.213413 36.186824 25.836492
95 50 36.369364 45.491847 27.741631
4 22 37.459572 43.951533 26.493585
17 8 28.030843 36.499875 30.731148
80 87 46.145558 48.704014 25.202463
99 85 26.790532 41.607814 36.945500
73 64 33.864039 48.294873 39.753287
5 9 46.907460 48.412568 44.762861
95 92 30.485355 31.091300 47.340693
12 12 28.381160 25.429197 25.031195
25 65 47.692094 45.870305 30.004672
32 54 49.076723 42.858823 25.261182
0 16 34.332174 35.355339
0 1 41.749585 21.377558
1 15 44.552661 63.031738
1 9 41.807203 25.298221
1 6 36.863132 14.764823
2 14 32.485917 24.758837
2 9 28.288475 76.576759
2 3 28.880358 10.295630
3 14 42.127015 24.351591
3 8 41.885513 21.633308
3 6 47.269882 67.082039
4 16 27.931282 18.867962
4 15 41.465982 23.021729
5 13 45.277434 61.269895
5 11 40.812186 27.459060
7 16 33.467247 42.520583
7 12 37.086971 13.038405
9 16 35.921305 58.249464
9 11 43.691666 24.041631
9 10 26.916047 19.104973
10 13 27.957163 8.062258
12 14 33.529650 7.615773
14 16 32.538257 46.518813
