9 11 48832 564 20
34 60 8.134222 18.828506 4.507044
68 1 21.437409 17.727022 13.811150
84 62 11.130327 9.766983 3.316778
43 75 12.294596 12.823013 1.527882
39 61 17.031873 18.315724 16.663559
35 58 2.236373 13.569846 11.576765
36 66 18.088313 1.119702 12.704603
66 28 18.835224 10.624966 3.071120
48 43 18.914474 16.353364 7.337479
0 5 9.758372 2.236068
0 4 9.717639 5.099020
1 4 7.154104 66.640828
1 2 8.575052 63.063460
2 8 4.422325 40.706265
2 4 1.039016 45.011110
3 8 0.813667 32.388269
3 5 22.505137 18.788294
4 7 4.979964 42.638011
5 7 22.318257 43.139309
5 6 24.435394 8.062258
