14 16 40700 2445 20
12 12 32.960748 46.991974 28.878418
25 65 33.319804 29.598678 40.047048
32 54 33.449027 36.141082 29.250673
42 97 44.138565 46.785727 31.677190
71 86 34.526896 47.461339 49.295587
83 71 40.828133 37.025699 36.990606
52 2 42.377244 32.702250 38.996461
63 71 49.090856 37.616522 46.843197
35 97 42.324709 38.532979 40.130568
54 84 37.367736 30.789531 43.104702
85 90 38.437645 46.966721 26.146108
20 37 34.174326 36.802179 44.950869
87 86 45.926976 29.789110 48.205358
18 36 37.192855 33.332194 31.880255
0 13 46.990562 24.738634
0 2 26.009600 46.518813
1 9 32.695639 34.669872
1 4 26.336507 50.566788
2 11 38.872843 20.808652
2 10 29.773760 64.070274
2 3 47.402747 44.147480
4 12 31.644856 16.000000
4 5 26.648152 19.209373
5 6 46.946702 75.643903
7 12 48.139988 28.301943
7 11 35.617852 54.817880
7 9 28.633225 15.811388
8 12 32.826804 53.150729
8 10 38.317031 50.487622
10 12 45.364816 4.472136
