10 10 4545 711 20
13 81 38.741842 26.348790 35.521085
80 78 31.234566 40.299063 32.065534
22 73 37.259032 27.234397 46.302378
85 16 38.366665 44.502977 48.282366
50 19 30.600908 26.256710 43.451646
8 50 39.358017 30.712316 43.706319
73 85 48.573319 39.821196 41.745694
71 58 33.678940 43.815740 38.585047
79 14 30.341096 31.186821 47.819261
79 82 36.558450 26.805212 35.862772
0 2 43.860410 12.041595
1 9 30.356000 4.123106
1 6 45.678730 9.899495
2 8 39.065673 82.036577
2 7 30.278560 51.244512
3 8 38.190354 6.324555
4 9 30.328097 69.354164
5 8 37.203900 79.605276
6 9 49.420435 6.708204
7 9 28.681456 25.298221
