9 11 44992 902 20
34 60 23.364366 5.027100 0.710115
68 1 1.471165 4.243023 17.248933
84 62 8.484183 15.796237 2.017400
43 75 16.672161 20.480309 20.949756
39 61 8.747512 7.661361 15.068922
35 58 1.316772 8.534947 9.404231
36 66 8.998760 1.183875 23.847957
66 28 7.825025 18.383304 17.057777
48 43 24.490938 7.481735 2.496733
0 5 5.610749 2.236068
0 4 18.934016 5.099020
1 4 0.719602 66.640828
1 2 15.619886 63.063460
2 8 16.362711 40.706265
2 4 10.661107 45.011110
3 8 20.979351 32.388269
3 5 5.188286 18.788294
4 7 21.931862 42.638011
5 7 23.906777 43.139309
5 6 21.283463 8.062258
