16 22 4454 3227 20
21 24 36.311890 43.848288 27.018487
48 36 29.378394 27.803520 35.974046
61 43 49.178364 41.498916 36.034935
20 65 26.996870 33.884944 29.753596
45 8 48.859074 32.380470 36.010869
62 16 31.464271 35.813403 28.366670
79 31 25.008823 47.628375 44.024511
37 37 45.292277 45.901992 47.584950
57 51 33.649848 30.946975 32.990304
28 71 32.611656 26.562533 39.233319
4 34 28.535999 46.587773 27.614261
12 12 28.058566 34.522830 46.863285
60 41 40.229447 47.781062 41.073779
98 82 32.246363 44.353079 41.069089
44 26 43.070044 43.281196 44.163824
75 47 45.638759 29.464536 39.571067
0 11 42.015461 15.000000
0 3 42.806736 41.012193
1 12 39.075884 13.000000
1 9 26.849857 40.311289
1 3 40.534920 40.311289
1 2 35.057042 14.764823
2 15 29.064622 14.560220
2 12 35.140217 2.236068
2 8 41.400331 8.944272
2 5 32.419694 27.018512
2 4 26.895499 38.483763
3 14 33.227947 45.793013
3 11 34.025985 53.600373
5 14 30.507792 20.591260
6 14 27.871787 35.355339
7 14 30.524428 13.038405
8 14 31.404573 28.178006
8 13 30.306682 51.400389
9 10 47.023996 44.102154
10 15 46.248263 72.180330
10 11 25.013944 23.409400
12 15 34.473798 16.155494
