17 23 42727 2247 20
67 59 28.113555 47.822542 25.928150
88 63 25.506850 26.515953 43.390204
30 29 44.195921 41.781205 48.775425
35 20 44.461408 34.141463 39.437079
48 64 31.072754 38.012336 44.786661
68 37 49.588016 40.555901 45.265407
95 50 49.438094 47.272991 46.027857
4 22 34.198442 32.015022 46.223901
17 8 36.106808 38.280512 25.221547
80 87 49.615473 29.328696 46.810584
99 85 49.500693 39.617880 36.322455
73 64 49.230396 26.209203 49.862463
5 9 31.984066 49.642387 26.909398
95 92 31.918332 40.729499 33.935978
12 12 38.130387 28.146504 42.702360
25 65 40.719059 42.931280 25.462502
32 54 43.743090 48.520397 44.824435
0 16 34.170231 35.355339
0 1 30.533572 21.377558
1 15 39.953628 63.031738
1 9 33.049784 25.298221
1 6 25.705634 14.764823
2 14 36.605559 24.758837
2 9 45.623205 76.576759
2 3 47.844268 10.295630
3 14 30.713287 24.351591
3 8 48.065590 21.633308
3 6 30.284992 67.082039
4 16 27.963472 18.867962
4 15 37.119015 23.021729
5 13 29.324370 61.269895
5 11 47.439721 27.459060
7 16 26.717357 42.520583
7 12 38.227243 13.038405
9 16 31.006640 58.249464
9 11 27.251305 24.041631
9 10 25.353334 19.104973
10 13 49.764399 8.062258
12 14 38.525692 7.615773
14 16 39.071948 46.518813
