9 11 48111 531 20
34 60 19.699263 3.096689 12.100158
68 1 0.193950 1.568393 1.542424
84 62 17.874104 23.912115 0.571870
43 75 11.089289 12.996428 19.940119
39 61 23.027719 2.355681 16.750890
35 58 18.526608 3.512191 3.368042
36 66 3.136637 12.798537 19.082804
66 28 0.353099 7.704914 0.324434
48 43 15.323552 0.583409 21.142959
0 5 9.333593 2.236068
0 4 8.727961 5.099020
1 4 16.142926 66.640828
1 2 5.063190 63.063460
2 8 9.598154 40.706265
2 4 21.774502 45.011110
3 8 0.876251 32.388269
3 5 15.956465 18.788294
4 7 9.470145 42.638011
5 7 23.945021 43.139309
5 6 22.188622 8.062258
