9 11 48617 1771 20
34 60 2.104960 3.380920 3.254571
68 1 10.528530 5.138048 22.057180
84 62 3.729987 9.780257 5.859025
43 75 16.992100 6.161277 18.808252
39 61 0.722763 23.958461 15.646407
35 58 17.498653 7.340327 6.872845
36 66 1.562652 15.527294 14.998833
66 28 8.486031 15.924873 6.876745
48 43 16.703463 24.433153 15.535050
0 5 6.893645 2.236068
0 4 14.553753 5.099020
1 4 6.760583 66.640828
1 2 3.065641 63.063460
2 8 5.032509 40.706265
2 4 8.954094 45.011110
3 8 17.316314 32.388269
3 5 23.495826 18.788294
4 7 15.293009 42.638011
5 7 19.049320 43.139309
5 6 15.484027 8.062258
