11 10 41500 3176 20
86 55 36.907847 49.440758 37.275285
78 84 46.142074 28.180143 41.290852
26 30 45.523372 43.232396 33.764079
88 39 33.170213 45.255056 41.482878
6 66 45.996687 45.097710 49.988136
58 57 28.091793 26.505956 34.933815
63 87 46.610638 45.931130 46.043937
78 66 25.579383 37.424137 30.017215
48 98 49.959983 25.065465 48.224553
95 45 38.838960 44.833216 26.778225
56 85 31.542118 35.824700 46.811821
0 9 30.104487 13.453624
0 5 49.411108 28.071338
1 8 26.962912 33.105891
2 9 43.384799 70.611614
2 4 32.008752 41.182521
2 3 38.191229 62.649820
4 8 27.491445 52.801515
6 9 38.124795 52.801515
6 7 29.132008 25.806976
8 10 39.051397 15.264338
