12 13 47200 1015 20
63 85 25.530719 28.692445 39.955088
89 66 46.848530 41.863135 39.168758
57 26 43.116286 44.797423 30.550038
63 41 38.382774 44.828809 42.515988
42 11 49.854863 39.002866 26.389118
72 60 28.493863 46.459833 31.731492
19 21 48.188463 38.700517 33.277031
67 52 43.802255 28.467340 28.191645
21 55 48.021085 46.058409 33.930809
12 47 35.862504 46.526874 37.996477
8 53 28.994496 32.038068 35.620329
52 75 26.995847 38.220751 45.162204
0 11 45.634358 14.866069
0 10 46.956208 63.631753
0 8 41.682886 51.613952
1 11 47.353474 38.078866
1 8 25.655349 68.883960
1 5 29.705656 18.027756
1 4 29.489090 72.346389
1 3 35.656271 36.069378
2 4 33.430161 21.213203
3 7 49.166502 11.704700
6 10 49.810028 33.837849
7 9 35.178969 55.226805
9 10 26.568855 7.211103
