10 10 45357 678 20
13 81 41.854159 43.118847 33.126091
80 78 33.987157 44.271328 25.703329
22 73 29.371588 26.802067 31.771727
85 16 45.957531 26.921750 44.277556
50 19 47.063641 44.866484 27.812821
8 50 32.889058 39.464588 47.271772
73 85 31.297007 37.679799 32.664212
71 58 36.947859 36.918606 39.777217
79 14 37.967880 43.554768 30.275069
79 82 41.820452 30.598558 35.386963
0 2 44.116376 12.041595
1 9 28.344059 4.123106
1 6 49.671430 9.899495
2 8 25.678375 82.036577
2 7 37.197598 51.244512
3 8 43.683437 6.324555
4 9 40.844820 69.354164
5 8 26.903826 79.605276
6 9 33.644501 6.708204
7 9 36.643182 25.298221
