19 20 48000 2324 20
10 84 26.534991 27.855526 49.370839
3 72 41.235123 38.097159 44.397158
4 42 37.103467 25.338710 39.266213
69 21 37.200024 47.440026 47.785966
21 30 35.225062 33.019805 38.078845
9 16 40.381722 49.593976 45.736846
9 90 41.817891 42.472433 41.821617
71 9 30.957485 25.119826 45.246197
1 93 29.164501 37.019509 30.697634
45 45 27.312633 27.032855 43.705479
47 73 48.023889 48.517791 38.907012
27 80 28.825715 49.220280 41.657040
98 11 39.240510 33.704800 44.586800
0 40 40.460175 47.270012 30.085737
20 20 37.317453 47.238941 26.187185
41 96 43.286979 25.287120 31.995825
58 41 38.405635 34.726813 33.098720
82 52 41.948871 44.796229 40.030915
63 92 43.117072 44.363125 32.844808
0 15 30.564948 33.241540
1 11 45.061337 25.298221
2 8 40.986341 51.088159
3 16 44.361034 22.825424
3 12 26.298872 30.675723
3 9 34.128559 33.941125
3 7 34.273945 12.165525
3 6 43.299513 91.438504
4 13 37.268754 23.259407
5 14 30.529886 11.704700
6 15 44.131685 32.557641
6 10 49.665266 41.629317
7 18 33.949934 83.384651
7 16 30.937165 34.539832
8 15 41.399064 40.112342
9 14 38.885300 35.355339
9 11 29.782209 39.357337
10 13 25.436009 57.428216
14 17 31.545530 69.771054
14 16 36.006967 43.416587
