10 10 47600 786 20
13 81 32.318596 35.940179 39.186271
80 78 27.418764 26.752947 29.459887
22 73 49.461162 38.929726 25.901427
85 16 47.869547 31.563552 33.634919
50 19 32.345237 26.905069 46.093470
8 50 26.439101 49.144612 25.668220
73 85 26.009294 46.484913 43.464393
71 58 49.644315 39.564671 31.756733
79 14 47.645944 33.509142 43.153262
79 82 41.006581 32.384773 34.989264
0 2 41.222605 12.041595
1 9 33.059257 4.123106
1 6 29.378486 9.899495
2 8 47.488422 82.036577
2 7 36.469031 51.244512
3 8 26.286980 6.324555
4 9 32.160873 69.354164
5 8 41.818754 79.605276
6 9 26.197897 6.708204
7 9 32.877547 25.298221
