14 16 39666 1631 20
12 12 32.418166 41.055420 42.590707
25 65 34.251328 37.512721 32.578101
32 54 47.282335 33.381871 49.775122
42 97 35.425069 27.423622 38.443564
71 86 39.544138 37.986209 37.695625
83 71 30.547524 37.834704 31.471785
52 2 33.953697 26.935195 28.302918
63 71 27.406950 37.172806 34.043269
35 97 29.458782 28.844384 31.539170
54 84 41.084153 45.501599 26.083669
85 90 45.405523 30.069840 27.382602
20 37 38.992397 28.224315 28.762075
87 86 39.183694 25.838337 31.871394
18 36 28.258052 26.204242 28.764061
0 13 39.525471 24.738634
0 2 45.884379 46.518813
1 9 43.192147 34.669872
1 4 33.223456 50.566788
2 11 31.175301 20.808652
2 10 37.726161 64.070274
2 3 35.107055 44.147480
4 12 25.570133 16.000000
4 5 40.794581 19.209373
5 6 39.918405 75.643903
7 12 32.338695 28.301943
7 11 37.836516 54.817880
7 9 46.287904 15.811388
8 12 43.147500 53.150729
8 10 31.211436 50.487622
10 12 37.289152 4.472136
