15 19 555 746 20
74 69 36.050152 44.551435 39.934815
82 86 27.975225 39.455195 39.294872
93 43 31.040787 34.575866 36.466002
26 23 38.530042 46.321064 29.144398
90 50 25.187542 29.856629 40.944269
20 19 39.211761 42.357131 39.842864
91 26 34.816516 31.341733 31.016558
26 11 36.197786 32.614124 49.454530
37 22 35.930968 26.379560 29.798034
94 31 26.769587 47.625762 44.279199
51 13 45.988100 38.904241 48.037283
85 77 47.338716 36.870497 33.164990
72 56 30.072939 49.155696 41.742228
33 8 46.907916 33.419516 32.336652
9 9 42.285242 46.693339 42.273750
0 11 29.661797 13.601471
0 4 42.967435 24.839485
0 2 31.774061 32.202484
1 9 37.045862 56.293872
1 2 28.209676 44.384682
2 12 44.005560 24.698178
2 6 27.283780 17.117243
2 4 47.168379 7.615773
3 8 38.772262 11.045361
4 11 35.833769 27.459060
4 5 40.416825 76.557168
5 7 46.900780 10.000000
6 9 26.094313 5.830952
7 13 35.514728 7.615773
7 10 40.784231 25.079872
8 10 34.807415 16.643317
10 13 47.632912 18.681542
11 12 26.971986 24.698178
13 14 30.564015 24.020824
