9 11 39992 387 20
34 60 2.006589 1.331509 9.435088
68 1 11.377914 3.269262 11.576430
84 62 17.867479 4.458566 7.425899
43 75 19.895869 3.973577 11.200138
39 61 22.297225 22.818192 19.737939
35 58 19.369519 18.440099 21.232051
36 66 15.434741 11.114893 14.805371
66 28 8.835152 13.828172 14.571026
48 43 21.651688 3.002090 15.723145
0 5 3.800092 2.236068
0 4 21.852536 5.099020
1 4 23.659294 66.640828
1 2 19.170102 63.063460
2 8 4.542113 40.706265
2 4 10.487106 45.011110
3 8 13.864843 32.388269
3 5 22.557495 18.788294
4 7 12.762845 42.638011
5 7 2.148452 43.139309
5 6 13.411865 8.062258
