13 17 43900 1821 20
93 57 36.842164 32.064492 28.570423
41 71 28.765176 49.197206 44.321062
57 70 49.762338 41.555745 47.100680
91 58 32.573205 45.070112 45.196260
54 58 32.217244 35.123689 30.460525
38 57 43.968635 30.766028 36.891928
91 9 34.266163 47.458718 42.155341
79 51 28.546198 32.379164 36.666756
5 54 42.492048 30.297427 35.391312
16 79 33.224176 43.402971 44.054228
49 93 34.452564 37.148695 43.299765
37 14 30.569748 26.133628 46.579475
82 11 35.419681 35.254967 41.479120
0 12 41.401979 47.296934
0 5 32.172696 55.000000
0 3 49.226021 2.236068
0 2 25.213147 38.275318
0 1 42.392605 53.851648
1 10 44.167371 23.409400
1 3 45.147329 51.662365
3 7 43.854517 13.892444
3 6 39.889891 49.000000
4 9 26.092632 43.416587
4 7 43.426600 25.961510
5 7 27.751861 41.436699
6 12 41.847945 9.219544
7 10 25.999659 51.613952
8 9 30.449395 27.313001
9 10 33.894382 35.846897
11 12 31.727183 45.099889
