14 16 39500 3320 20
12 12 31.784757 25.720801 41.084692
25 65 32.406573 27.328180 31.978488
32 54 25.620439 29.755836 40.240197
42 97 28.827848 37.993939 29.599922
71 86 29.875639 32.482970 28.767135
83 71 33.885401 31.140513 45.235120
52 2 47.047511 49.903995 38.453828
63 71 35.085087 39.563055 28.024505
35 97 31.106884 29.509644 29.843035
54 84 49.107041 31.303392 36.108939
85 90 27.969231 36.080951 27.496506
20 37 39.158897 40.829959 43.840346
87 86 41.943623 48.502698 38.235569
18 36 33.214759 43.119271 30.211273
0 13 45.923746 24.738634
0 2 42.094498 46.518813
1 9 33.167019 34.669872
1 4 47.780969 50.566788
2 11 29.571770 20.808652
2 10 28.005370 64.070274
2 3 47.585965 44.147480
4 12 27.334290 16.000000
4 5 35.534630 19.209373
5 6 37.389552 75.643903
7 12 33.164165 28.301943
7 11 37.833237 54.817880
7 9 37.308351 15.811388
8 12 33.737947 53.150729
8 10 33.993563 50.487622
10 12 44.757928 4.472136
