10 10 41000 789 20
13 81 36.460787 43.505831 35.988875
80 78 44.931929 31.535654 27.696818
22 73 29.403213 37.032377 39.877346
85 16 31.475286 36.545161 33.296827
50 19 43.998667 45.634607 36.921808
8 50 31.318404 25.909924 25.757081
73 85 47.124992 38.226334 39.499349
71 58 37.285801 35.395643 30.397076
79 14 49.550020 28.284631 28.063411
79 82 35.965558 48.940362 32.746793
0 2 48.650990 12.041595
1 9 43.564560 4.123106
1 6 45.397280 9.899495
2 8 46.978042 82.036577
2 7 38.342422 51.244512
3 8 45.115203 6.324555
4 9 42.480848 69.354164
5 8 34.586886 79.605276
6 9 29.770469 6.708204
7 9 40.130407 25.298221
