9 11 45453 2431 20
34 60 15.956131 12.433270 19.121689
68 1 0.996134 18.766987 23.286918
84 62 4.790381 13.429833 24.130949
43 75 0.975375 12.908362 24.150740
39 61 9.927282 19.179572 11.919796
35 58 11.847760 17.036027 19.027494
36 66 12.316078 11.804019 17.958455
66 28 13.328541 3.538990 8.132361
48 43 5.782467 13.663967 5.328498
0 5 8.148942 2.236068
0 4 17.349324 5.099020
1 4 0.635556 66.640828
1 2 20.365696 63.063460
2 8 23.171092 40.706265
2 4 12.887069 45.011110
3 8 22.784717 32.388269
3 5 7.600579 18.788294
4 7 15.721721 42.638011
5 7 22.683352 43.139309
5 6 9.482394 8.062258
