9 11 49270 591 20
34 60 1.951260 2.979052 21.853532
68 1 9.552350 21.197093 5.782381
84 62 24.665500 23.873563 11.837130
43 75 3.100671 11.759514 20.458110
39 61 20.160250 20.308013 20.787628
35 58 21.027089 18.710141 12.377543
36 66 21.092863 18.711257 24.401971
66 28 6.506650 9.771416 7.719544
48 43 11.947808 21.367602 18.930519
0 5 10.800660 2.236068
0 4 6.942622 5.099020
1 4 13.089680 66.640828
1 2 24.358918 63.063460
2 8 1.018631 40.706265
2 4 11.340027 45.011110
3 8 13.610277 32.388269
3 5 21.295520 18.788294
4 7 6.584110 42.638011
5 7 16.134807 43.139309
5 6 19.599147 8.062258
