9 11 43960 1010 20
34 60 18.050968 1.328616 21.328261
68 1 2.163576 7.908565 19.027840
84 62 21.552062 1.079254 5.173640
43 75 2.617449 1.059253 13.360172
39 61 15.153395 3.539212 16.767935
35 58 18.743644 15.089486 6.744415
36 66 20.067698 7.441209 22.550541
66 28 8.593956 3.112982 0.911403
48 43 15.472301 19.124056 0.215404
0 5 8.045236 2.236068
0 4 19.151029 5.099020
1 4 2.989601 66.640828
1 2 1.151877 63.063460
2 8 14.047654 40.706265
2 4 9.112885 45.011110
3 8 14.703467 32.388269
3 5 22.419463 18.788294
4 7 15.046730 42.638011
5 7 11.608558 43.139309
5 6 4.060358 8.062258
