10 10 38818 734 20
13 81 47.201107 32.837150 47.128515
80 78 34.013369 32.658611 37.247668
22 73 36.644507 43.744548 32.805427
85 16 27.675554 48.029626 48.736704
50 19 36.948990 25.243208 46.925792
8 50 44.638293 33.411883 40.151204
73 85 39.211610 32.618154 25.594087
71 58 48.572383 39.202185 28.982708
79 14 44.045073 47.687408 42.908778
79 82 31.539826 47.115727 42.283781
0 2 42.270385 12.041595
1 9 46.062735 4.123106
1 6 25.402542 9.899495
2 8 44.636199 82.036577
2 7 48.705321 51.244512
3 8 43.437843 6.324555
4 9 35.508374 69.354164
5 8 29.009624 79.605276
6 9 26.527599 6.708204
7 9 49.790274 25.298221
