20 27 48666 833 20
35 45 45.108911 29.293325 48.971908
13 42 39.640759 37.118865 40.285763
33 74 46.173932 44.846330 29.579017
17 73 28.858563 38.902958 31.710651
10 63 25.376986 41.505033 28.416141
81 52 32.160348 35.098258 30.064396
89 62 26.343025 31.395689 46.006406
16 24 26.741140 42.108955 49.821796
49 71 25.579951 39.568101 37.721111
6 25 38.397807 25.219312 44.500195
8 62 47.235230 39.484565 45.583664
25 26 42.887375 42.054267 41.741001
79 71 37.108477 48.517455 29.618308
66 47 31.875582 33.032058 48.229553
34 52 40.994427 33.254067 37.106940
37 23 45.449151 39.656220 35.870881
13 9 31.463218 36.038174 32.998708
61 7 36.013954 32.717825 33.663118
8 64 49.738151 27.668470 27.770145
15 3 40.878283 25.013002 27.980929
0 15 29.728402 22.090722
0 10 34.109007 31.906112
1 16 35.819248 33.000000
1 15 42.878679 30.610456
1 10 27.999881 20.615528
1 9 43.781353 18.384776
1 7 48.850168 18.248288
1 5 33.032334 68.731361
2 13 28.985604 42.638011
2 12 32.657939 46.097722
2 11 44.465377 48.662100
2 3 49.358869 16.031220
4 10 45.664488 2.236068
6 13 41.563346 27.459060
6 12 38.339416 13.453624
7 17 47.299937 48.104054
7 11 40.112745 9.219544
7 10 28.634521 38.832976
8 14 28.924567 24.207437
8 12 39.649554 30.000000
9 18 37.799677 39.051248
9 16 49.789558 17.464249
10 18 37.636103 2.000000
10 13 48.380006 59.908263
12 13 26.342602 27.294688
15 19 46.119802 29.732137
16 19 36.434498 6.324555
