12 13 37500 3894 20
63 85 41.038031 34.448332 30.018084
89 66 32.113704 33.545806 49.872023
57 26 43.009449 32.758510 40.247596
63 41 46.879246 34.712443 25.543889
42 11 32.535181 40.428553 41.877490
72 60 32.647445 32.660356 29.594992
19 21 27.739974 45.987651 47.690207
67 52 38.160031 45.931172 42.240095
21 55 27.590795 45.692556 41.257576
12 47 44.194984 35.452551 38.406399
8 53 36.371756 31.294254 38.048849
52 75 49.703679 37.417195 29.589631
0 11 45.272062 14.866069
0 10 30.579294 63.631753
0 8 46.147096 51.613952
1 11 49.805120 38.078866
1 8 32.373098 68.883960
1 5 34.313152 18.027756
1 4 32.590634 72.346389
1 3 28.485562 36.069378
2 4 46.544977 21.213203
3 7 44.897707 11.704700
6 10 44.955905 33.837849
7 9 27.976200 55.226805
9 10 30.530484 7.211103
