10 10 44600 5037 20
13 81 35.336395 46.772402 44.224755
80 78 29.750652 32.204494 28.113295
22 73 49.257683 34.318160 40.213784
85 16 29.896182 29.047137 47.687948
50 19 34.466778 31.174961 47.003074
8 50 32.817987 36.245229 39.505027
73 85 38.899913 25.110064 45.765974
71 58 30.263822 29.909215 34.369933
79 14 26.883879 31.979324 25.847691
79 82 46.726763 47.763020 36.167313
0 2 38.308457 12.041595
1 9 49.351260 4.123106
1 6 36.495185 9.899495
2 8 47.187068 82.036577
2 7 46.961211 51.244512
3 8 29.180896 6.324555
4 9 42.179907 69.354164
5 8 43.822561 79.605276
6 9 45.880976 6.708204
7 9 29.155180 25.298221
