9 11 39647 1397 20
34 60 8.903971 7.583375 24.195285
68 1 16.486928 10.927807 12.483820
84 62 17.752372 21.854744 17.075160
43 75 15.416446 24.763247 8.520966
39 61 23.943562 8.215099 8.226534
35 58 3.981721 12.070047 15.724704
36 66 20.669178 20.467526 0.401859
66 28 9.648878 15.758479 15.136540
48 43 8.130096 8.687028 2.249321
0 5 9.877722 2.236068
0 4 0.490579 5.099020
1 4 8.351082 66.640828
1 2 20.635447 63.063460
2 8 15.696855 40.706265
2 4 9.780862 45.011110
3 8 0.749013 32.388269
3 5 12.868516 18.788294
4 7 15.255231 42.638011
5 7 8.401739 43.139309
5 6 15.165626 8.062258
