20 27 42000 1165 20
35 45 37.558069 38.436053 44.711810
13 42 42.377639 37.641305 43.467799
33 74 38.956792 46.585508 31.694849
17 73 31.185431 28.539827 26.906435
10 63 47.429940 42.289343 28.363447
81 52 37.933762 27.708411 45.752852
89 62 38.455726 30.513531 31.562044
16 24 41.388724 30.127347 31.601071
49 71 32.365535 30.839750 28.660728
6 25 27.483034 44.755639 46.704078
8 62 36.345018 40.458367 31.697731
25 26 25.761714 45.899808 33.606205
79 71 26.295402 26.520046 42.076731
66 47 36.450732 46.850869 41.969114
34 52 29.958786 32.660626 31.559733
37 23 36.635257 42.740680 33.103943
13 9 40.207579 29.054778 42.451988
61 7 42.438610 29.368873 33.360048
8 64 45.025711 33.559829 44.797680
15 3 28.703890 44.259579 39.453223
0 15 35.430333 22.090722
0 10 46.776660 31.906112
1 16 29.852805 33.000000
1 15 31.626877 30.610456
1 10 46.310422 20.615528
1 9 40.289010 18.384776
1 7 34.161754 18.248288
1 5 41.425007 68.731361
2 13 41.279205 42.638011
2 12 25.446084 46.097722
2 11 45.024766 48.662100
2 3 32.315422 16.031220
4 10 25.348487 2.236068
6 13 31.850230 27.459060
6 12 41.591029 13.453624
7 17 33.886710 48.104054
7 11 31.907331 9.219544
7 10 26.060074 38.832976
8 14 29.215315 24.207437
8 12 49.048340 30.000000
9 18 35.466415 39.051248
9 16 36.512207 17.464249
10 18 31.627249 2.000000
10 13 34.725861 59.908263
12 13 38.323125 27.294688
15 19 44.357016 29.732137
16 19 31.997118 6.324555
