14 16 46000 1071 20
12 12 35.728058 49.663573 33.309008
25 65 40.886051 43.650960 28.998636
32 54 47.386487 46.104325 29.142906
42 97 34.671063 46.678224 35.097885
71 86 40.147401 37.816868 27.271917
83 71 37.553920 39.934533 27.320724
52 2 32.478799 34.317444 46.290568
63 71 37.115219 45.064378 25.458339
35 97 45.526885 25.689390 39.010215
54 84 42.286737 38.401834 36.561283
85 90 32.435296 38.450574 46.997562
20 37 37.615365 41.050775 44.280114
87 86 41.910386 32.970034 28.958420
18 36 36.684451 27.903289 37.677833
0 13 25.706499 24.738634
0 2 25.817287 46.518813
1 9 49.116046 34.669872
1 4 37.952150 50.566788
2 11 38.708922 20.808652
2 10 33.842786 64.070274
2 3 44.862583 44.147480
4 12 27.668099 16.000000
4 5 31.146848 19.209373
5 6 35.801148 75.643903
7 12 25.558880 28.301943
7 11 41.091378 54.817880
7 9 49.538757 15.811388
8 12 36.122659 53.150729
8 10 44.504132 50.487622
10 12 36.956112 4.472136
