17 23 47733 1336 20
67 59 34.194684 39.904294 40.638004
88 63 35.569326 48.900772 25.993085
30 29 46.410807 48.410082 36.264517
35 20 46.593891 32.137060 41.669327
48 64 41.379932 30.053247 47.559348
68 37 27.903851 40.222357 43.068304
95 50 46.302295 32.314429 25.149602
4 22 42.863248 29.786436 25.439520
17 8 30.571840 38.110965 43.254940
80 87 33.307043 25.286030 40.252026
99 85 34.740171 37.626569 49.806310
73 64 45.259054 31.224493 46.878817
5 9 45.214973 29.672998 33.977329
95 92 48.882220 33.331388 26.304981
12 12 29.241055 28.702834 48.485207
25 65 44.154917 28.579460 26.959891
32 54 41.278669 29.261137 38.570417
0 16 29.723463 35.355339
0 1 43.204552 21.377558
1 15 25.382711 63.031738
1 9 45.077379 25.298221
1 6 49.323158 14.764823
2 14 28.094370 24.758837
2 9 39.556243 76.576759
2 3 28.009718 10.295630
3 14 35.466962 24.351591
3 8 37.127486 21.633308
3 6 30.478311 67.082039
4 16 39.813797 18.867962
4 15 44.782436 23.021729
5 13 28.297249 61.269895
5 11 47.373343 27.459060
7 16 41.730867 42.520583
7 12 32.103178 13.038405
9 16 43.547839 58.249464
9 11 30.242642 24.041631
9 10 36.654461 19.104973
10 13 32.052587 8.062258
12 14 39.438131 7.615773
14 16 30.840048 46.518813
