9 11 43786 631 20
34 60 22.110596 15.727600 8.474373
68 1 3.120043 22.835318 22.320389
84 62 9.786874 8.905495 24.962057
43 75 17.482376 0.408475 24.341999
39 61 7.978021 18.806108 0.578136
35 58 18.794873 12.148968 19.086010
36 66 8.826200 15.423930 18.582052
66 28 20.617313 16.311775 21.749024
48 43 16.227132 13.854298 10.565055
0 5 16.793824 2.236068
0 4 3.252230 5.099020
1 4 17.067374 66.640828
1 2 14.468403 63.063460
2 8 14.211452 40.706265
2 4 7.305437 45.011110
3 8 20.541221 32.388269
3 5 19.760892 18.788294
4 7 7.223496 42.638011
5 7 23.296110 43.139309
5 6 22.040377 8.062258
