14 16 44700 1255 20
12 12 43.601606 39.959107 34.412788
25 65 43.502606 39.332542 46.344952
32 54 29.638174 35.398131 36.441129
42 97 43.568197 26.498177 26.740398
71 86 30.398888 30.025388 32.587750
83 71 48.575340 28.746971 35.355431
52 2 28.971694 29.329999 49.817243
63 71 43.425058 29.444349 46.790860
35 97 38.671087 47.466692 32.507854
54 84 46.362401 37.004068 44.570253
85 90 30.938167 27.558107 43.923543
20 37 38.054173 46.840299 47.096077
87 86 49.492022 37.921146 41.705167
18 36 30.107045 29.199821 42.196083
0 13 29.516575 24.738634
0 2 40.322379 46.518813
1 9 49.097849 34.669872
1 4 26.908585 50.566788
2 11 30.710785 20.808652
2 10 40.662244 64.070274
2 3 47.057727 44.147480
4 12 32.327035 16.000000
4 5 30.402574 19.209373
5 6 25.666057 75.643903
7 12 34.497732 28.301943
7 11 43.326919 54.817880
7 9 42.616291 15.811388
8 12 39.504600 53.150729
8 10 41.996560 50.487622
10 12 48.378684 4.472136
