14 16 49222 3009 20
12 12 45.831974 43.110999 42.167422
25 65 29.942948 44.546270 48.321520
32 54 41.290518 25.816773 36.543037
42 97 36.721948 27.486119 31.264854
71 86 32.154898 39.733561 38.037400
83 71 34.473421 28.974368 33.508087
52 2 35.650877 49.575060 47.442072
63 71 33.878278 27.434561 49.882853
35 97 35.260414 33.805631 38.161243
54 84 35.943722 31.268513 36.053573
85 90 43.274540 45.425878 31.271686
20 37 29.023093 42.834626 39.374299
87 86 41.872079 37.158205 28.003763
18 36 35.004860 34.888871 39.808983
0 13 26.598405 24.738634
0 2 26.320451 46.518813
1 9 31.679062 34.669872
1 4 49.385889 50.566788
2 11 41.736076 20.808652
2 10 47.524247 64.070274
2 3 28.832600 44.147480
4 12 28.065801 16.000000
4 5 48.497491 19.209373
5 6 26.994253 75.643903
7 12 48.701254 28.301943
7 11 38.867282 54.817880
7 9 47.929614 15.811388
8 12 32.919128 53.150729
8 10 25.161283 50.487622
10 12 28.235333 4.472136
