11 10 44800 1536 20
86 55 42.051960 25.150218 32.528518
78 84 49.470302 37.500223 30.963128
26 30 25.805842 38.977406 27.363022
88 39 36.787111 45.788950 34.679904
6 66 31.135582 29.765719 46.407312
58 57 37.081075 30.505003 32.792452
63 87 25.103099 40.574276 28.460844
78 66 41.127608 42.230908 42.528218
48 98 45.475034 36.746516 35.412990
95 45 30.009929 48.221769 29.315693
56 85 48.447823 26.732382 27.702260
0 9 39.215380 13.453624
0 5 38.067301 28.071338
1 8 39.609638 33.105891
2 9 37.041700 70.611614
2 4 25.207911 41.182521
2 3 33.267487 62.649820
4 8 39.105344 52.801515
6 9 39.231716 52.801515
6 7 25.515302 25.806976
8 10 39.303082 15.264338
