18 22 42545 2126 20
12 78 30.896709 27.543199 41.057244
14 27 48.125256 33.646776 32.925238
68 56 29.584612 41.631558 25.326696
56 30 28.887288 34.664961 40.016984
38 4 40.631018 36.186035 39.627784
72 74 49.469605 44.367799 36.251942
49 59 27.022917 49.604811 35.391516
45 62 31.377615 44.826516 49.534387
60 6 29.406860 44.519434 34.557901
71 18 25.411433 29.194062 30.949274
40 43 31.062302 29.528485 38.385326
75 69 32.238729 27.184984 27.977884
85 85 45.068827 35.663904 39.761902
99 51 46.961179 34.310845 41.694358
8 61 47.298376 48.186508 38.949430
70 85 42.323122 37.926429 45.196597
98 27 26.121987 42.033528 45.147583
41 40 41.442796 41.675404 34.932328
0 14 48.270473 17.464249
1 15 45.485396 80.622577
1 10 49.352912 30.528675
1 3 47.956291 42.107007
2 17 41.642656 31.384710
2 7 37.009775 23.769729
3 17 47.933796 18.027756
3 15 36.064851 56.753854
3 8 38.104257 24.331050
3 6 38.291858 29.832868
3 4 29.822670 31.622777
5 15 31.971495 11.180340
5 14 44.910797 65.306967
6 14 45.864645 41.048752
6 12 26.504259 44.407207
7 14 39.181464 37.013511
7 9 29.864929 51.107729
8 17 38.705265 38.948684
8 9 30.972444 16.278821
9 13 43.387339 43.278170
10 11 41.054119 43.600459
14 16 46.651980 96.208108
