9 11 45356 1628 20
34 60 12.358766 22.906636 12.929603
68 1 11.660552 2.862559 13.158747
84 62 0.684227 17.390244 20.956117
43 75 5.621096 7.362321 10.282164
39 61 24.421314 13.736378 20.580475
35 58 18.935361 18.691672 0.528034
36 66 8.409468 16.482753 2.364916
66 28 12.818996 1.972409 21.474055
48 43 2.900197 0.850118 9.108451
0 5 12.064497 2.236068
0 4 11.264848 5.099020
1 4 19.857096 66.640828
1 2 23.350019 63.063460
2 8 17.664317 40.706265
2 4 24.281897 45.011110
3 8 8.058668 32.388269
3 5 0.467838 18.788294
4 7 16.841331 42.638011
5 7 7.237127 43.139309
5 6 8.403085 8.062258
