15 19 40400 1275 20
74 69 44.958447 27.849708 28.017092
82 86 41.762666 42.790815 25.877693
93 43 43.736138 33.004539 27.845984
26 23 42.734653 35.160671 46.134443
90 50 37.432063 46.571531 39.456642
20 19 26.510341 39.001521 34.376695
91 26 33.000482 47.756238 27.048906
26 11 33.373416 31.700361 43.652914
37 22 34.170477 49.823192 25.322627
94 31 49.442271 34.225841 39.075171
51 13 38.157184 40.896687 40.354113
85 77 37.502477 25.840667 29.193546
72 56 49.086356 33.903203 29.231618
33 8 35.035712 38.411061 46.495649
9 9 33.662812 33.060491 29.617495
0 11 29.705416 13.601471
0 4 31.593676 24.839485
0 2 27.592786 32.202484
1 9 45.601184 56.293872
1 2 49.558434 44.384682
2 12 26.099413 24.698178
2 6 26.848343 17.117243
2 4 45.649456 7.615773
3 8 45.871808 11.045361
4 11 49.134518 27.459060
4 5 31.472724 76.557168
5 7 30.239233 10.000000
6 9 30.867481 5.830952
7 13 47.312935 7.615773
7 10 35.920283 25.079872
8 10 46.362548 16.643317
10 13 49.067612 18.681542
11 12 49.810690 24.698178
13 14 48.846801 24.020824
