9 11 47934 284 20
34 60 17.257510 15.626465 6.496396
68 1 0.776422 15.484763 2.231432
84 62 13.921116 13.138611 21.657665
43 75 17.458001 19.902700 3.129831
39 61 20.286967 16.851949 13.111550
35 58 10.804869 9.395530 24.978827
36 66 18.983288 24.361081 13.199720
66 28 21.292958 17.439365 15.225754
48 43 5.617467 5.038540 3.460878
0 5 12.466428 2.236068
0 4 3.564120 5.099020
1 4 4.152806 66.640828
1 2 14.949593 63.063460
2 8 3.552857 40.706265
2 4 21.485904 45.011110
3 8 19.124032 32.388269
3 5 11.146220 18.788294
4 7 19.787529 42.638011
5 7 1.839162 43.139309
5 6 23.267046 8.062258
