9 11 41288 1908 20
34 60 3.355932 19.441420 19.345625
68 1 2.711521 1.628641 16.792118
84 62 4.606651 8.978247 10.869286
43 75 4.033499 7.694456 2.313882
39 61 1.978853 23.256395 22.439773
35 58 17.309525 14.206457 20.827865
36 66 3.142861 4.656661 9.186225
66 28 15.190380 24.531492 21.314865
48 43 5.786478 14.190030 3.103950
0 5 8.046964 2.236068
0 4 8.010018 5.099020
1 4 6.450770 66.640828
1 2 5.866784 63.063460
2 8 22.771670 40.706265
2 4 10.843003 45.011110
3 8 21.203353 32.388269
3 5 8.584291 18.788294
4 7 5.007907 42.638011
5 7 16.896446 43.139309
5 6 13.673808 8.062258
