19 20 5000 825 20
10 84 36.876302 32.898623 42.883487
3 72 48.951477 26.686119 35.997869
4 42 37.659695 41.949760 32.811864
69 21 47.164985 33.875709 40.105837
21 30 25.340914 36.853162 25.057089
9 16 33.578060 34.989554 48.152148
9 90 36.744659 45.199644 30.596137
71 9 31.231298 37.960534 30.876231
1 93 49.453347 28.996535 44.877733
45 45 29.337024 27.048159 29.384573
47 73 39.094829 40.072733 35.054573
27 80 25.232117 42.334167 44.390714
98 11 36.166463 42.387077 35.049785
0 40 41.917618 25.266539 30.200179
20 20 49.161004 31.140820 38.973648
41 96 36.536646 41.564651 31.230844
58 41 37.957532 38.826513 41.194118
82 52 25.595806 41.900808 26.496844
63 92 46.907599 37.925861 29.569548
0 15 39.141983 33.241540
1 11 47.274320 25.298221
2 8 31.820376 51.088159
3 16 31.722825 22.825424
3 12 41.906583 30.675723
3 9 41.634138 33.941125
3 7 32.653004 12.165525
3 6 28.181689 91.438504
4 13 30.110041 23.259407
5 14 40.820066 11.704700
6 15 42.801982 32.557641
6 10 34.805054 41.629317
7 18 32.164163 83.384651
7 16 49.537701 34.539832
8 15 48.260731 40.112342
9 14 29.809605 35.355339
9 11 37.116149 39.357337
10 13 25.311025 57.428216
14 17 25.840828 69.771054
14 16 27.794181 43.416587
