9 11 48071 1210 20
34 60 15.286679 15.758050 3.638969
68 1 3.862065 0.627139 5.566870
84 62 6.175977 22.652322 20.525511
43 75 10.388637 21.869856 19.798129
39 61 24.072716 16.003328 6.605722
35 58 10.439249 17.199468 24.535562
36 66 24.418900 17.412908 11.834067
66 28 24.822270 17.574308 5.425210
48 43 1.507900 19.538914 16.203100
0 5 6.680644 2.236068
0 4 6.836439 5.099020
1 4 2.877915 66.640828
1 2 7.350124 63.063460
2 8 16.582988 40.706265
2 4 14.128134 45.011110
3 8 14.494183 32.388269
3 5 12.073463 18.788294
4 7 22.848238 42.638011
5 7 9.651962 43.139309
5 6 22.839585 8.062258
