14 16 47133 2627 20
12 12 42.917561 46.430274 39.749269
25 65 45.595219 33.253411 35.844295
32 54 29.159268 43.237112 47.648777
42 97 32.460246 40.448754 42.237707
71 86 42.352349 44.405822 46.947435
83 71 44.773254 35.790390 28.008287
52 2 29.497369 29.045744 26.290832
63 71 37.045102 35.946676 49.399488
35 97 46.221949 28.928919 38.287547
54 84 30.907926 37.620927 49.536196
85 90 33.004863 28.143004 35.952036
20 37 38.092016 30.258683 34.406208
87 86 49.900763 44.837771 49.616732
18 36 31.596373 33.037856 30.889871
0 13 37.158918 24.738634
0 2 42.292437 46.518813
1 9 30.277806 34.669872
1 4 42.171836 50.566788
2 11 34.809668 20.808652
2 10 30.297986 64.070274
2 3 29.083675 44.147480
4 12 34.889536 16.000000
4 5 42.605417 19.209373
5 6 36.978452 75.643903
7 12 44.811206 28.301943
7 11 31.950906 54.817880
7 9 32.153280 15.811388
8 12 27.381198 53.150729
8 10 27.110307 50.487622
10 12 33.544918 4.472136
