15 19 47266 3340 20
74 69 40.930847 33.279456 44.013198
82 86 45.150998 28.178165 47.039806
93 43 42.084476 44.062803 43.495286
26 23 42.598509 48.762459 37.610061
90 50 28.162622 26.725460 45.966094
20 19 46.883974 28.070526 43.818401
91 26 25.409112 29.023002 29.477613
26 11 26.277439 32.580001 45.571598
37 22 29.987759 25.673071 40.521781
94 31 48.483648 25.781700 32.425229
51 13 38.871910 43.419772 26.084907
85 77 46.440639 28.849680 28.468272
72 56 42.253930 27.503228 34.785648
33 8 27.406228 40.900302 44.418421
9 9 49.727859 29.927322 37.657754
0 11 28.623202 13.601471
0 4 36.313082 24.839485
0 2 38.866410 32.202484
1 9 32.060100 56.293872
1 2 38.351647 44.384682
2 12 28.476909 24.698178
2 6 29.106769 17.117243
2 4 37.985139 7.615773
3 8 27.324997 11.045361
4 11 43.486263 27.459060
4 5 28.146382 76.557168
5 7 35.544185 10.000000
6 9 27.237308 5.830952
7 13 47.159145 7.615773
7 10 36.289611 25.079872
8 10 43.083978 16.643317
10 13 27.739529 18.681542
11 12 39.423737 24.698178
13 14 41.247429 24.020824
