9 11 47622 250 20
34 60 12.566495 18.171010 16.049611
68 1 24.529621 13.235192 8.191256
84 62 9.156225 23.885211 18.580798
43 75 21.991778 3.081876 24.038914
39 61 11.311324 20.353288 9.719305
35 58 4.267248 19.878153 20.560644
36 66 13.554896 9.953185 5.533984
66 28 8.711409 20.823622 17.986970
48 43 6.815160 6.402143 2.514864
0 5 7.421448 2.236068
0 4 1.691422 5.099020
1 4 16.664315 66.640828
1 2 13.682196 63.063460
2 8 20.316539 40.706265
2 4 22.580905 45.011110
3 8 21.391884 32.388269
3 5 11.193180 18.788294
4 7 9.470314 42.638011
5 7 2.278536 43.139309
5 6 17.761499 8.062258
