9 11 43480 1247 20
34 60 20.105170 14.481371 11.989425
68 1 24.155267 15.132972 10.423016
84 62 11.153379 16.646803 18.838425
43 75 19.350899 19.888313 2.842811
39 61 10.165708 2.941785 23.741926
35 58 23.546467 8.101644 18.828748
36 66 10.565951 5.613152 24.459970
66 28 11.635036 18.433269 4.566205
48 43 13.576638 8.484687 7.189640
0 5 15.654664 2.236068
0 4 1.126852 5.099020
1 4 19.880476 66.640828
1 2 1.358845 63.063460
2 8 5.330771 40.706265
2 4 1.005428 45.011110
3 8 0.681571 32.388269
3 5 13.049886 18.788294
4 7 13.883209 42.638011
5 7 17.769611 43.139309
5 6 16.216479 8.062258
