9 11 43221 900 20
34 60 19.788369 3.245202 15.365135
68 1 24.943973 21.245161 21.629931
84 62 13.112263 4.974424 6.207980
43 75 8.009220 13.216864 21.319377
39 61 4.920379 20.542981 3.088187
35 58 17.623327 8.007204 4.524209
36 66 22.231281 3.498615 20.241972
66 28 11.272225 18.112555 20.067474
48 43 19.752144 8.859481 16.782062
0 5 7.532086 2.236068
0 4 19.109106 5.099020
1 4 24.431262 66.640828
1 2 24.557071 63.063460
2 8 15.016680 40.706265
2 4 21.980460 45.011110
3 8 0.403791 32.388269
3 5 19.825601 18.788294
4 7 23.122488 42.638011
5 7 17.756357 43.139309
5 6 14.333390 8.062258
