14 16 38545 1566 20
12 12 38.125538 48.697608 35.634388
25 65 28.069653 46.672100 26.779683
32 54 46.847050 33.378475 48.499934
42 97 39.078673 40.168036 27.662385
71 86 36.612050 36.423808 37.853112
83 71 36.886199 29.426610 28.605001
52 2 32.436204 30.799458 44.213141
63 71 41.709979 46.205268 36.350699
35 97 30.731898 30.895597 27.194385
54 84 47.883943 40.848987 32.582645
85 90 35.165739 34.404868 40.093340
20 37 33.949100 30.606831 27.480700
87 86 34.844060 46.565821 44.896988
18 36 30.084999 42.854663 37.546568
0 13 31.985442 24.738634
0 2 48.071638 46.518813
1 9 34.652572 34.669872
1 4 37.496924 50.566788
2 11 28.330355 20.808652
2 10 36.524908 64.070274
2 3 44.264016 44.147480
4 12 40.210060 16.000000
4 5 46.767158 19.209373
5 6 29.308290 75.643903
7 12 26.340992 28.301943
7 11 44.608343 54.817880
7 9 42.392001 15.811388
8 12 40.922796 53.150729
8 10 30.686822 50.487622
10 12 37.882635 4.472136
