10 10 45857 1982 20
13 81 41.065755 26.667158 37.883664
80 78 27.785075 26.986712 45.390444
22 73 30.209478 43.243132 34.083534
85 16 30.448278 48.848759 40.509509
50 19 42.981388 36.404293 31.684389
8 50 42.714420 48.117154 32.963242
73 85 28.647576 30.982852 35.430222
71 58 44.922561 47.770105 39.632215
79 14 38.834021 43.618455 29.656294
79 82 30.975480 29.274109 28.907728
0 2 38.356392 12.041595
1 9 37.201617 4.123106
1 6 32.833738 9.899495
2 8 49.441995 82.036577
2 7 33.666100 51.244512
3 8 26.316254 6.324555
4 9 37.820750 69.354164
5 8 27.933055 79.605276
6 9 43.786793 6.708204
7 9 40.962632 25.298221
