9 11 39361 793 20
34 60 2.801285 11.172834 24.198846
68 1 19.612606 6.372535 21.487398
84 62 12.437786 17.731593 23.740556
43 75 9.608098 4.392939 11.509990
39 61 16.123892 20.639008 17.312177
35 58 20.936737 8.479539 10.192844
36 66 11.408856 14.535369 3.272573
66 28 16.000363 2.077512 23.133531
48 43 6.699307 20.941260 24.640315
0 5 1.363606 2.236068
0 4 22.352604 5.099020
1 4 2.820350 66.640828
1 2 7.012326 63.063460
2 8 11.874009 40.706265
2 4 4.754652 45.011110
3 8 8.494980 32.388269
3 5 11.313751 18.788294
4 7 19.219206 42.638011
5 7 1.303916 43.139309
5 6 23.943784 8.062258
