9 11 45112 374 20
34 60 19.100935 4.289797 23.868042
68 1 16.258867 8.658899 23.770835
84 62 1.004358 14.009340 6.087395
43 75 10.870426 18.791212 6.173624
39 61 8.474497 13.821509 3.600044
35 58 22.239720 17.336186 2.303627
36 66 8.050754 7.543725 21.594205
66 28 3.379079 0.403115 23.014605
48 43 14.348084 8.199266 22.536702
0 5 0.634207 2.236068
0 4 14.712225 5.099020
1 4 13.652691 66.640828
1 2 10.429154 63.063460
2 8 6.046170 40.706265
2 4 10.490244 45.011110
3 8 22.180616 32.388269
3 5 8.894679 18.788294
4 7 20.266160 42.638011
5 7 12.400243 43.139309
5 6 4.099329 8.062258
