14 16 45000 926 20
12 12 28.346082 25.741313 38.744564
25 65 39.267123 34.172020 33.780391
32 54 31.710531 36.001886 47.713268
42 97 26.094865 43.435039 35.303767
71 86 41.498648 28.374502 39.040405
83 71 38.240511 25.142973 33.593562
52 2 35.447446 25.034440 29.877672
63 71 35.333375 48.692910 28.720391
35 97 44.952235 34.899614 42.448059
54 84 33.478809 40.020710 27.911069
85 90 44.883619 29.654574 27.445583
20 37 41.108803 29.544578 44.923523
87 86 35.367169 25.467578 41.471613
18 36 34.772847 38.980956 39.794783
0 13 40.221835 24.738634
0 2 33.237402 46.518813
1 9 44.956724 34.669872
1 4 29.033942 50.566788
2 11 26.796697 20.808652
2 10 36.278597 64.070274
2 3 38.633606 44.147480
4 12 33.093883 16.000000
4 5 42.404608 19.209373
5 6 30.684134 75.643903
7 12 45.950300 28.301943
7 11 36.184369 54.817880
7 9 31.540385 15.811388
8 12 30.255882 53.150729
8 10 33.717158 50.487622
10 12 44.728767 4.472136
