14 16 43800 1153 20
12 12 39.921602 49.756051 39.736142
25 65 27.065288 39.546364 26.826956
32 54 44.121721 37.067510 44.170975
42 97 32.229087 40.582042 26.919666
71 86 25.595937 39.057411 30.887688
83 71 46.987769 31.229142 41.738972
52 2 42.060265 45.913996 34.055374
63 71 37.172052 40.567716 48.358980
35 97 32.864577 28.407187 47.749087
54 84 28.470103 39.767353 26.978436
85 90 43.065377 41.941507 40.539695
20 37 39.338157 44.116527 29.615624
87 86 49.158691 37.104912 39.450801
18 36 47.939087 42.971708 33.955977
0 13 26.740367 24.738634
0 2 40.998830 46.518813
1 9 33.660343 34.669872
1 4 49.728806 50.566788
2 11 43.233599 20.808652
2 10 44.555991 64.070274
2 3 43.009145 44.147480
4 12 31.071983 16.000000
4 5 41.921144 19.209373
5 6 45.452551 75.643903
7 12 25.559578 28.301943
7 11 42.294380 54.817880
7 9 28.636728 15.811388
8 12 42.584751 53.150729
8 10 34.762839 50.487622
10 12 26.621028 4.472136
