14 16 45642 7099 20
12 12 48.881382 30.018286 25.411554
25 65 46.360124 27.336847 43.188718
32 54 26.251874 42.515753 26.926235
42 97 26.876490 48.668443 30.961503
71 86 43.805098 28.149494 45.141757
83 71 44.665207 29.572188 47.593719
52 2 36.217119 32.864687 47.409403
63 71 31.343828 31.872471 34.278135
35 97 31.803481 32.871677 40.611889
54 84 26.262830 43.464008 31.936153
85 90 45.913852 43.581550 27.092941
20 37 28.363259 27.339063 27.273415
87 86 41.124933 32.604311 37.289337
18 36 45.645552 31.630649 29.000070
0 13 38.681473 24.738634
0 2 43.457194 46.518813
1 9 28.106475 34.669872
1 4 45.646673 50.566788
2 11 43.718975 20.808652
2 10 29.317503 64.070274
2 3 43.658045 44.147480
4 12 26.358576 16.000000
4 5 26.242911 19.209373
5 6 41.533259 75.643903
7 12 37.215746 28.301943
7 11 31.391581 54.817880
7 9 34.287600 15.811388
8 12 34.063607 53.150729
8 10 37.258347 50.487622
10 12 30.040880 4.472136
