9 11 46734 403 20
34 60 2.960905 7.205627 12.262067
68 1 1.308190 9.704852 23.190507
84 62 12.837205 23.736001 2.299480
43 75 11.751657 9.585263 9.843774
39 61 8.486879 19.251120 20.467265
35 58 10.297128 20.586006 1.075252
36 66 1.072734 2.970866 24.596467
66 28 0.623554 8.935227 2.527212
48 43 6.813964 7.788033 1.005547
0 5 3.753832 2.236068
0 4 5.544857 5.099020
1 4 12.727561 66.640828
1 2 12.125596 63.063460
2 8 16.885126 40.706265
2 4 1.283199 45.011110
3 8 20.532437 32.388269
3 5 0.036792 18.788294
4 7 2.163684 42.638011
5 7 22.790743 43.139309
5 6 13.996878 8.062258
