19 20 43500 2219 20
10 84 34.902797 41.549456 34.289563
3 72 42.721115 32.841949 33.023168
4 42 30.473954 32.870626 36.775207
69 21 49.718227 46.667896 31.759548
21 30 43.452771 48.879445 46.370512
9 16 31.498739 27.008536 49.105724
9 90 43.967377 45.860475 41.563129
71 9 34.513394 45.922076 44.814050
1 93 39.738786 30.302634 38.643700
45 45 40.105126 30.576732 45.186053
47 73 43.366905 31.663009 47.495488
27 80 38.778611 25.472330 40.010469
98 11 41.757325 40.861136 34.457653
0 40 32.651658 40.761583 34.214182
20 20 41.008096 42.605143 49.766651
41 96 48.597421 31.613946 25.292997
58 41 25.647162 25.420781 35.204361
82 52 47.683269 33.939296 45.324454
63 92 31.562590 33.684557 41.208833
0 15 48.462789 33.241540
1 11 30.451934 25.298221
2 8 34.080475 51.088159
3 16 44.873507 22.825424
3 12 41.403914 30.675723
3 9 39.737940 33.941125
3 7 28.629348 12.165525
3 6 40.667812 91.438504
4 13 42.741149 23.259407
5 14 27.543913 11.704700
6 15 43.521522 32.557641
6 10 47.943751 41.629317
7 18 42.203550 83.384651
7 16 30.674967 34.539832
8 15 47.531954 40.112342
9 14 38.798564 35.355339
9 11 45.241068 39.357337
10 13 39.417381 57.428216
14 17 31.782239 69.771054
14 16 40.684222 43.416587
