9 11 37895 918 20
34 60 17.668155 17.907641 5.661350
68 1 1.409040 5.899616 22.972024
84 62 18.670714 19.272921 9.600432
43 75 4.842609 22.984995 21.298888
39 61 7.723628 15.555617 14.382297
35 58 23.719982 10.848734 20.097271
36 66 9.886624 1.304852 24.423440
66 28 19.186186 12.727476 7.814864
48 43 17.145909 20.760451 10.311048
0 5 11.502088 2.236068
0 4 15.331714 5.099020
1 4 13.121428 66.640828
1 2 0.361279 63.063460
2 8 16.979354 40.706265
2 4 14.940949 45.011110
3 8 9.701177 32.388269
3 5 21.603410 18.788294
4 7 12.481046 42.638011
5 7 20.619375 43.139309
5 6 2.544526 8.062258
