20 27 42636 1917 20
35 45 37.926154 35.226251 32.819423
13 42 33.368426 27.081055 49.639787
33 74 27.439618 30.945094 28.164843
17 73 36.213372 34.170244 46.735789
10 63 32.908941 41.860733 41.751148
81 52 28.793292 33.615767 43.044884
89 62 32.646895 42.096111 42.822810
16 24 39.688826 43.090634 34.287640
49 71 42.651064 30.092223 40.325616
6 25 43.043150 47.976920 38.700567
8 62 43.229155 28.278884 32.243157
25 26 46.816129 26.140781 45.220858
79 71 34.414756 29.418443 33.690997
66 47 27.494561 27.232975 28.698038
34 52 30.653533 25.189745 48.696373
37 23 46.920667 32.567805 47.854518
13 9 42.723987 49.964358 34.283437
61 7 45.043334 49.637053 38.288756
8 64 39.791192 37.256669 47.698359
15 3 26.815803 33.047383 47.159563
0 15 27.897828 22.090722
0 10 40.667995 31.906112
1 16 31.057519 33.000000
1 15 46.732324 30.610456
1 10 43.316268 20.615528
1 9 38.169901 18.384776
1 7 36.406755 18.248288
1 5 34.039430 68.731361
2 13 29.818690 42.638011
2 12 45.378024 46.097722
2 11 37.779721 48.662100
2 3 40.401898 16.031220
4 10 40.498064 2.236068
6 13 28.853889 27.459060
6 12 26.206559 13.453624
7 17 41.471477 48.104054
7 11 34.567748 9.219544
7 10 41.233002 38.832976
8 14 34.796719 24.207437
8 12 41.253475 30.000000
9 18 36.818657 39.051248
9 16 40.749803 17.464249
10 18 43.005261 2.000000
10 13 47.525365 59.908263
12 13 42.773235 27.294688
15 19 41.979169 29.732137
16 19 47.124763 6.324555
