10 10 49555 912 20
13 81 38.839136 48.367549 47.763853
80 78 29.791119 30.705723 38.865466
22 73 44.535827 30.849608 36.721981
85 16 40.847697 33.042452 49.044854
50 19 40.451460 47.511900 44.493476
8 50 39.259241 33.206456 35.365779
73 85 37.671442 39.145194 42.449849
71 58 49.414346 38.213064 47.347216
79 14 32.733239 26.409324 35.305915
79 82 48.502814 25.215376 44.206970
0 2 49.834453 12.041595
1 9 36.033226 4.123106
1 6 44.567882 9.899495
2 8 45.150222 82.036577
2 7 30.543650 51.244512
3 8 30.384827 6.324555
4 9 35.194812 69.354164
5 8 48.954782 79.605276
6 9 46.107248 6.708204
7 9 42.005259 25.298221
