10 10 39833 581 20
13 81 37.261063 35.553374 35.444492
80 78 48.232226 49.181710 41.035280
22 73 37.269121 32.283571 42.286069
85 16 27.647240 31.157486 33.244584
50 19 28.171833 40.736100 38.260140
8 50 43.939009 29.278136 33.794172
73 85 31.433167 47.531453 29.165731
71 58 32.918326 29.111593 32.480688
79 14 28.334325 43.752264 39.137668
79 82 26.907234 39.900688 38.481447
0 2 26.933602 12.041595
1 9 44.271548 4.123106
1 6 32.278736 9.899495
2 8 27.660879 82.036577
2 7 33.062902 51.244512
3 8 43.052195 6.324555
4 9 39.910772 69.354164
5 8 46.443992 79.605276
6 9 45.020236 6.708204
7 9 25.363131 25.298221
