9 11 49448 1020 20
34 60 14.082421 1.056354 2.360160
68 1 15.236793 15.835143 2.022519
84 62 16.084585 9.155342 24.815682
43 75 6.727553 12.878387 13.653283
39 61 22.120516 12.460074 18.286962
35 58 0.768936 9.230633 0.416915
36 66 23.896353 18.965949 1.872269
66 28 1.112597 10.090394 16.875192
48 43 17.340299 10.543340 1.953001
0 5 24.038258 2.236068
0 4 20.452301 5.099020
1 4 20.940815 66.640828
1 2 20.030631 63.063460
2 8 10.589609 40.706265
2 4 12.478767 45.011110
3 8 3.875917 32.388269
3 5 18.621591 18.788294
4 7 20.962168 42.638011
5 7 2.800829 43.139309
5 6 22.586832 8.062258
