14 16 41833 1438 20
12 12 26.736468 43.651816 37.719719
25 65 28.834823 33.943481 37.304921
32 54 45.134521 48.497632 31.647941
42 97 25.245668 25.563126 46.623355
71 86 28.390361 39.053241 38.687937
83 71 45.749393 42.950178 38.898812
52 2 39.476340 37.009555 38.995078
63 71 38.022582 29.401862 35.277917
35 97 27.222712 39.883530 47.790994
54 84 33.330454 36.413718 37.219539
85 90 29.081675 36.592479 27.864712
20 37 36.752892 46.129768 40.123964
87 86 29.102114 25.949478 41.143704
18 36 27.642551 35.377611 34.007366
0 13 40.633663 24.738634
0 2 27.712342 46.518813
1 9 33.552451 34.669872
1 4 25.236455 50.566788
2 11 35.616293 20.808652
2 10 27.538632 64.070274
2 3 34.021401 44.147480
4 12 25.991065 16.000000
4 5 44.509316 19.209373
5 6 47.364450 75.643903
7 12 49.968131 28.301943
7 11 48.876361 54.817880
7 9 42.829978 15.811388
8 12 30.198181 53.150729
8 10 41.922491 50.487622
10 12 27.726826 4.472136
