13 17 47933 1562 20
93 57 32.382708 40.587906 35.726921
41 71 25.347598 44.386957 29.615458
57 70 40.073877 35.894563 45.769029
91 58 43.021640 45.110736 38.245046
54 58 28.049662 45.345171 27.230039
38 57 37.725999 48.886737 25.178517
91 9 34.793061 41.663842 37.177630
79 51 34.512704 35.304625 46.509093
5 54 44.646660 38.633939 36.179487
16 79 48.825138 40.623846 27.000790
49 93 30.854804 28.771827 37.337255
37 14 38.391566 46.437119 32.695169
82 11 34.710887 47.436676 41.210595
0 12 47.141547 47.296934
0 5 35.872017 55.000000
0 3 32.134477 2.236068
0 2 47.085605 38.275318
0 1 45.173147 53.851648
1 10 40.854410 23.409400
1 3 46.714650 51.662365
3 7 41.326527 13.892444
3 6 31.839280 49.000000
4 9 32.159146 43.416587
4 7 39.718691 25.961510
5 7 31.638516 41.436699
6 12 32.182018 9.219544
7 10 46.844759 51.613952
8 9 25.458696 27.313001
9 10 30.375884 35.846897
11 12 44.625904 45.099889
