13 17 41666 2411 20
93 57 27.153085 43.951020 29.057219
41 71 26.415156 34.121539 39.451655
57 70 43.522016 26.470358 45.191001
91 58 47.899173 48.932396 47.164481
54 58 37.790352 30.999824 48.262900
38 57 45.292302 33.953295 36.538323
91 9 42.575616 45.881619 31.144539
79 51 25.100574 44.694890 42.478623
5 54 27.797686 26.588036 26.114719
16 79 49.455117 25.082201 44.103404
49 93 49.345843 36.809316 28.248361
37 14 49.774295 36.802439 26.200305
82 11 39.940159 29.189967 30.753724
0 12 31.167886 47.296934
0 5 45.245100 55.000000
0 3 32.706934 2.236068
0 2 39.734390 38.275318
0 1 34.472089 53.851648
1 10 47.054537 23.409400
1 3 25.658521 51.662365
3 7 39.305942 13.892444
3 6 26.440887 49.000000
4 9 41.136403 43.416587
4 7 44.991140 25.961510
5 7 29.804140 41.436699
6 12 32.621633 9.219544
7 10 39.629991 51.613952
8 9 39.869502 27.313001
9 10 35.601394 35.846897
11 12 29.194561 45.099889
