9 11 44831 1068 20
34 60 18.138214 2.938937 0.518507
68 1 13.817951 10.651375 24.260424
84 62 5.062759 8.029459 5.745097
43 75 1.574685 6.620260 13.350470
39 61 10.119999 11.577275 6.173171
35 58 15.079518 18.490460 1.774918
36 66 10.908893 19.682892 15.605206
66 28 9.038308 21.499509 16.236427
48 43 0.488882 19.398996 22.646734
0 5 9.121103 2.236068
0 4 23.608180 5.099020
1 4 1.872009 66.640828
1 2 13.603720 63.063460
2 8 12.964730 40.706265
2 4 24.157650 45.011110
3 8 20.414771 32.388269
3 5 9.404383 18.788294
4 7 22.225377 42.638011
5 7 20.590191 43.139309
5 6 20.393227 8.062258
