11 10 38454 809 20
86 55 25.014602 37.642307 33.878968
78 84 46.657368 35.637431 41.458665
26 30 31.920968 36.876021 37.881438
88 39 48.422102 34.357489 26.543950
6 66 41.612092 44.414640 25.468392
58 57 26.574507 32.811590 44.773524
63 87 29.702749 39.285922 39.021619
78 66 25.745533 39.024633 44.484291
48 98 45.123333 31.846073 29.566648
95 45 32.099331 28.245105 33.792698
56 85 47.629508 46.287191 26.052550
0 9 33.716953 13.453624
0 5 42.083861 28.071338
1 8 30.041207 33.105891
2 9 38.368899 70.611614
2 4 25.863442 41.182521
2 3 31.883770 62.649820
4 8 29.717674 52.801515
6 9 44.275347 52.801515
6 7 25.291989 25.806976
8 10 36.528481 15.264338
