9 11 48245 482 20
34 60 15.398667 9.939842 17.184609
68 1 19.036214 9.079575 15.844980
84 62 15.694285 20.885707 17.427035
43 75 18.870248 1.260613 11.982871
39 61 7.361699 7.447276 19.637045
35 58 11.485360 0.919812 13.713038
36 66 0.358595 9.393535 6.067330
66 28 22.079532 4.538039 12.045234
48 43 1.659802 12.814524 5.711275
0 5 6.353986 2.236068
0 4 13.573063 5.099020
1 4 8.257688 66.640828
1 2 12.048169 63.063460
2 8 7.587678 40.706265
2 4 0.325141 45.011110
3 8 20.383968 32.388269
3 5 9.532416 18.788294
4 7 22.622218 42.638011
5 7 22.543825 43.139309
5 6 19.794341 8.062258
