11 10 37375 523 20
86 55 45.287677 41.038573 27.833936
78 84 27.189539 49.597979 46.131777
26 30 37.210593 40.474734 47.463970
88 39 25.758131 42.334059 42.013403
6 66 41.692880 40.825176 41.705237
58 57 42.788157 39.067289 35.259537
63 87 25.695076 49.968428 32.201801
78 66 42.680349 45.675251 29.223505
48 98 48.695260 37.266907 37.848901
95 45 39.361532 40.596672 47.322120
56 85 26.831521 49.638532 39.719395
0 9 43.904545 13.453624
0 5 29.584067 28.071338
1 8 45.417643 33.105891
2 9 49.070066 70.611614
2 4 39.613657 41.182521
2 3 47.904986 62.649820
4 8 43.284523 52.801515
6 9 25.095352 52.801515
6 7 47.805634 25.806976
8 10 38.554848 15.264338
