9 11 45721 1244 20
34 60 9.916782 10.078481 12.137777
68 1 3.427865 24.999544 21.209805
84 62 11.000963 20.830826 22.554666
43 75 4.564480 6.647516 16.392664
39 61 17.809641 7.588578 16.824178
35 58 23.404612 24.737657 1.617172
36 66 6.782131 23.318627 21.840632
66 28 0.412606 23.617187 9.861829
48 43 8.002654 1.514952 7.501467
0 5 11.285248 2.236068
0 4 14.762669 5.099020
1 4 4.569860 66.640828
1 2 10.400162 63.063460
2 8 8.570382 40.706265
2 4 12.414007 45.011110
3 8 2.276017 32.388269
3 5 0.222200 18.788294
4 7 12.939947 42.638011
5 7 10.484566 43.139309
5 6 3.447627 8.062258
