10 10 38636 1983 20
13 81 49.942541 37.244688 45.581927
80 78 34.117865 38.046698 47.652676
22 73 33.434634 25.554000 25.698703
85 16 37.596467 35.202609 38.807701
50 19 31.188679 33.388931 40.198503
8 50 28.258940 39.300445 45.181793
73 85 31.106024 28.997087 37.236569
71 58 42.701534 32.739465 41.617479
79 14 44.096177 43.260363 34.723571
79 82 48.304486 27.094279 41.635730
0 2 46.190296 12.041595
1 9 31.289608 4.123106
1 6 43.800581 9.899495
2 8 38.981275 82.036577
2 7 46.651550 51.244512
3 8 43.436418 6.324555
4 9 39.452027 69.354164
5 8 31.075480 79.605276
6 9 49.893854 6.708204
7 9 42.212411 25.298221
