12 13 39000 1618 20
63 85 40.068251 34.080660 46.895748
89 66 32.056237 44.612757 39.963152
57 26 27.748445 42.084947 25.623798
63 41 36.068189 46.579718 31.188234
42 11 36.756840 42.218682 42.052602
72 60 27.723651 47.699771 25.146554
19 21 27.290305 49.372387 33.747185
67 52 49.059135 43.112258 26.861138
21 55 36.347000 29.029492 36.021893
12 47 49.786082 38.575562 38.423854
8 53 33.098590 36.757997 27.314171
52 75 38.277117 39.808652 37.956264
0 11 40.655038 14.866069
0 10 40.370088 63.631753
0 8 37.950031 51.613952
1 11 44.086528 38.078866
1 8 41.499750 68.883960
1 5 46.114170 18.027756
1 4 49.686834 72.346389
1 3 49.625182 36.069378
2 4 39.480881 21.213203
3 7 35.723775 11.704700
6 10 42.424517 33.837849
7 9 27.295900 55.226805
9 10 32.839799 7.211103
