19 20 47800 519 20
10 84 32.982207 36.023110 34.836833
3 72 34.521759 47.264144 37.213806
4 42 29.664019 28.090481 40.545838
69 21 29.391219 31.606331 37.044319
21 30 49.996035 49.128991 31.854403
9 16 26.723871 40.773458 26.707820
9 90 33.907384 39.466693 43.056881
71 9 34.273078 46.288225 34.237031
1 93 41.356831 28.248476 40.842362
45 45 41.477330 29.731903 36.623662
47 73 25.451110 26.387346 34.920216
27 80 43.915923 27.267586 47.745963
98 11 47.510345 32.111067 37.667991
0 40 35.256666 37.957180 28.394942
20 20 37.974009 40.555297 25.678397
41 96 31.774368 37.573218 47.691334
58 41 37.510060 30.432431 33.170123
82 52 49.187202 37.892369 29.690376
63 92 40.409686 46.103085 39.658941
0 15 40.423400 33.241540
1 11 49.329269 25.298221
2 8 32.023438 51.088159
3 16 27.801832 22.825424
3 12 36.532879 30.675723
3 9 32.077279 33.941125
3 7 47.448862 12.165525
3 6 46.420606 91.438504
4 13 26.455116 23.259407
5 14 38.445917 11.704700
6 15 31.621471 32.557641
6 10 35.715976 41.629317
7 18 37.191547 83.384651
7 16 29.299647 34.539832
8 15 42.557511 40.112342
9 14 45.874899 35.355339
9 11 32.911482 39.357337
10 13 31.897367 57.428216
14 17 35.541610 69.771054
14 16 40.572004 43.416587
