12 13 47466 1089 20
63 85 27.963475 35.607771 45.903603
89 66 38.373626 28.043869 47.108738
57 26 31.561277 49.699493 47.633919
63 41 42.782331 46.429370 41.593420
42 11 39.928020 27.769601 33.889500
72 60 34.792242 41.508603 43.114987
19 21 26.713107 39.771124 27.937138
67 52 37.080493 42.232893 28.662690
21 55 48.162155 35.744834 39.789220
12 47 45.226894 46.066655 29.665185
8 53 39.717862 47.916078 32.681727
52 75 44.682187 42.470278 31.114585
0 11 49.975300 14.866069
0 10 44.930982 63.631753
0 8 36.067283 51.613952
1 11 34.812358 38.078866
1 8 48.729266 68.883960
1 5 44.648440 18.027756
1 4 43.788759 72.346389
1 3 46.442861 36.069378
2 4 37.107454 21.213203
3 7 30.444341 11.704700
6 10 46.794502 33.837849
7 9 38.879692 55.226805
9 10 41.093616 7.211103
