9 11 38615 919 20
34 60 11.240146 1.287316 4.236311
68 1 15.340508 6.053597 16.175422
84 62 8.285179 17.765651 22.022793
43 75 15.061184 1.543098 19.675986
39 61 10.709912 21.328034 15.222573
35 58 16.187920 19.302357 20.372529
36 66 13.693754 0.593938 22.515142
66 28 15.961072 19.387442 6.075059
48 43 21.589167 3.315776 21.783594
0 5 6.328592 2.236068
0 4 12.065171 5.099020
1 4 18.916549 66.640828
1 2 19.740755 63.063460
2 8 15.509914 40.706265
2 4 13.334364 45.011110
3 8 8.908718 32.388269
3 5 5.474216 18.788294
4 7 7.405732 42.638011
5 7 1.192399 43.139309
5 6 8.499487 8.062258
