15 19 42454 1279 20
74 69 44.153807 37.216996 32.770628
82 86 48.473164 33.560944 46.447903
93 43 31.840836 38.122780 44.618613
26 23 32.235862 32.735466 35.185315
90 50 26.218790 49.452423 44.751715
20 19 48.431214 32.893257 27.339085
91 26 28.009590 33.871141 38.717621
26 11 33.146473 25.986442 38.777154
37 22 25.398040 45.457547 33.918375
94 31 42.521964 49.758533 25.689235
51 13 30.807991 33.713240 25.891011
85 77 34.122282 27.082209 38.005744
72 56 27.232812 34.584748 26.984581
33 8 46.691918 25.624090 44.081568
9 9 32.269663 39.857732 38.375139
0 11 49.056701 13.601471
0 4 42.901478 24.839485
0 2 35.710231 32.202484
1 9 48.450540 56.293872
1 2 39.877638 44.384682
2 12 34.732143 24.698178
2 6 35.585066 17.117243
2 4 48.326424 7.615773
3 8 36.319476 11.045361
4 11 27.702560 27.459060
4 5 27.075920 76.557168
5 7 34.876610 10.000000
6 9 41.738860 5.830952
7 13 46.358340 7.615773
7 10 40.572340 25.079872
8 10 31.001186 16.643317
10 13 49.748924 18.681542
11 12 31.276208 24.698178
13 14 25.223140 24.020824
