9 11 49332 1147 20
34 60 17.538653 11.071141 16.341861
68 1 14.970620 1.703029 17.769171
84 62 15.593475 4.046867 20.074308
43 75 10.526255 5.515907 16.522791
39 61 11.252583 18.493870 11.383422
35 58 12.594993 23.075272 6.036252
36 66 4.064147 18.443267 13.551759
66 28 23.938628 0.868167 15.045251
48 43 21.479238 24.353257 21.013365
0 5 10.236021 2.236068
0 4 21.511463 5.099020
1 4 8.830062 66.640828
1 2 12.641288 63.063460
2 8 6.483017 40.706265
2 4 22.460357 45.011110
3 8 24.073554 32.388269
3 5 22.745449 18.788294
4 7 11.388596 42.638011
5 7 19.130734 43.139309
5 6 11.959967 8.062258
