10 10 43000 3087 20
13 81 26.881577 25.457354 38.717512
80 78 28.854107 41.348788 48.879249
22 73 35.772197 38.837833 48.472148
85 16 25.925877 26.632793 41.696894
50 19 33.556471 34.927798 44.454717
8 50 30.364601 29.752835 44.624741
73 85 33.947438 28.052868 25.170015
71 58 35.222492 36.183708 36.651227
79 14 44.302375 29.292684 29.962034
79 82 42.445047 41.290679 28.303241
0 2 46.342727 12.041595
1 9 28.109172 4.123106
1 6 35.149510 9.899495
2 8 33.066933 82.036577
2 7 28.713644 51.244512
3 8 28.264480 6.324555
4 9 49.766647 69.354164
5 8 44.926320 79.605276
6 9 31.155379 6.708204
7 9 44.026442 25.298221
