9 11 39970 1756 20
34 60 0.832064 14.613011 21.696242
68 1 24.008388 22.943314 7.926713
84 62 8.015617 10.221959 17.204279
43 75 23.675858 1.963794 19.645555
39 61 9.963248 20.877297 2.618833
35 58 3.319974 7.910316 14.272265
36 66 23.440694 10.093060 23.894325
66 28 0.052144 20.451271 16.101872
48 43 19.888902 14.916021 9.725004
0 5 13.841412 2.236068
0 4 14.978633 5.099020
1 4 6.575381 66.640828
1 2 11.020726 63.063460
2 8 14.812495 40.706265
2 4 18.832509 45.011110
3 8 14.615134 32.388269
3 5 4.464324 18.788294
4 7 12.264713 42.638011
5 7 11.032764 43.139309
5 6 9.397988 8.062258
