9 11 4842 2026 20
34 60 8.959449 22.650189 17.357798
68 1 18.500233 9.450227 5.421821
84 62 9.362700 15.196748 10.481166
43 75 14.568832 12.254923 8.427471
39 61 24.751754 22.189160 19.607738
35 58 1.044044 22.341936 12.029126
36 66 11.852210 8.571590 18.318421
66 28 2.981997 17.506037 17.972028
48 43 5.676926 17.201656 5.989076
0 5 22.670347 2.236068
0 4 15.788393 5.099020
1 4 3.808352 66.640828
1 2 6.516304 63.063460
2 8 5.217163 40.706265
2 4 8.128035 45.011110
3 8 18.625426 32.388269
3 5 15.796320 18.788294
4 7 22.649360 42.638011
5 7 20.243678 43.139309
5 6 2.310124 8.062258
