19 20 45571 1361 20
10 84 29.902107 26.172235 34.326790
3 72 43.093678 38.097729 31.348216
4 42 30.209434 47.751406 49.616576
69 21 43.830983 39.318959 25.725126
21 30 31.865335 36.528797 34.065527
9 16 41.394614 36.177083 46.517070
9 90 47.999058 36.591685 44.759911
71 9 47.257200 45.231634 38.128765
1 93 48.707972 44.267631 28.370733
45 45 49.209870 31.875346 26.693403
47 73 32.580832 31.634156 31.123535
27 80 34.865197 45.686811 32.549266
98 11 41.886845 37.704882 38.058242
0 40 46.201994 25.834599 33.358869
20 20 48.304141 40.411309 46.281623
41 96 36.349977 43.855518 30.710343
58 41 42.387675 43.907622 34.746743
82 52 32.725109 31.906229 41.034950
63 92 39.959164 30.276326 39.806417
0 15 34.852571 33.241540
1 11 30.812675 25.298221
2 8 34.330633 51.088159
3 16 25.414251 22.825424
3 12 29.695748 30.675723
3 9 42.509575 33.941125
3 7 41.911469 12.165525
3 6 34.657571 91.438504
4 13 32.023790 23.259407
5 14 42.725640 11.704700
6 15 26.919883 32.557641
6 10 49.300226 41.629317
7 18 45.792399 83.384651
7 16 42.224914 34.539832
8 15 29.054683 40.112342
9 14 42.917475 35.355339
9 11 30.254246 39.357337
10 13 27.939180 57.428216
14 17 32.090875 69.771054
14 16 26.929808 43.416587
