11 10 45214 2721 20
86 55 43.413448 32.932695 33.534815
78 84 25.030359 41.060223 29.648159
26 30 42.817804 48.673466 45.319011
88 39 47.970766 42.676576 27.312033
6 66 42.081753 44.031110 45.513089
58 57 43.138456 41.279121 48.555068
63 87 43.187830 35.508924 41.636061
78 66 35.682479 43.066374 26.663766
48 98 34.619811 42.890100 47.257897
95 45 37.854240 35.871870 32.414795
56 85 40.539113 36.121570 38.487319
0 9 34.417571 13.453624
0 5 38.081934 28.071338
1 8 47.808612 33.105891
2 9 38.401601 70.611614
2 4 48.027072 41.182521
2 3 37.333720 62.649820
4 8 47.260062 52.801515
6 9 44.604908 52.801515
6 7 45.035577 25.806976
8 10 34.042830 15.264338
