12 13 44000 1694 20
63 85 41.531245 41.949643 34.551223
89 66 34.997113 36.586325 40.864846
57 26 43.334775 26.089613 36.727389
63 41 37.539731 37.456191 36.080587
42 11 47.568344 41.865532 38.866385
72 60 27.307494 40.667532 44.849728
19 21 45.372327 45.491697 39.330995
67 52 27.525119 35.733704 48.964041
21 55 37.582267 42.081347 33.637910
12 47 40.925245 48.494993 31.481083
8 53 43.226728 31.235532 47.525715
52 75 46.321556 29.916778 38.780811
0 11 41.979050 14.866069
0 10 46.417613 63.631753
0 8 41.805289 51.613952
1 11 33.594084 38.078866
1 8 42.019382 68.883960
1 5 44.107861 18.027756
1 4 34.881161 72.346389
1 3 45.808035 36.069378
2 4 32.713697 21.213203
3 7 26.042854 11.704700
6 10 31.496461 33.837849
7 9 41.545232 55.226805
9 10 48.392878 7.211103
