15 19 4636 517 20
74 69 44.743864 39.840761 49.271057
82 86 34.341809 34.920192 45.591828
93 43 44.077563 41.022947 33.303960
26 23 35.041752 38.894728 39.805874
90 50 27.765202 35.465571 38.385021
20 19 42.143946 48.379752 41.565777
91 26 26.501394 35.808938 40.903601
26 11 33.535793 44.939069 40.198317
37 22 29.503869 26.617818 39.344924
94 31 31.682016 30.433952 33.769547
51 13 34.555984 30.105844 29.285171
85 77 39.436317 41.760814 36.219194
72 56 47.347239 26.440366 30.914588
33 8 29.157444 46.163200 34.076601
9 9 35.867678 26.215496 49.490838
0 11 28.469809 13.601471
0 4 29.176694 24.839485
0 2 35.192010 32.202484
1 9 47.338458 56.293872
1 2 47.614752 44.384682
2 12 28.261140 24.698178
2 6 46.383072 17.117243
2 4 46.195280 7.615773
3 8 47.866163 11.045361
4 11 33.007538 27.459060
4 5 40.916267 76.557168
5 7 46.607402 10.000000
6 9 38.943343 5.830952
7 13 47.438736 7.615773
7 10 35.736733 25.079872
8 10 28.750824 16.643317
10 13 46.832331 18.681542
11 12 33.559615 24.698178
13 14 41.468699 24.020824
