15 19 44500 1245 20
74 69 37.213823 29.857004 41.297925
82 86 46.212712 31.346799 45.971776
93 43 45.654235 34.003175 33.034080
26 23 41.562941 44.069808 42.853593
90 50 33.867711 39.907005 31.868366
20 19 29.859261 49.850389 38.597950
91 26 49.099635 42.452088 44.107128
26 11 36.847630 45.313507 26.384704
37 22 27.029365 39.029348 26.848836
94 31 31.322712 45.560124 26.320055
51 13 49.403912 46.723018 41.169841
85 77 40.254149 30.409888 47.271441
72 56 40.504532 34.088216 43.651982
33 8 25.872244 47.269019 42.942217
9 9 33.324577 33.380957 27.570726
0 11 38.076067 13.601471
0 4 29.573214 24.839485
0 2 34.732716 32.202484
1 9 41.240486 56.293872
1 2 35.311235 44.384682
2 12 45.965805 24.698178
2 6 48.334691 17.117243
2 4 48.865211 7.615773
3 8 32.048480 11.045361
4 11 49.275023 27.459060
4 5 33.260480 76.557168
5 7 39.501993 10.000000
6 9 31.777245 5.830952
7 13 35.656389 7.615773
7 10 40.504629 25.079872
8 10 30.176326 16.643317
10 13 45.281886 18.681542
11 12 39.038586 24.698178
13 14 39.329572 24.020824
