9 11 43654 350 20
34 60 20.401051 24.649963 7.353355
68 1 2.989870 10.067632 14.939807
84 62 23.361455 12.801455 11.179340
43 75 16.854393 6.917951 18.629161
39 61 17.048531 3.201985 20.302863
35 58 19.593701 3.482169 11.993497
36 66 7.626744 9.616039 24.581130
66 28 19.372275 16.818280 6.440159
48 43 23.403167 14.778014 17.044558
0 5 4.185265 2.236068
0 4 2.902171 5.099020
1 4 14.860742 66.640828
1 2 9.680728 63.063460
2 8 4.419164 40.706265
2 4 23.601617 45.011110
3 8 7.342974 32.388269
3 5 23.504362 18.788294
4 7 0.212631 42.638011
5 7 8.704820 43.139309
5 6 24.682578 8.062258
