13 17 4818 585 20
93 57 41.230936 48.647078 43.969813
41 71 36.564188 34.651244 25.446295
57 70 49.477306 33.848542 47.537027
91 58 43.088676 27.021875 26.383661
54 58 47.610531 38.870754 46.055506
38 57 40.663355 39.794609 28.602259
91 9 33.561681 34.521991 44.519720
79 51 25.703980 46.020532 34.928973
5 54 47.755742 31.743230 38.493246
16 79 33.847223 38.172038 41.121784
49 93 31.458518 48.853056 31.090208
37 14 25.917790 47.785434 26.131866
82 11 28.679998 44.968841 49.546411
0 12 34.028967 47.296934
0 5 41.029779 55.000000
0 3 25.932235 2.236068
0 2 27.279497 38.275318
0 1 35.127164 53.851648
1 10 26.249817 23.409400
1 3 41.234088 51.662365
3 7 32.633855 13.892444
3 6 43.344446 49.000000
4 9 42.243654 43.416587
4 7 41.709592 25.961510
5 7 48.870587 41.436699
6 12 44.700838 9.219544
7 10 28.098842 51.613952
8 9 27.890480 27.313001
9 10 35.163321 35.846897
11 12 32.648793 45.099889
