9 11 40273 293 20
34 60 9.104453 22.208837 21.114820
68 1 17.716915 12.670444 8.154601
84 62 1.829112 14.243300 20.341605
43 75 22.512934 20.000084 10.792981
39 61 22.138659 12.514215 11.138969
35 58 24.881874 12.441416 2.208252
36 66 11.154095 1.661033 11.619245
66 28 18.813022 19.077915 21.400370
48 43 22.206680 15.148475 9.682947
0 5 1.908236 2.236068
0 4 1.938093 5.099020
1 4 2.049820 66.640828
1 2 21.342736 63.063460
2 8 17.940142 40.706265
2 4 0.300987 45.011110
3 8 16.707605 32.388269
3 5 19.087919 18.788294
4 7 22.586944 42.638011
5 7 6.176717 43.139309
5 6 20.166976 8.062258
