12 13 47533 850 20
63 85 35.252301 41.287952 28.564486
89 66 47.524923 31.801921 34.810590
57 26 47.860034 27.070688 43.477953
63 41 49.874052 35.989551 41.748957
42 11 45.677583 38.106408 30.820174
72 60 47.660489 31.158231 45.222896
19 21 40.384512 28.094350 31.466805
67 52 39.747398 45.430628 44.054711
21 55 34.896638 42.618269 34.289676
12 47 36.756476 36.846966 44.650303
8 53 43.305228 25.788035 36.590836
52 75 45.780082 35.185974 38.891139
0 11 42.574393 14.866069
0 10 31.879285 63.631753
0 8 33.681334 51.613952
1 11 47.013753 38.078866
1 8 49.864230 68.883960
1 5 48.163262 18.027756
1 4 36.491715 72.346389
1 3 28.579315 36.069378
2 4 35.686154 21.213203
3 7 48.159232 11.704700
6 10 49.339002 33.837849
7 9 48.574998 55.226805
9 10 32.078528 7.211103
