13 17 47000 1472 20
93 57 39.026470 30.302435 29.453956
41 71 36.270826 26.822520 43.779603
57 70 29.048579 45.493060 44.288535
91 58 25.722768 46.720628 25.321659
54 58 48.454442 44.347596 35.217146
38 57 25.974160 29.314713 38.113219
91 9 35.343297 47.203467 34.990534
79 51 29.618969 44.559799 34.064553
5 54 31.833084 30.362894 43.867339
16 79 42.243446 48.356731 44.918458
49 93 37.881682 27.160282 32.764727
37 14 30.317766 44.313335 46.609881
82 11 43.793213 29.961495 45.322885
0 12 48.953513 47.296934
0 5 37.706717 55.000000
0 3 27.126513 2.236068
0 2 36.957994 38.275318
0 1 31.886108 53.851648
1 10 47.249093 23.409400
1 3 48.634096 51.662365
3 7 33.935977 13.892444
3 6 27.402126 49.000000
4 9 39.004780 43.416587
4 7 33.784543 25.961510
5 7 37.342606 41.436699
6 12 38.666268 9.219544
7 10 42.369958 51.613952
8 9 39.498744 27.313001
9 10 32.406837 35.846897
11 12 36.367182 45.099889
