12 13 44200 2032 20
63 85 26.172494 33.864778 45.305902
89 66 29.061625 39.441752 34.676497
57 26 44.102554 44.246847 37.820091
63 41 28.069812 43.867021 33.538388
42 11 36.737006 32.521093 32.167810
72 60 33.289037 40.694309 31.663058
19 21 45.292555 45.766592 36.970906
67 52 39.342624 31.164512 48.532454
21 55 47.270187 34.059051 29.613189
12 47 27.155529 49.632354 40.663128
8 53 38.702364 40.561251 47.991503
52 75 36.653435 41.506767 48.579856
0 11 41.252344 14.866069
0 10 29.597766 63.631753
0 8 35.027094 51.613952
1 11 34.593967 38.078866
1 8 38.744751 68.883960
1 5 29.327635 18.027756
1 4 39.789211 72.346389
1 3 43.573014 36.069378
2 4 39.923362 21.213203
3 7 36.605108 11.704700
6 10 29.814423 33.837849
7 9 25.563833 55.226805
9 10 38.638639 7.211103
