9 11 49233 363 20
34 60 14.565702 11.356396 4.846937
68 1 9.887579 2.913516 9.492045
84 62 0.392089 8.336055 2.846425
43 75 3.004436 16.093867 15.633562
39 61 16.796896 11.236637 16.734762
35 58 10.904948 15.644697 15.815591
36 66 9.034072 11.537390 4.974675
66 28 8.350276 14.741274 10.137736
48 43 17.529886 14.983834 20.750575
0 5 23.775902 2.236068
0 4 6.745221 5.099020
1 4 15.135799 66.640828
1 2 18.689062 63.063460
2 8 1.278356 40.706265
2 4 17.446756 45.011110
3 8 1.270488 32.388269
3 5 9.432478 18.788294
4 7 7.266284 42.638011
5 7 7.368201 43.139309
5 6 20.344121 8.062258
