10 10 39333 1835 20
13 81 49.074502 48.014000 26.923670
80 78 43.544092 28.177118 32.740464
22 73 48.918648 38.604696 28.109211
85 16 31.778793 32.396860 30.749065
50 19 41.495679 35.511656 32.119077
8 50 37.845625 37.228172 36.123379
73 85 42.466477 38.621192 40.827586
71 58 34.757820 36.023637 45.552763
79 14 43.059875 30.192287 45.808689
79 82 37.640686 45.123010 35.184571
0 2 37.909334 12.041595
1 9 48.747819 4.123106
1 6 38.713058 9.899495
2 8 38.740107 82.036577
2 7 41.193159 51.244512
3 8 28.747234 6.324555
4 9 35.874882 69.354164
5 8 44.937455 79.605276
6 9 45.299830 6.708204
7 9 33.011053 25.298221
