17 23 45500 1098 20
67 59 45.349107 40.868219 46.210443
88 63 35.901206 30.573787 29.275039
30 29 25.937797 36.239546 26.026113
35 20 28.787967 29.014886 46.070715
48 64 44.285142 48.111646 46.418946
68 37 36.390714 28.104172 39.033969
95 50 43.903645 44.243118 44.687603
4 22 28.208419 33.277941 30.994721
17 8 46.854146 45.511918 48.587437
80 87 46.178057 49.444493 32.479088
99 85 46.994062 42.622933 39.273947
73 64 29.959621 41.465732 33.758941
5 9 33.274430 27.728271 26.296896
95 92 25.773624 43.840892 27.202364
12 12 33.011940 43.963059 43.936252
25 65 34.769292 34.389566 41.281087
32 54 29.229410 39.394931 34.792633
0 16 38.121738 35.355339
0 1 38.636579 21.377558
1 15 37.829418 63.031738
1 9 30.799490 25.298221
1 6 26.823357 14.764823
2 14 38.412782 24.758837
2 9 48.166398 76.576759
2 3 34.441999 10.295630
3 14 29.191842 24.351591
3 8 27.693048 21.633308
3 6 38.704612 67.082039
4 16 41.944815 18.867962
4 15 26.782855 23.021729
5 13 36.334996 61.269895
5 11 36.496113 27.459060
7 16 45.406328 42.520583
7 12 29.587034 13.038405
9 16 46.667968 58.249464
9 11 32.595089 24.041631
9 10 31.653863 19.104973
10 13 27.910649 8.062258
12 14 49.002602 7.615773
14 16 29.228500 46.518813
