9 11 46115 1566 20
34 60 13.076113 11.073534 8.755595
68 1 1.730321 18.355899 21.351690
84 62 9.993734 20.466377 5.827954
43 75 4.259762 18.275427 17.946815
39 61 7.577072 23.588712 15.872743
35 58 16.191883 8.933101 21.540968
36 66 8.845096 18.824135 10.753842
66 28 2.503563 16.172521 16.401441
48 43 14.933980 23.361485 3.225280
0 5 19.429444 2.236068
0 4 24.525431 5.099020
1 4 15.200071 66.640828
1 2 8.275946 63.063460
2 8 18.086126 40.706265
2 4 13.298954 45.011110
3 8 24.137039 32.388269
3 5 4.708736 18.788294
4 7 9.456033 42.638011
5 7 24.384347 43.139309
5 6 15.499068 8.062258
