9 11 41235 453 20
34 60 4.437609 10.970208 14.461075
68 1 12.748333 15.543033 8.804278
84 62 23.899262 23.404648 17.574710
43 75 11.883533 14.387265 20.043180
39 61 18.225540 18.934195 3.356464
35 58 12.957894 10.932234 5.698840
36 66 3.497586 3.835638 19.512203
66 28 5.664748 23.058283 4.486564
48 43 21.341306 1.822055 11.949470
0 5 8.483588 2.236068
0 4 20.830490 5.099020
1 4 14.037624 66.640828
1 2 20.502236 63.063460
2 8 13.537449 40.706265
2 4 11.733009 45.011110
3 8 12.966538 32.388269
3 5 2.172604 18.788294
4 7 14.522279 42.638011
5 7 20.112711 43.139309
5 6 13.778544 8.062258
