14 16 43300 886 20
12 12 27.873951 30.739966 48.975605
25 65 33.625810 38.977844 34.220763
32 54 38.344936 32.682972 33.150639
42 97 37.286225 46.639458 27.618983
71 86 28.558178 38.239930 32.545464
83 71 38.110916 29.001935 34.726233
52 2 46.248932 29.352350 38.459828
63 71 41.617758 38.294612 46.080655
35 97 27.905508 40.189205 30.403840
54 84 27.541096 37.400482 49.655071
85 90 35.069125 37.314845 34.363823
20 37 43.143811 41.216966 49.588816
87 86 45.780165 30.491501 44.238159
18 36 34.965412 36.325760 45.336100
0 13 37.714604 24.738634
0 2 34.568286 46.518813
1 9 33.780688 34.669872
1 4 47.279204 50.566788
2 11 27.439203 20.808652
2 10 40.810412 64.070274
2 3 45.238165 44.147480
4 12 36.738375 16.000000
4 5 43.479726 19.209373
5 6 32.133712 75.643903
7 12 40.197610 28.301943
7 11 29.552371 54.817880
7 9 32.865392 15.811388
8 12 29.126572 53.150729
8 10 49.364327 50.487622
10 12 41.678881 4.472136
