10 10 38363 2305 20
13 81 25.801011 41.801467 42.557769
80 78 36.550771 28.117359 29.898552
22 73 25.103686 41.421470 46.508610
85 16 39.482219 44.080915 42.940570
50 19 33.986388 40.088136 45.652041
8 50 34.216078 44.941117 33.685743
73 85 36.366798 32.417951 26.217028
71 58 33.923423 27.137344 44.478248
79 14 44.531282 27.260007 46.324504
79 82 28.309344 39.400716 35.797363
0 2 33.047527 12.041595
1 9 33.142245 4.123106
1 6 49.362619 9.899495
2 8 35.758569 82.036577
2 7 43.211648 51.244512
3 8 42.098690 6.324555
4 9 42.636750 69.354164
5 8 30.596198 79.605276
6 9 30.802580 6.708204
7 9 32.086300 25.298221
