15 19 44400 1809 20
74 69 26.359919 41.859128 39.476634
82 86 38.808176 26.333875 41.501466
93 43 30.660462 34.084326 31.760204
26 23 35.775130 38.022678 40.378134
90 50 34.357301 34.162028 30.029720
20 19 39.582025 35.248026 34.494200
91 26 27.993279 45.158752 40.270446
26 11 48.346715 31.764487 29.370460
37 22 35.498122 32.792938 44.309597
94 31 38.735256 39.353541 40.579067
51 13 27.241643 28.490106 47.660091
85 77 25.987768 26.183679 48.191169
72 56 36.543194 42.861471 44.226948
33 8 36.799517 25.912196 46.420179
9 9 28.618456 25.087871 48.958658
0 11 45.455577 13.601471
0 4 25.873162 24.839485
0 2 46.013943 32.202484
1 9 44.417680 56.293872
1 2 31.855388 44.384682
2 12 45.003176 24.698178
2 6 29.326114 17.117243
2 4 27.927899 7.615773
3 8 28.527758 11.045361
4 11 32.693327 27.459060
4 5 46.521389 76.557168
5 7 40.547891 10.000000
6 9 46.906877 5.830952
7 13 48.579336 7.615773
7 10 48.482736 25.079872
8 10 35.383298 16.643317
10 13 46.361132 18.681542
11 12 38.350441 24.698178
13 14 38.670954 24.020824
