9 11 49859 1263 20
34 60 8.682667 18.646568 6.848239
68 1 5.259751 22.543710 6.386671
84 62 13.117932 24.283621 7.456195
43 75 10.551239 4.599776 13.041826
39 61 21.995378 0.814180 19.968980
35 58 9.388982 4.847860 9.689118
36 66 5.735476 19.836907 22.739272
66 28 8.406355 11.303258 17.466854
48 43 19.407529 11.122040 2.179558
0 5 8.734584 2.236068
0 4 20.591336 5.099020
1 4 17.682764 66.640828
1 2 17.719664 63.063460
2 8 2.725978 40.706265
2 4 11.402274 45.011110
3 8 0.447535 32.388269
3 5 10.857078 18.788294
4 7 2.696603 42.638011
5 7 8.402305 43.139309
5 6 21.751929 8.062258
