20 27 45142 789 20
35 45 38.315730 41.110044 40.516456
13 42 38.618724 39.616759 25.431221
33 74 47.410889 40.065437 31.561994
17 73 48.354179 42.117192 46.989004
10 63 47.448254 40.758782 42.083609
81 52 43.464210 31.601157 49.254998
89 62 46.968967 39.414280 49.785324
16 24 43.513572 44.712082 35.985131
49 71 33.182467 43.963846 32.707741
6 25 35.247231 38.434178 43.015327
8 62 41.680604 33.740665 39.041611
25 26 37.077929 46.598698 43.503801
79 71 38.582032 40.905805 38.753501
66 47 44.442865 41.305488 32.365619
34 52 41.565601 27.300326 26.868045
37 23 30.457676 40.283593 48.933493
13 9 49.650015 45.211368 35.378684
61 7 27.148054 42.323760 30.585672
8 64 29.406073 31.287762 33.632260
15 3 45.831077 29.097467 45.278325
0 15 40.206945 22.090722
0 10 46.699193 31.906112
1 16 40.057536 33.000000
1 15 43.986585 30.610456
1 10 35.894836 20.615528
1 9 46.731104 18.384776
1 7 36.771328 18.248288
1 5 37.050754 68.731361
2 13 32.375583 42.638011
2 12 49.970719 46.097722
2 11 49.621142 48.662100
2 3 30.073741 16.031220
4 10 39.395130 2.236068
6 13 36.542051 27.459060
6 12 40.363022 13.453624
7 17 45.356875 48.104054
7 11 34.799001 9.219544
7 10 49.213879 38.832976
8 14 29.571493 24.207437
8 12 25.162226 30.000000
9 18 43.188752 39.051248
9 16 27.431518 17.464249
10 18 39.584019 2.000000
10 13 37.513351 59.908263
12 13 28.782702 27.294688
15 19 35.594895 29.732137
16 19 28.462796 6.324555
