9 11 45773 2768 20
34 60 15.487819 16.403067 14.521249
68 1 3.337193 5.221250 10.484960
84 62 6.376360 2.689645 24.061815
43 75 19.914360 22.850756 23.732972
39 61 8.468144 12.402008 6.998533
35 58 6.431520 13.679428 16.612571
36 66 2.022752 14.201049 13.939394
66 28 21.066340 3.378057 21.630765
48 43 23.026104 24.335585 12.304122
0 5 5.390142 2.236068
0 4 10.451328 5.099020
1 4 20.123562 66.640828
1 2 9.593217 63.063460
2 8 1.199651 40.706265
2 4 11.075598 45.011110
3 8 15.854307 32.388269
3 5 16.847153 18.788294
4 7 11.234927 42.638011
5 7 3.028074 43.139309
5 6 15.428744 8.062258
