9 11 40434 580 20
34 60 0.903450 14.505120 9.588069
68 1 4.484295 13.801100 5.964798
84 62 5.735717 3.476135 19.639177
43 75 3.498981 21.049848 8.163428
39 61 11.303384 12.772850 5.029991
35 58 23.016224 24.421265 3.941485
36 66 3.438989 4.727487 20.880183
66 28 16.525593 15.296542 23.092349
48 43 1.345740 12.616401 21.831904
0 5 22.357284 2.236068
0 4 0.019365 5.099020
1 4 15.680786 66.640828
1 2 24.006979 63.063460
2 8 22.225508 40.706265
2 4 1.733464 45.011110
3 8 15.523500 32.388269
3 5 5.168085 18.788294
4 7 18.782128 42.638011
5 7 18.855903 43.139309
5 6 17.009114 8.062258
