9 11 45553 1659 20
34 60 10.752202 13.526594 2.931519
68 1 17.189909 23.570645 16.792286
84 62 4.490696 16.035479 5.002003
43 75 6.492257 2.160101 8.536297
39 61 21.561037 24.548881 23.648365
35 58 5.003679 7.261986 14.649977
36 66 16.013256 13.457037 8.712263
66 28 21.557696 22.839310 13.251212
48 43 11.106380 3.271302 5.943388
0 5 10.678334 2.236068
0 4 6.714528 5.099020
1 4 8.216942 66.640828
1 2 0.006653 63.063460
2 8 7.928826 40.706265
2 4 0.433334 45.011110
3 8 5.873395 32.388269
3 5 12.936553 18.788294
4 7 23.587607 42.638011
5 7 4.407613 43.139309
5 6 24.088843 8.062258
