15 19 42818 1655 20
74 69 29.576314 36.170260 49.754343
82 86 40.414857 27.342050 43.437932
93 43 47.131814 32.365320 28.830649
26 23 45.279004 38.980574 36.780595
90 50 49.431847 36.036847 30.275414
20 19 38.103009 32.549387 36.171332
91 26 47.267551 42.813162 30.530490
26 11 47.625530 33.571250 40.634414
37 22 43.714954 35.593363 35.630816
94 31 42.921523 28.562809 30.917609
51 13 41.521299 34.247358 41.988373
85 77 39.593907 42.631624 34.186002
72 56 43.468110 45.662885 30.055406
33 8 38.458750 27.794147 38.789880
9 9 48.446465 46.696460 32.484606
0 11 25.042937 13.601471
0 4 43.358306 24.839485
0 2 27.116946 32.202484
1 9 27.718050 56.293872
1 2 43.134679 44.384682
2 12 39.310992 24.698178
2 6 27.152053 17.117243
2 4 43.792914 7.615773
3 8 40.270110 11.045361
4 11 46.208171 27.459060
4 5 42.699689 76.557168
5 7 36.283318 10.000000
6 9 37.275416 5.830952
7 13 31.228576 7.615773
7 10 30.888759 25.079872
8 10 30.097883 16.643317
10 13 38.692134 18.681542
11 12 40.756736 24.698178
13 14 46.603956 24.020824
