14 16 41333 964 20
12 12 34.340738 46.284155 41.034816
25 65 39.698518 28.874012 30.471306
32 54 44.135461 31.852278 38.625630
42 97 31.260264 37.891063 48.325464
71 86 30.934576 34.473150 42.324380
83 71 29.744640 45.941752 45.829685
52 2 35.123240 40.559596 40.920589
63 71 46.940626 48.044823 35.927180
35 97 27.876087 36.347282 38.017051
54 84 42.433109 47.172738 47.240654
85 90 45.614976 26.261783 28.191711
20 37 41.376587 42.138038 31.460321
87 86 29.916123 28.122356 37.790173
18 36 43.609924 27.801871 29.976533
0 13 41.321249 24.738634
0 2 46.916756 46.518813
1 9 35.091300 34.669872
1 4 45.377426 50.566788
2 11 32.150374 20.808652
2 10 31.065730 64.070274
2 3 30.151300 44.147480
4 12 48.464263 16.000000
4 5 35.296794 19.209373
5 6 39.275871 75.643903
7 12 46.188600 28.301943
7 11 41.465080 54.817880
7 9 43.464908 15.811388
8 12 43.578213 53.150729
8 10 35.530835 50.487622
10 12 29.909242 4.472136
