12 13 40000 1369 20
63 85 25.163711 33.064733 49.910595
89 66 28.014697 31.191931 46.931122
57 26 48.389912 42.274930 38.010422
63 41 26.858102 47.391386 48.128847
42 11 49.720717 25.095812 49.205214
72 60 34.420957 34.565412 46.578022
19 21 41.222833 32.649356 27.449399
67 52 44.808705 29.952285 26.274885
21 55 33.862225 43.427375 44.912755
12 47 35.539316 27.219414 40.496710
8 53 32.838073 34.126051 49.872993
52 75 34.498476 44.628051 37.184775
0 11 27.036771 14.866069
0 10 33.093099 63.631753
0 8 39.198418 51.613952
1 11 48.871664 38.078866
1 8 49.662481 68.883960
1 5 48.282298 18.027756
1 4 44.346315 72.346389
1 3 38.102078 36.069378
2 4 36.483975 21.213203
3 7 38.045283 11.704700
6 10 47.046216 33.837849
7 9 49.100972 55.226805
9 10 35.868367 7.211103
