9 11 47390 458 20
34 60 17.346810 22.037398 14.394419
68 1 22.142601 10.449179 13.215678
84 62 12.804795 12.506632 7.494446
43 75 19.109127 2.039145 11.285914
39 61 1.224791 15.553974 20.790854
35 58 24.084491 12.784290 8.021367
36 66 17.878163 8.739079 20.854678
66 28 13.809580 6.828037 10.858875
48 43 16.138709 17.753803 10.084272
0 5 5.910181 2.236068
0 4 17.584239 5.099020
1 4 22.302956 66.640828
1 2 24.328615 63.063460
2 8 1.867040 40.706265
2 4 23.455694 45.011110
3 8 16.873566 32.388269
3 5 11.323469 18.788294
4 7 7.096819 42.638011
5 7 23.263035 43.139309
5 6 2.415762 8.062258
