10 10 43600 559 20
13 81 43.349636 35.709467 36.049934
80 78 41.407972 41.768273 35.552200
22 73 34.570571 29.467364 44.934599
85 16 29.995386 30.103841 36.598498
50 19 43.928178 36.838146 28.063214
8 50 49.691040 40.107712 30.935766
73 85 46.759425 49.624398 33.110435
71 58 31.933741 29.433963 35.725128
79 14 41.373081 38.967116 27.927798
79 82 36.092303 31.679695 30.755278
0 2 46.797962 12.041595
1 9 34.616137 4.123106
1 6 44.368560 9.899495
2 8 44.178088 82.036577
2 7 45.925622 51.244512
3 8 48.163721 6.324555
4 9 31.372979 69.354164
5 8 48.584433 79.605276
6 9 47.025998 6.708204
7 9 46.032000 25.298221
