10 10 45785 1514 20
13 81 35.889438 37.687270 27.537392
80 78 34.114580 27.517479 36.279700
22 73 45.179072 49.019575 35.233299
85 16 32.413490 30.696206 32.041623
50 19 25.421467 27.543818 42.523629
8 50 32.714357 48.570844 31.839148
73 85 39.044996 47.770939 48.394443
71 58 30.958665 29.380330 29.059642
79 14 27.056789 46.192117 35.549751
79 82 43.412296 43.196542 25.196676
0 2 31.739310 12.041595
1 9 36.943278 4.123106
1 6 43.601427 9.899495
2 8 47.624573 82.036577
2 7 42.897852 51.244512
3 8 26.661856 6.324555
4 9 25.236404 69.354164
5 8 48.940485 79.605276
6 9 29.904224 6.708204
7 9 27.939707 25.298221
