11 10 43700 1303 20
86 55 28.438531 49.427845 49.757139
78 84 48.662691 48.473588 46.468008
26 30 35.853451 34.157284 32.308735
88 39 45.641197 41.785253 41.790568
6 66 45.014810 45.313019 31.929968
58 57 31.615253 47.695076 36.665769
63 87 30.133802 37.078035 34.150886
78 66 48.041331 28.199268 31.399065
48 98 39.955932 42.768033 47.256975
95 45 37.497329 42.703839 47.610273
56 85 42.950163 30.269463 45.801580
0 9 40.470158 13.453624
0 5 30.228835 28.071338
1 8 42.162913 33.105891
2 9 37.780481 70.611614
2 4 32.529285 41.182521
2 3 38.264682 62.649820
4 8 30.088511 52.801515
6 9 36.478527 52.801515
6 7 47.584923 25.806976
8 10 44.247036 15.264338
