18 22 5285 731 20
12 78 46.596856 47.531341 45.826728
14 27 41.642740 45.575734 44.008716
68 56 39.105351 32.444846 45.196412
56 30 38.540146 44.751635 46.558161
38 4 33.046347 26.570104 27.440271
72 74 31.515782 30.408967 36.173717
49 59 45.716048 26.835750 36.934650
45 62 29.388897 46.507101 44.682384
60 6 40.848393 34.238933 46.659517
71 18 31.857056 35.392487 39.741897
40 43 35.745773 37.903469 41.031782
75 69 45.192624 29.072163 34.779518
85 85 35.298243 32.201900 29.029732
99 51 36.371927 49.765750 40.183550
8 61 41.296426 40.169543 26.079201
70 85 29.701505 25.445579 34.462135
98 27 36.689152 27.709466 28.799092
41 40 41.038157 25.219875 38.346380
0 14 43.012476 17.464249
1 15 46.662029 80.622577
1 10 25.628621 30.528675
1 3 41.053970 42.107007
2 17 49.594661 31.384710
2 7 29.414940 23.769729
3 17 39.830157 18.027756
3 15 46.845851 56.753854
3 8 45.167205 24.331050
3 6 27.351476 29.832868
3 4 44.724425 31.622777
5 15 43.501145 11.180340
5 14 27.696401 65.306967
6 14 28.371463 41.048752
6 12 48.012637 44.407207
7 14 32.448069 37.013511
7 9 32.451208 51.107729
8 17 49.180509 38.948684
8 9 37.335822 16.278821
9 13 33.672857 43.278170
10 11 49.457836 43.600459
14 16 36.845874 96.208108
