12 13 40500 4694 20
63 85 40.343833 48.550271 43.070099
89 66 49.007109 44.753856 27.816350
57 26 48.331790 48.370834 47.861929
63 41 44.542705 42.176927 35.107929
42 11 45.603016 47.060151 36.407604
72 60 27.984501 44.308922 49.634732
19 21 45.743253 47.665019 26.345245
67 52 29.253865 36.186693 35.749599
21 55 25.082953 45.910552 36.222719
12 47 48.491728 48.217213 37.021044
8 53 46.419287 49.121407 29.146180
52 75 33.866608 32.810857 32.258935
0 11 39.184107 14.866069
0 10 46.712653 63.631753
0 8 25.526506 51.613952
1 11 43.727996 38.078866
1 8 25.716197 68.883960
1 5 27.567994 18.027756
1 4 37.072374 72.346389
1 3 38.172923 36.069378
2 4 48.249606 21.213203
3 7 41.043837 11.704700
6 10 46.438461 33.837849
7 9 30.833491 55.226805
9 10 36.009977 7.211103
