11 10 38909 1054 20
86 55 29.704403 31.350156 34.061300
78 84 38.095096 33.053627 35.623278
26 30 36.435572 47.563174 29.084330
88 39 34.194131 26.985858 26.722307
6 66 33.644107 27.582056 40.702338
58 57 38.930621 44.195128 45.183703
63 87 29.073453 34.319379 47.984172
78 66 48.064835 34.728150 44.058348
48 98 32.215639 40.930125 38.983758
95 45 26.893826 37.825872 41.547886
56 85 45.321474 39.226326 32.475422
0 9 47.512033 13.453624
0 5 38.022861 28.071338
1 8 31.945381 33.105891
2 9 28.632573 70.611614
2 4 34.407672 41.182521
2 3 28.832806 62.649820
4 8 45.540919 52.801515
6 9 43.139556 52.801515
6 7 30.108409 25.806976
8 10 47.106419 15.264338
