12 13 48833 2003 20
63 85 30.183616 36.164250 45.618380
89 66 30.910168 28.317249 25.601779
57 26 43.313812 49.878311 34.955652
63 41 30.017205 47.554037 35.308580
42 11 47.569275 42.374744 44.730641
72 60 26.482183 42.480384 26.622278
19 21 33.791144 25.646388 35.446632
67 52 35.276225 42.197319 35.708600
21 55 45.372308 41.856439 44.024553
12 47 47.703032 49.573409 29.345333
8 53 46.047705 25.386063 33.276847
52 75 45.191274 33.315259 43.618482
0 11 36.535498 14.866069
0 10 36.225088 63.631753
0 8 29.327223 51.613952
1 11 35.805564 38.078866
1 8 25.623072 68.883960
1 5 36.858703 18.027756
1 4 29.444431 72.346389
1 3 45.120884 36.069378
2 4 34.074081 21.213203
3 7 37.074650 11.704700
6 10 32.264030 33.837849
7 9 47.705783 55.226805
9 10 28.369818 7.211103
