11 10 42363 1837 20
86 55 30.608168 36.886136 35.684696
78 84 38.781360 34.048205 29.052871
26 30 38.243336 32.676619 37.012408
88 39 29.828795 33.521981 41.217365
6 66 41.159430 28.847380 43.492964
58 57 34.411097 32.846509 30.874000
63 87 35.194656 37.095590 43.176693
78 66 42.145922 36.581972 47.463941
48 98 35.018791 40.888281 37.420023
95 45 26.525798 39.349207 38.745621
56 85 48.693211 48.555116 49.840018
0 9 32.647768 13.453624
0 5 40.670914 28.071338
1 8 27.676933 33.105891
2 9 43.920703 70.611614
2 4 27.483068 41.182521
2 3 30.503262 62.649820
4 8 25.670427 52.801515
6 9 36.045360 52.801515
6 7 32.788688 25.806976
8 10 30.188303 15.264338
