14 16 37625 1352 20
12 12 38.758949 27.621203 41.450677
25 65 39.434761 38.475590 34.718394
32 54 41.350696 29.253750 37.742180
42 97 44.823720 32.995985 34.712635
71 86 41.341724 41.825266 36.914611
83 71 45.492340 34.938693 48.745064
52 2 45.258025 41.267312 41.341595
63 71 37.383466 41.206161 36.713217
35 97 44.282821 33.486740 46.194231
54 84 28.838479 26.973698 41.993930
85 90 39.831696 28.265420 27.165247
20 37 43.779567 32.605784 28.268161
87 86 46.000246 26.624647 27.023259
18 36 32.159549 34.121332 28.554919
0 13 27.203558 24.738634
0 2 49.644355 46.518813
1 9 29.558390 34.669872
1 4 27.776570 50.566788
2 11 47.736277 20.808652
2 10 47.824942 64.070274
2 3 33.032213 44.147480
4 12 26.353794 16.000000
4 5 34.004875 19.209373
5 6 44.324656 75.643903
7 12 35.073983 28.301943
7 11 32.216032 54.817880
7 9 49.358087 15.811388
8 12 39.781539 53.150729
8 10 39.173343 50.487622
10 12 49.120869 4.472136
