9 11 42630 1582 20
34 60 2.561953 9.382471 15.944083
68 1 2.189276 1.511250 9.638482
84 62 11.517674 16.039123 22.359684
43 75 11.542378 13.025993 9.289997
39 61 0.224766 6.761657 15.444483
35 58 0.343283 10.835436 13.367805
36 66 5.703058 17.562361 6.804719
66 28 16.927972 23.013822 23.932486
48 43 1.759311 4.624962 2.654900
0 5 8.328758 2.236068
0 4 17.929832 5.099020
1 4 16.832814 66.640828
1 2 23.964061 63.063460
2 8 15.777215 40.706265
2 4 14.198319 45.011110
3 8 7.576941 32.388269
3 5 15.359828 18.788294
4 7 16.587684 42.638011
5 7 2.934008 43.139309
5 6 13.695453 8.062258
