9 11 44255 357 20
34 60 2.129565 22.005517 12.000374
68 1 24.028801 15.756289 21.135832
84 62 3.275450 0.371550 2.767416
43 75 13.941975 15.458586 2.117286
39 61 23.096518 19.721781 8.936289
35 58 8.355899 19.498204 1.519125
36 66 15.898435 10.980283 5.819478
66 28 13.928245 14.275432 0.202537
48 43 10.120238 23.897302 14.218309
0 5 1.115584 2.236068
0 4 3.912190 5.099020
1 4 23.125284 66.640828
1 2 21.924593 63.063460
2 8 24.909242 40.706265
2 4 23.789258 45.011110
3 8 17.921757 32.388269
3 5 3.211552 18.788294
4 7 8.642605 42.638011
5 7 7.431501 43.139309
5 6 9.402426 8.062258
