11 10 48500 829 20
86 55 26.313445 44.044657 47.568534
78 84 46.639146 35.428954 27.317239
26 30 45.624720 44.001524 33.971508
88 39 43.966006 40.298730 36.013527
6 66 46.303568 47.582566 41.350362
58 57 30.374202 32.244914 42.729999
63 87 42.619551 35.157350 38.376525
78 66 28.848120 27.348976 26.013127
48 98 29.425719 34.885355 35.124890
95 45 37.768554 31.238308 42.188229
56 85 35.582599 43.649380 34.949628
0 9 41.805727 13.453624
0 5 45.002113 28.071338
1 8 45.416191 33.105891
2 9 44.826848 70.611614
2 4 31.002900 41.182521
2 3 41.133717 62.649820
4 8 31.855692 52.801515
6 9 42.880356 52.801515
6 7 48.171724 25.806976
8 10 45.395981 15.264338
