11 10 47666 2228 20
86 55 37.435657 25.113016 43.295072
78 84 38.016699 48.725781 45.149199
26 30 32.998951 31.811685 47.670539
88 39 43.382723 38.418402 29.986355
6 66 46.800125 36.755437 49.289173
58 57 48.662612 45.248635 31.971315
63 87 43.814954 44.017735 44.036057
78 66 44.745489 45.160396 30.292617
48 98 26.397254 33.793822 30.995388
95 45 26.398865 43.091163 49.514526
56 85 39.871531 41.296249 37.858058
0 9 45.564772 13.453624
0 5 49.065995 28.071338
1 8 39.515152 33.105891
2 9 26.107473 70.611614
2 4 30.558803 41.182521
2 3 28.055801 62.649820
4 8 37.851548 52.801515
6 9 26.269475 52.801515
6 7 41.477060 25.806976
8 10 34.933768 15.264338
