9 11 38526 1379 20
34 60 17.916396 7.043585 16.430812
68 1 5.996302 2.919316 17.857241
84 62 22.424265 11.574118 24.596404
43 75 16.172478 8.601483 17.684772
39 61 17.506311 13.057103 2.561787
35 58 2.367217 19.171161 11.003743
36 66 9.502233 12.910502 17.680011
66 28 17.634462 1.426313 7.304282
48 43 5.364713 15.132180 1.758450
0 5 17.530226 2.236068
0 4 7.003833 5.099020
1 4 4.581915 66.640828
1 2 23.220765 63.063460
2 8 20.021268 40.706265
2 4 1.865314 45.011110
3 8 3.371323 32.388269
3 5 17.088641 18.788294
4 7 7.007902 42.638011
5 7 18.489979 43.139309
5 6 20.529473 8.062258
