14 16 42909 923 20
12 12 49.417096 43.961620 34.279914
25 65 41.134986 25.003984 49.319312
32 54 35.492175 37.753884 29.032440
42 97 40.726729 47.885158 30.350994
71 86 42.387271 30.363328 46.058936
83 71 38.017476 38.012331 35.405461
52 2 43.908534 33.501981 27.038188
63 71 38.551504 30.848112 37.498525
35 97 45.956884 34.819458 44.671337
54 84 40.628003 36.520054 29.385926
85 90 45.585358 43.485582 38.222993
20 37 39.814507 49.226832 49.432128
87 86 35.959268 42.204024 41.386479
18 36 35.219785 37.286301 28.654374
0 13 43.755158 24.738634
0 2 28.847677 46.518813
1 9 25.319996 34.669872
1 4 28.308469 50.566788
2 11 43.174953 20.808652
2 10 36.284404 64.070274
2 3 28.929805 44.147480
4 12 31.106476 16.000000
4 5 38.339955 19.209373
5 6 40.190276 75.643903
7 12 32.257501 28.301943
7 11 40.944245 54.817880
7 9 28.342503 15.811388
8 12 46.799643 53.150729
8 10 40.109464 50.487622
10 12 25.998413 4.472136
