20 27 5428 1816 20
35 45 25.190608 39.977571 39.141833
13 42 40.403118 38.673889 27.861305
33 74 27.674013 33.056663 26.194945
17 73 36.577598 28.587108 31.873683
10 63 29.476262 44.164461 41.747162
81 52 41.769082 42.735890 25.112876
89 62 39.739839 31.394781 38.201830
16 24 36.147586 31.481284 45.953368
49 71 42.761659 28.934715 30.207035
6 25 48.361543 37.107454 38.277073
8 62 45.695287 47.103878 31.809826
25 26 34.394529 35.683063 26.420077
79 71 34.172957 47.989510 31.928354
66 47 30.880234 33.214758 39.410585
34 52 25.515032 36.932224 27.812600
37 23 25.313394 28.574192 25.904961
13 9 47.601291 37.471626 49.762038
61 7 40.486538 48.072290 49.791833
8 64 39.151438 42.489311 30.635023
15 3 42.300752 27.011997 48.339823
0 15 32.719552 22.090722
0 10 28.890246 31.906112
1 16 38.000119 33.000000
1 15 37.628677 30.610456
1 10 27.925846 20.615528
1 9 28.800763 18.384776
1 7 43.557281 18.248288
1 5 30.785429 68.731361
2 13 40.271216 42.638011
2 12 28.382565 46.097722
2 11 40.629570 48.662100
2 3 31.038758 16.031220
4 10 41.560998 2.236068
6 13 34.509054 27.459060
6 12 36.888925 13.453624
7 17 40.432696 48.104054
7 11 42.965037 9.219544
7 10 38.312826 38.832976
8 14 35.410465 24.207437
8 12 29.262573 30.000000
9 18 34.791092 39.051248
9 16 25.737807 17.464249
10 18 38.111405 2.000000
10 13 44.146697 59.908263
12 13 41.958420 27.294688
15 19 34.753412 29.732137
16 19 25.785187 6.324555
