13 17 49444 4069 20
93 57 25.052048 39.437117 35.839108
41 71 46.046408 45.813204 31.274574
57 70 37.616480 39.316485 31.040657
91 58 34.043131 41.083166 38.279297
54 58 29.618207 42.280785 26.118197
38 57 47.154883 39.913733 35.819516
91 9 29.251635 48.770593 29.593942
79 51 41.069338 47.601983 39.689001
5 54 32.955772 32.795664 49.049527
16 79 44.309857 44.073611 48.177448
49 93 36.987520 30.736651 48.281755
37 14 40.720959 40.634301 30.265477
82 11 42.070128 36.649087 36.091707
0 12 28.751818 47.296934
0 5 34.605375 55.000000
0 3 47.829496 2.236068
0 2 46.604019 38.275318
0 1 46.331009 53.851648
1 10 30.485814 23.409400
1 3 36.138028 51.662365
3 7 37.364837 13.892444
3 6 49.172209 49.000000
4 9 30.110670 43.416587
4 7 34.375030 25.961510
5 7 36.544538 41.436699
6 12 31.949498 9.219544
7 10 37.091395 51.613952
8 9 34.768813 27.313001
9 10 48.359321 35.846897
11 12 49.107032 45.099889
