11 10 42181 3363 20
86 55 34.608716 41.330043 46.641857
78 84 37.469293 33.964827 29.782695
26 30 45.304648 35.314029 44.259433
88 39 41.485412 32.754402 26.508979
6 66 36.168140 37.778392 27.593828
58 57 39.043113 33.972129 32.818056
63 87 49.303563 26.284138 29.055332
78 66 44.710280 30.007293 48.287762
48 98 48.387253 41.423360 27.371842
95 45 35.826946 40.930114 40.667292
56 85 27.095056 31.574858 25.332075
0 9 32.525614 13.453624
0 5 35.763285 28.071338
1 8 34.052517 33.105891
2 9 32.709177 70.611614
2 4 28.655864 41.182521
2 3 40.554558 62.649820
4 8 47.561997 52.801515
6 9 40.817019 52.801515
6 7 47.198329 25.806976
8 10 32.874886 15.264338
