15 19 43200 3161 20
74 69 49.649807 25.356597 38.614979
82 86 28.942779 46.490165 32.983279
93 43 45.186095 42.731091 31.143496
26 23 39.885537 42.968101 48.119680
90 50 32.993736 42.309793 40.912111
20 19 41.906903 46.741237 46.449885
91 26 28.221128 40.459296 29.807646
26 11 27.974391 43.193808 26.395978
37 22 29.076067 44.883636 32.321246
94 31 32.847323 34.463546 29.785672
51 13 31.345984 25.524979 46.980503
85 77 33.334198 26.304128 43.317579
72 56 46.655924 46.388196 43.957804
33 8 25.698550 29.186570 30.303347
9 9 40.419545 30.543254 37.394546
0 11 47.568282 13.601471
0 4 48.986811 24.839485
0 2 41.555785 32.202484
1 9 26.622890 56.293872
1 2 37.161578 44.384682
2 12 39.090351 24.698178
2 6 49.052219 17.117243
2 4 46.188040 7.615773
3 8 33.327942 11.045361
4 11 28.306707 27.459060
4 5 41.808817 76.557168
5 7 38.639804 10.000000
6 9 25.720912 5.830952
7 13 25.357092 7.615773
7 10 27.265805 25.079872
8 10 36.103172 16.643317
10 13 27.247258 18.681542
11 12 31.431227 24.698178
13 14 41.719274 24.020824
