11 10 40800 527 20
86 55 48.849480 32.973470 46.208391
78 84 28.153501 28.625415 37.421191
26 30 44.748668 26.886087 46.353545
88 39 36.390390 42.948871 27.401454
6 66 31.757631 29.834332 25.031118
58 57 37.329457 45.814714 39.504518
63 87 35.191095 40.725027 31.279333
78 66 31.682350 46.474091 26.085606
48 98 27.378419 47.176832 46.435707
95 45 48.245789 49.326722 26.217455
56 85 45.849205 39.178616 41.559692
0 9 47.195618 13.453624
0 5 35.023404 28.071338
1 8 32.929465 33.105891
2 9 44.644104 70.611614
2 4 35.726932 41.182521
2 3 40.323379 62.649820
4 8 43.262479 52.801515
6 9 28.182870 52.801515
6 7 45.375536 25.806976
8 10 37.965863 15.264338
