19 20 47866 1365 20
10 84 28.894696 43.856493 26.926112
3 72 29.802155 27.356439 48.128755
4 42 28.423082 40.127434 32.639649
69 21 26.833261 48.684369 28.505910
21 30 49.704182 36.866972 39.288125
9 16 36.057792 44.061823 34.327180
9 90 28.033310 37.648217 31.879333
71 9 49.461691 48.778810 36.785821
1 93 41.609219 36.762805 25.423030
45 45 29.342641 48.383904 36.169848
47 73 38.790053 31.348022 44.054590
27 80 41.147281 28.885037 26.657376
98 11 25.283110 47.593788 38.097954
0 40 26.443203 32.442502 46.387047
20 20 44.956043 31.858623 36.281382
41 96 35.529148 39.568894 49.567105
58 41 26.417357 34.769271 44.823570
82 52 29.416494 49.659179 33.439122
63 92 30.990029 49.043637 26.778970
0 15 29.134929 33.241540
1 11 45.834547 25.298221
2 8 40.174129 51.088159
3 16 43.014252 22.825424
3 12 26.780459 30.675723
3 9 41.097255 33.941125
3 7 40.237898 12.165525
3 6 32.986554 91.438504
4 13 29.743554 23.259407
5 14 33.731386 11.704700
6 15 39.228166 32.557641
6 10 44.802076 41.629317
7 18 27.551339 83.384651
7 16 49.276833 34.539832
8 15 32.791206 40.112342
9 14 31.877739 35.355339
9 11 42.328934 39.357337
10 13 34.225532 57.428216
14 17 42.809628 69.771054
14 16 49.544482 43.416587
