13 17 40200 1360 20
93 57 31.383163 45.886371 42.361361
41 71 35.832469 49.162956 26.179627
57 70 38.764944 37.116980 45.875138
91 58 40.745929 30.707966 32.461459
54 58 42.054480 39.428583 29.769875
38 57 47.056667 41.812344 27.960345
91 9 27.145595 30.249630 46.687689
79 51 34.068935 29.892995 38.750265
5 54 39.178666 41.618254 42.054771
16 79 33.114440 34.099135 29.401820
49 93 40.624233 44.528994 39.159049
37 14 36.931722 25.801864 25.958945
82 11 26.363711 25.845351 40.056479
0 12 42.837654 47.296934
0 5 30.098363 55.000000
0 3 39.016193 2.236068
0 2 39.596658 38.275318
0 1 36.746344 53.851648
1 10 40.228823 23.409400
1 3 29.290473 51.662365
3 7 33.995324 13.892444
3 6 26.902676 49.000000
4 9 46.794986 43.416587
4 7 43.451792 25.961510
5 7 31.418447 41.436699
6 12 26.416961 9.219544
7 10 28.499992 51.613952
8 9 37.278535 27.313001
9 10 49.575724 35.846897
11 12 43.386486 45.099889
