9 11 48475 1147 20
34 60 7.194638 21.666733 24.065644
68 1 11.651257 12.212428 8.574381
84 62 22.190017 10.035133 18.552934
43 75 17.986201 20.851359 4.190276
39 61 24.813429 20.807257 14.800384
35 58 7.923920 1.110219 14.061250
36 66 16.877637 19.039025 0.604902
66 28 23.689838 16.224294 17.272695
48 43 10.309809 16.992422 10.553958
0 5 1.094918 2.236068
0 4 15.848683 5.099020
1 4 24.452472 66.640828
1 2 21.722019 63.063460
2 8 15.227081 40.706265
2 4 21.663666 45.011110
3 8 20.915959 32.388269
3 5 10.662391 18.788294
4 7 10.065885 42.638011
5 7 6.471350 43.139309
5 6 11.630655 8.062258
