11 10 42272 1067 20
86 55 44.126476 31.827599 26.778340
78 84 25.564337 41.817922 46.370194
26 30 43.328563 49.265546 48.655168
88 39 49.184936 42.862723 49.562492
6 66 32.971638 49.241438 38.603476
58 57 49.173959 39.121043 47.506360
63 87 44.198972 49.458002 37.328977
78 66 26.999856 36.921458 40.388822
48 98 37.322133 36.363222 37.114891
95 45 31.173229 47.922378 45.160774
56 85 42.651286 25.466076 28.066389
0 9 46.696371 13.453624
0 5 25.208927 28.071338
1 8 46.081087 33.105891
2 9 28.467819 70.611614
2 4 25.116857 41.182521
2 3 25.541652 62.649820
4 8 26.084816 52.801515
6 9 40.869710 52.801515
6 7 49.252477 25.806976
8 10 25.530175 15.264338
