10 10 37875 1161 20
13 81 37.032850 42.925236 39.007018
80 78 28.870080 31.219664 35.266513
22 73 28.963345 28.891787 30.249055
85 16 25.893284 29.251993 38.904269
50 19 42.104303 37.336746 38.616020
8 50 38.212549 40.300372 49.006769
73 85 39.465174 39.786722 25.721810
71 58 39.993671 46.224355 27.173058
79 14 49.067976 47.307071 46.587873
79 82 45.738044 43.615104 35.468344
0 2 32.340051 12.041595
1 9 27.368387 4.123106
1 6 42.861698 9.899495
2 8 31.755923 82.036577
2 7 36.934893 51.244512
3 8 37.490487 6.324555
4 9 46.423915 69.354164
5 8 31.534012 79.605276
6 9 31.602141 6.708204
7 9 31.860143 25.298221
