15 19 47333 2676 20
74 69 43.346255 25.596199 36.556177
82 86 35.419389 38.079699 25.330246
93 43 31.036610 47.378034 27.452619
26 23 30.447030 35.250074 49.080527
90 50 44.682995 35.662923 40.836315
20 19 34.698979 38.438468 46.673671
91 26 49.636966 45.723369 27.279065
26 11 36.282606 41.750104 45.306729
37 22 39.508402 42.832614 41.447098
94 31 49.156210 31.696462 36.597364
51 13 35.250501 43.688729 30.748864
85 77 42.665049 34.583571 35.756085
72 56 32.358132 41.473496 44.575230
33 8 46.441919 42.844689 28.569514
9 9 26.616973 46.102327 42.812726
0 11 47.528071 13.601471
0 4 29.202676 24.839485
0 2 31.946896 32.202484
1 9 42.035838 56.293872
1 2 33.537281 44.384682
2 12 25.529036 24.698178
2 6 37.706940 17.117243
2 4 46.945261 7.615773
3 8 45.602854 11.045361
4 11 30.558890 27.459060
4 5 43.913742 76.557168
5 7 42.494822 10.000000
6 9 49.311301 5.830952
7 13 44.462353 7.615773
7 10 45.713138 25.079872
8 10 43.956970 16.643317
10 13 28.712137 18.681542
11 12 31.122567 24.698178
13 14 41.255852 24.020824
