10 10 43400 4280 20
13 81 38.723620 49.670649 48.112072
80 78 47.700343 31.778280 39.449527
22 73 43.070790 49.228982 25.741883
85 16 45.677214 27.446991 38.578311
50 19 45.552704 30.431586 39.227159
8 50 38.507269 33.550873 36.368729
73 85 44.843163 26.789795 31.341158
71 58 43.411371 36.301844 33.372730
79 14 41.100499 49.487578 34.352689
79 82 31.395489 34.890306 35.882509
0 2 31.277667 12.041595
1 9 46.544424 4.123106
1 6 40.355727 9.899495
2 8 43.245665 82.036577
2 7 25.048430 51.244512
3 8 35.895325 6.324555
4 9 35.789820 69.354164
5 8 33.991830 79.605276
6 9 28.907840 6.708204
7 9 41.415942 25.298221
