12 13 40900 1679 20
63 85 26.757853 44.373036 25.315423
89 66 31.561899 39.458515 33.791052
57 26 27.556311 43.062814 30.003372
63 41 47.823472 30.859161 35.630695
42 11 43.946551 42.539177 47.986433
72 60 36.650442 46.201887 30.778574
19 21 30.287092 40.679086 48.269345
67 52 41.433675 49.027281 26.482949
21 55 45.229218 39.222493 30.563209
12 47 44.482608 46.599308 46.017719
8 53 49.487199 35.860734 44.938864
52 75 25.532225 48.657635 29.441985
0 11 36.668187 14.866069
0 10 44.806274 63.631753
0 8 40.310018 51.613952
1 11 45.088543 38.078866
1 8 37.020355 68.883960
1 5 33.522387 18.027756
1 4 42.042747 72.346389
1 3 41.885806 36.069378
2 4 43.665950 21.213203
3 7 38.851539 11.704700
6 10 31.922418 33.837849
7 9 47.758898 55.226805
9 10 40.762113 7.211103
