13 17 37750 868 20
93 57 40.073929 31.010866 26.565033
41 71 36.655689 28.956501 38.757329
57 70 30.054599 47.350631 37.721541
91 58 49.252988 48.654350 26.308914
54 58 29.105521 38.237758 28.949075
38 57 41.572636 26.416876 29.623644
91 9 29.188958 31.767522 42.187431
79 51 28.160766 47.944799 25.165338
5 54 36.648532 41.475978 28.620703
16 79 32.231261 38.724104 48.595122
49 93 43.530535 27.359253 30.465069
37 14 32.524521 46.995689 46.001986
82 11 36.636036 36.927766 28.296782
0 12 35.523163 47.296934
0 5 30.617204 55.000000
0 3 31.522115 2.236068
0 2 39.036088 38.275318
0 1 42.310892 53.851648
1 10 49.156696 23.409400
1 3 47.450789 51.662365
3 7 39.739615 13.892444
3 6 31.677641 49.000000
4 9 29.098038 43.416587
4 7 48.306517 25.961510
5 7 42.626223 41.436699
6 12 39.415211 9.219544
7 10 45.743640 51.613952
8 9 41.661679 27.313001
9 10 32.331802 35.846897
11 12 28.659875 45.099889
