15 19 38000 1205 20
74 69 27.876253 34.317674 29.598873
82 86 34.313724 45.109690 27.403510
93 43 40.152290 41.729549 44.366883
26 23 48.938782 25.364600 34.681047
90 50 37.420040 30.534500 41.406329
20 19 49.465642 32.402872 44.167925
91 26 46.849312 29.823594 29.025856
26 11 40.494151 48.566133 39.428712
37 22 34.043937 29.527405 43.132413
94 31 29.744720 32.220021 27.369258
51 13 29.273177 35.558447 28.675884
85 77 37.028814 34.379199 43.648972
72 56 30.940578 38.631580 27.243585
33 8 39.672310 43.452954 37.250401
9 9 35.535307 43.255842 44.735825
0 11 26.278931 13.601471
0 4 42.284001 24.839485
0 2 37.116322 32.202484
1 9 47.364670 56.293872
1 2 43.136430 44.384682
2 12 37.874087 24.698178
2 6 48.798855 17.117243
2 4 43.259274 7.615773
3 8 41.435672 11.045361
4 11 47.622681 27.459060
4 5 33.680776 76.557168
5 7 36.213161 10.000000
6 9 29.641920 5.830952
7 13 49.858994 7.615773
7 10 31.717418 25.079872
8 10 47.753474 16.643317
10 13 32.885012 18.681542
11 12 26.229700 24.698178
13 14 32.482843 24.020824
