13 17 40600 594 20
93 57 40.770641 33.005712 32.366473
41 71 44.299684 30.979594 37.104020
57 70 42.078462 33.757819 41.341836
91 58 35.828195 47.909881 29.731202
54 58 37.574535 43.920640 43.733022
38 57 44.178919 37.303162 44.180302
91 9 39.866494 32.871714 37.372300
79 51 27.531662 34.838778 49.773468
5 54 27.758013 35.324001 40.489874
16 79 49.901292 26.830065 25.553592
49 93 39.418366 25.940256 30.451604
37 14 40.708077 38.177726 35.460467
82 11 31.647336 26.761976 34.226833
0 12 47.074244 47.296934
0 5 44.444211 55.000000
0 3 30.864216 2.236068
0 2 40.010443 38.275318
0 1 36.435070 53.851648
1 10 30.123153 23.409400
1 3 35.518212 51.662365
3 7 48.999652 13.892444
3 6 43.067592 49.000000
4 9 46.665013 43.416587
4 7 29.612347 25.961510
5 7 36.364084 41.436699
6 12 36.992052 9.219544
7 10 38.632116 51.613952
8 9 36.666141 27.313001
9 10 31.717118 35.846897
11 12 29.925997 45.099889
