15 19 38181 4075 20
74 69 31.044498 48.295048 32.108723
82 86 42.390957 26.878938 30.232717
93 43 46.429369 27.036372 35.120615
26 23 42.086031 45.406642 33.407490
90 50 31.753884 44.042552 47.199090
20 19 49.278013 33.790888 28.740418
91 26 34.067783 48.363681 41.143204
26 11 49.963231 49.011963 38.861398
37 22 49.700389 29.927975 31.020647
94 31 31.592643 30.958953 27.042180
51 13 49.341149 47.247841 43.879807
85 77 46.794908 47.237036 29.323335
72 56 25.925799 30.880392 29.448945
33 8 35.819489 27.823101 36.060352
9 9 49.581120 43.388930 40.746387
0 11 36.895999 13.601471
0 4 44.079254 24.839485
0 2 44.613510 32.202484
1 9 27.157213 56.293872
1 2 29.053625 44.384682
2 12 39.700365 24.698178
2 6 44.838733 17.117243
2 4 48.349382 7.615773
3 8 37.392797 11.045361
4 11 44.543969 27.459060
4 5 33.796419 76.557168
5 7 49.191041 10.000000
6 9 43.122380 5.830952
7 13 36.218165 7.615773
7 10 25.427127 25.079872
8 10 35.513638 16.643317
10 13 35.964759 18.681542
11 12 41.987745 24.698178
13 14 33.051241 24.020824
