9 11 47703 359 20
34 60 19.341773 21.108368 14.343557
68 1 2.021122 13.055137 14.050280
84 62 21.869409 21.237774 7.538681
43 75 3.912462 14.635115 2.073083
39 61 3.697141 10.382150 16.026865
35 58 4.447263 3.855980 21.357939
36 66 24.953803 16.969723 3.222505
66 28 19.252191 11.804398 20.554056
48 43 1.472957 8.796969 13.837380
0 5 7.183517 2.236068
0 4 10.127030 5.099020
1 4 21.545726 66.640828
1 2 3.344345 63.063460
2 8 3.395911 40.706265
2 4 15.902368 45.011110
3 8 3.126934 32.388269
3 5 5.034705 18.788294
4 7 18.573842 42.638011
5 7 14.337484 43.139309
5 6 14.944477 8.062258
