20 27 47400 1341 20
35 45 49.192959 36.236831 26.998892
13 42 25.311906 42.745789 37.342207
33 74 48.866242 41.422204 30.434624
17 73 34.624820 41.770102 48.591158
10 63 25.994665 26.840266 38.101813
81 52 33.629745 46.957130 46.509175
89 62 42.673615 28.760954 38.096813
16 24 48.738885 40.813137 48.577120
49 71 41.061518 41.936591 34.264754
6 25 26.668408 49.985417 26.847982
8 62 29.818986 45.302051 45.531030
25 26 48.479388 41.581361 26.307424
79 71 32.423061 36.137063 43.694060
66 47 49.875945 36.695827 25.380765
34 52 32.972294 39.047923 30.039367
37 23 36.038381 49.665790 29.409270
13 9 48.100031 37.523323 33.425520
61 7 36.084595 27.366453 48.984623
8 64 25.735503 43.271297 32.291307
15 3 43.859513 42.665709 45.329961
0 15 49.737494 22.090722
0 10 26.969153 31.906112
1 16 47.416187 33.000000
1 15 28.564987 30.610456
1 10 43.528710 20.615528
1 9 32.082846 18.384776
1 7 26.318937 18.248288
1 5 38.089856 68.731361
2 13 25.590593 42.638011
2 12 48.353434 46.097722
2 11 29.439021 48.662100
2 3 45.625318 16.031220
4 10 45.840045 2.236068
6 13 26.526756 27.459060
6 12 48.469961 13.453624
7 17 43.211929 48.104054
7 11 34.426967 9.219544
7 10 45.792376 38.832976
8 14 27.883966 24.207437
8 12 37.287316 30.000000
9 18 48.154943 39.051248
9 16 49.153002 17.464249
10 18 42.862237 2.000000
10 13 45.601714 59.908263
12 13 37.580975 27.294688
15 19 29.508095 29.732137
16 19 46.262544 6.324555
