9 11 42135 1776 20
34 60 12.516695 23.911512 15.667595
68 1 19.505197 13.382711 13.115001
84 62 9.201539 1.718288 3.355027
43 75 3.655209 9.274820 3.907714
39 61 8.906756 24.964946 21.304249
35 58 22.122425 8.975251 3.121398
36 66 1.516391 0.614783 23.293333
66 28 3.324562 11.469553 19.415255
48 43 16.581086 13.559436 1.275607
0 5 16.955304 2.236068
0 4 0.280128 5.099020
1 4 19.587395 66.640828
1 2 6.911517 63.063460
2 8 10.033686 40.706265
2 4 18.636058 45.011110
3 8 3.539467 32.388269
3 5 16.194810 18.788294
4 7 11.280121 42.638011
5 7 8.811051 43.139309
5 6 22.973390 8.062258
