9 11 41116 1508 20
34 60 7.374340 8.576281 16.550055
68 1 1.353553 14.031699 2.738485
84 62 20.147906 2.795877 6.308078
43 75 1.581660 23.900510 10.503221
39 61 24.480275 19.092951 17.878554
35 58 15.344548 13.199674 17.304242
36 66 20.880840 10.180447 24.106898
66 28 5.825873 1.202047 16.748442
48 43 19.460725 14.179490 1.538742
0 5 10.603116 2.236068
0 4 5.374437 5.099020
1 4 23.557437 66.640828
1 2 6.573461 63.063460
2 8 12.983736 40.706265
2 4 8.978327 45.011110
3 8 5.237628 32.388269
3 5 19.522626 18.788294
4 7 21.258873 42.638011
5 7 24.256373 43.139309
5 6 2.319036 8.062258
