9 11 50162 511 20
34 60 12.234997 2.720866 13.519179
68 1 22.035049 4.116236 7.842311
84 62 18.616272 3.918006 5.116117
43 75 5.723682 18.541204 24.033255
39 61 3.626945 2.999582 9.286590
35 58 6.893004 24.524223 13.721137
36 66 24.626326 4.445870 15.849445
66 28 1.513564 1.973580 19.835283
48 43 23.172179 15.714824 13.937135
0 5 5.307377 2.236068
0 4 16.057927 5.099020
1 4 10.107020 66.640828
1 2 11.363324 63.063460
2 8 13.649534 40.706265
2 4 24.271062 45.011110
3 8 10.713582 32.388269
3 5 19.721487 18.788294
4 7 24.880808 42.638011
5 7 3.056923 43.139309
5 6 0.640754 8.062258
