20 27 5571 1215 20
35 45 36.500675 37.069153 32.290863
13 42 30.323134 47.515408 42.151835
33 74 38.209592 43.670474 35.333492
17 73 48.204968 27.489257 25.120631
10 63 36.968904 34.201949 26.394426
81 52 37.300633 48.924885 42.162097
89 62 46.255909 48.284487 45.715722
16 24 29.245255 43.227346 29.729171
49 71 29.493434 32.275837 36.495855
6 25 47.641751 41.483996 33.414108
8 62 26.016065 35.572398 29.222785
25 26 28.893488 37.643480 44.496512
79 71 49.938962 48.306262 41.778903
66 47 38.447994 38.983729 45.484848
34 52 30.519079 27.878476 38.743734
37 23 49.378415 31.965060 43.808651
13 9 46.911421 30.237789 28.489044
61 7 25.560656 40.432561 32.613750
8 64 38.468154 49.706194 28.718130
15 3 44.343634 47.624494 31.602053
0 15 41.046199 22.090722
0 10 45.297385 31.906112
1 16 29.242284 33.000000
1 15 29.095447 30.610456
1 10 39.126579 20.615528
1 9 42.520205 18.384776
1 7 31.412336 18.248288
1 5 36.090415 68.731361
2 13 37.029450 42.638011
2 12 25.263679 46.097722
2 11 33.749403 48.662100
2 3 31.544644 16.031220
4 10 47.780628 2.236068
6 13 43.724001 27.459060
6 12 40.738519 13.453624
7 17 36.149497 48.104054
7 11 27.931828 9.219544
7 10 41.256425 38.832976
8 14 49.284140 24.207437
8 12 38.847846 30.000000
9 18 31.040576 39.051248
9 16 44.790042 17.464249
10 18 25.783173 2.000000
10 13 46.375835 59.908263
12 13 32.227843 27.294688
15 19 40.744860 29.732137
16 19 47.707441 6.324555
