12 13 45714 1275 20
63 85 41.570079 49.145557 45.821523
89 66 26.560868 45.322105 47.963261
57 26 28.038551 44.459110 43.171390
63 41 30.462212 48.392257 31.393590
42 11 49.944677 40.644539 32.175012
72 60 27.819872 39.779691 41.846517
19 21 32.151432 45.049129 44.597206
67 52 49.354679 36.658794 26.211148
21 55 49.311917 36.107378 28.121613
12 47 38.995936 28.824306 44.343714
8 53 36.691747 38.444742 39.900116
52 75 32.079916 32.690382 38.785553
0 11 36.542713 14.866069
0 10 33.501680 63.631753
0 8 46.277214 51.613952
1 11 37.091392 38.078866
1 8 31.809727 68.883960
1 5 30.535674 18.027756
1 4 45.753807 72.346389
1 3 28.663202 36.069378
2 4 48.499204 21.213203
3 7 43.804765 11.704700
6 10 40.819537 33.837849
7 9 36.448527 55.226805
9 10 30.334298 7.211103
