13 17 5714 1179 20
93 57 49.531024 38.502958 38.484572
41 71 39.543207 48.817377 36.453088
57 70 27.129243 45.915465 26.455381
91 58 25.756764 45.698660 25.376288
54 58 44.851273 30.869767 37.406499
38 57 30.741805 38.846961 40.737590
91 9 31.380846 29.776786 31.899148
79 51 35.220010 48.865392 37.457163
5 54 43.458269 45.165754 40.710203
16 79 33.304801 42.459114 45.510978
49 93 45.492688 43.561953 34.353659
37 14 33.337719 37.750165 41.291961
82 11 44.295001 34.097596 49.349422
0 12 25.216011 47.296934
0 5 49.877205 55.000000
0 3 36.784872 2.236068
0 2 28.663733 38.275318
0 1 36.587186 53.851648
1 10 26.732302 23.409400
1 3 26.437078 51.662365
3 7 28.135906 13.892444
3 6 26.766713 49.000000
4 9 29.275736 43.416587
4 7 30.715390 25.961510
5 7 39.299730 41.436699
6 12 34.954212 9.219544
7 10 36.671639 51.613952
8 9 37.850803 27.313001
9 10 33.051742 35.846897
11 12 41.073963 45.099889
