13 17 7000 886 20
93 57 26.014914 32.001211 28.168602
41 71 28.854670 39.151670 43.111410
57 70 25.434247 42.916171 38.135943
91 58 36.302111 42.563192 31.789331
54 58 36.930392 47.450676 44.865718
38 57 25.873414 26.342632 49.378092
91 9 28.352131 47.289888 42.221588
79 51 25.772734 29.130763 49.322046
5 54 32.538907 39.224432 37.082665
16 79 25.568334 41.656042 28.368686
49 93 48.325486 32.720139 25.412234
37 14 48.739319 44.729661 49.613783
82 11 25.056778 35.217780 30.427097
0 12 40.166069 47.296934
0 5 35.123570 55.000000
0 3 31.602954 2.236068
0 2 31.836123 38.275318
0 1 40.078985 53.851648
1 10 35.959800 23.409400
1 3 47.508970 51.662365
3 7 41.875178 13.892444
3 6 38.125561 49.000000
4 9 46.749823 43.416587
4 7 49.301751 25.961510
5 7 43.662601 41.436699
6 12 47.967559 9.219544
7 10 28.431771 51.613952
8 9 33.190665 27.313001
9 10 33.740518 35.846897
11 12 26.474459 45.099889
