9 11 7315 698 20
34 60 18.135126 1.206860 1.634812
68 1 10.335818 9.899536 11.534816
84 62 8.499095 20.916292 10.706642
43 75 16.440107 15.140136 15.161815
39 61 18.575737 7.499664 7.501956
35 58 12.024458 10.621115 13.441363
36 66 6.923405 23.454274 15.928878
66 28 1.212869 1.175508 16.605608
48 43 13.553316 20.640671 0.879864
0 5 15.067936 2.236068
0 4 10.915309 5.099020
1 4 24.730282 66.640828
1 2 20.529279 63.063460
2 8 20.153142 40.706265
2 4 21.997588 45.011110
3 8 3.093885 32.388269
3 5 7.192968 18.788294
4 7 5.192927 42.638011
5 7 15.714184 43.139309
5 6 22.765042 8.062258
