17 23 6428 4006 20
67 59 26.162794 46.796227 45.325271
88 63 45.111249 35.583216 46.890743
30 29 37.939340 46.039616 42.544826
35 20 26.670819 47.592116 28.891031
48 64 25.654720 34.920467 47.144423
68 37 25.976756 32.376006 49.388656
95 50 44.834341 37.620876 31.947423
4 22 49.076189 29.046764 37.908563
17 8 42.577409 44.456234 25.654273
80 87 26.769763 47.219773 27.571414
99 85 44.636159 44.522492 42.777121
73 64 40.922419 31.414671 37.257041
5 9 35.286001 35.886118 29.164291
95 92 27.574905 40.526090 49.849154
12 12 36.615564 48.142493 41.594257
25 65 43.832088 42.741081 36.998297
32 54 27.564972 29.882664 37.856720
0 16 25.842974 35.355339
0 1 29.767742 21.377558
1 15 26.370089 63.031738
1 9 48.654043 25.298221
1 6 25.777299 14.764823
2 14 37.331816 24.758837
2 9 45.459780 76.576759
2 3 33.780535 10.295630
3 14 28.002082 24.351591
3 8 35.070902 21.633308
3 6 26.113647 67.082039
4 16 31.254063 18.867962
4 15 39.806201 23.021729
5 13 44.973835 61.269895
5 11 29.642221 27.459060
7 16 31.990861 42.520583
7 12 38.893379 13.038405
9 16 41.852582 58.249464
9 11 36.179883 24.041631
9 10 26.904771 19.104973
10 13 45.124234 8.062258
12 14 27.827219 7.615773
14 16 45.711559 46.518813
