10 10 7222 1085 20
13 81 46.349213 44.519775 35.732166
80 78 46.823685 44.472972 35.423495
22 73 33.220647 25.380714 40.109200
85 16 36.961505 39.868470 42.734700
50 19 40.012115 47.705236 48.914574
8 50 31.501192 40.553683 31.957104
73 85 47.759865 38.006664 39.057118
71 58 49.838495 49.438399 41.895034
79 14 37.289082 26.785647 47.872549
79 82 27.936730 41.431902 29.049060
0 2 36.457921 12.041595
1 9 30.615753 4.123106
1 6 28.318195 9.899495
2 8 35.970898 82.036577
2 7 39.358558 51.244512
3 8 35.378283 6.324555
4 9 36.054636 69.354164
5 8 44.004755 79.605276
6 9 35.072885 6.708204
7 9 26.209958 25.298221
