9 11 6637 1269 20
34 60 15.599447 15.026187 15.179840
68 1 13.351235 6.388372 21.639129
84 62 13.432418 5.515386 12.580476
43 75 11.937820 11.163229 18.028362
39 61 15.078796 13.473212 22.273537
35 58 8.975915 13.845120 4.145830
36 66 2.310134 18.347703 24.333983
66 28 3.384227 7.889821 9.143403
48 43 21.080938 24.563851 10.221473
0 5 16.864971 2.236068
0 4 21.455931 5.099020
1 4 2.171744 66.640828
1 2 9.681595 63.063460
2 8 4.329539 40.706265
2 4 3.521628 45.011110
3 8 0.592025 32.388269
3 5 15.457453 18.788294
4 7 23.460892 42.638011
5 7 19.280795 43.139309
5 6 17.148490 8.062258
