16 22 6571 969 20
21 24 40.099574 39.766403 27.485288
48 36 25.666158 45.471053 25.233082
61 43 40.840786 27.039623 27.845413
20 65 43.807408 40.746511 36.609865
45 8 49.368784 32.624948 40.428470
62 16 42.339743 34.342637 31.927245
79 31 30.483250 34.456673 49.152019
37 37 41.573246 49.412953 42.820187
57 51 42.151580 33.876561 41.599399
28 71 25.142225 41.505743 27.642626
4 34 46.478303 38.249823 35.155262
12 12 44.989709 28.565807 44.623480
60 41 30.091917 45.619762 47.573966
98 82 47.952917 27.634058 39.609006
44 26 40.831216 32.889252 42.184379
75 47 45.927899 33.851072 40.386063
0 11 44.029248 15.000000
0 3 41.558900 41.012193
1 12 48.813460 13.000000
1 9 39.060453 40.311289
1 3 27.145166 40.311289
1 2 33.746856 14.764823
2 15 48.588305 14.560220
2 12 44.575129 2.236068
2 8 44.611079 8.944272
2 5 39.906922 27.018512
2 4 43.323656 38.483763
3 14 44.801250 45.793013
3 11 47.410927 53.600373
5 14 30.365199 20.591260
6 14 33.331435 35.355339
7 14 26.617257 13.038405
8 14 45.783572 28.178006
8 13 25.065581 51.400389
9 10 49.618822 44.102154
10 15 31.134901 72.180330
10 11 49.117060 23.409400
12 15 27.065414 16.155494
