10 10 666 877 20
13 81 29.514405 45.548240 40.980189
80 78 48.003026 35.799547 31.984446
22 73 36.196771 44.323030 47.653958
85 16 49.540308 44.264361 36.086372
50 19 34.057071 43.487729 46.049965
8 50 33.241099 47.619383 43.488276
73 85 43.480482 27.713758 45.306195
71 58 33.536153 34.005448 43.463016
79 14 48.299097 37.028333 38.902901
79 82 40.943505 30.071602 30.834889
0 2 44.807374 12.041595
1 9 28.816687 4.123106
1 6 49.855020 9.899495
2 8 47.951011 82.036577
2 7 33.582454 51.244512
3 8 33.593684 6.324555
4 9 40.185400 69.354164
5 8 31.330618 79.605276
6 9 43.045008 6.708204
7 9 32.388410 25.298221
