10 10 6285 588 20
13 81 26.506099 44.850381 35.253681
80 78 49.818287 27.327255 39.206634
22 73 38.198639 37.552831 48.840506
85 16 26.171584 34.482456 29.804501
50 19 37.434527 38.976941 45.736032
8 50 36.381027 28.691489 47.771882
73 85 48.971792 45.182710 42.799610
71 58 34.942630 48.255377 49.888651
79 14 37.375006 49.123787 42.438691
79 82 36.220988 48.776225 48.657174
0 2 28.846630 12.041595
1 9 28.932347 4.123106
1 6 36.611547 9.899495
2 8 35.956275 82.036577
2 7 35.371534 51.244512
3 8 39.361349 6.324555
4 9 45.467972 69.354164
5 8 40.234526 79.605276
6 9 41.834641 6.708204
7 9 28.115972 25.298221
