12 13 6857 2291 20
63 85 42.904162 25.136300 47.415970
89 66 44.983668 40.339117 34.598474
57 26 31.072020 34.292540 47.570728
63 41 29.688317 39.603998 33.362410
42 11 47.886438 46.322452 33.660038
72 60 41.101574 27.403703 43.269645
19 21 32.522552 46.655993 36.291231
67 52 46.865663 36.432760 27.032644
21 55 48.621744 41.050641 37.700053
12 47 32.905342 40.536970 29.683015
8 53 33.377773 45.982740 31.133778
52 75 31.552287 31.368768 35.819642
0 11 46.429695 14.866069
0 10 47.806597 63.631753
0 8 37.195481 51.613952
1 11 31.640262 38.078866
1 8 35.921313 68.883960
1 5 46.602151 18.027756
1 4 27.514900 72.346389
1 3 47.416007 36.069378
2 4 38.283268 21.213203
3 7 30.169917 11.704700
6 10 47.922684 33.837849
7 9 33.854993 55.226805
9 10 48.875688 7.211103
