10 10 6000 4027 20
13 81 47.576621 49.886643 47.779107
80 78 27.085135 45.369748 45.994913
22 73 37.472900 34.591361 34.277353
85 16 25.932141 48.707462 41.709558
50 19 38.602585 48.361919 28.786327
8 50 35.202822 26.588762 43.932820
73 85 34.446165 35.230262 48.673111
71 58 41.616046 44.574784 42.003361
79 14 47.721119 32.252659 34.431775
79 82 29.932414 37.946443 38.675827
0 2 41.867955 12.041595
1 9 28.669525 4.123106
1 6 37.654171 9.899495
2 8 41.200629 82.036577
2 7 32.128351 51.244512
3 8 46.835877 6.324555
4 9 43.358875 69.354164
5 8 42.405651 79.605276
6 9 27.736334 6.708204
7 9 35.289818 25.298221
