14 16 6714 2663 20
12 12 28.523056 27.891368 45.450921
25 65 43.228176 42.285212 34.818283
32 54 43.850356 27.826247 43.831396
42 97 47.728597 25.943747 35.845866
71 86 38.147449 40.491569 33.425747
83 71 40.659642 37.653379 49.999129
52 2 36.784494 48.120622 36.510143
63 71 43.421186 43.074963 28.599546
35 97 36.695795 36.237437 36.099003
54 84 49.479339 34.204162 35.018699
85 90 27.676410 45.586165 38.358588
20 37 47.890790 40.493069 26.896259
87 86 35.475178 28.915953 34.706167
18 36 37.470706 28.717963 38.091742
0 13 37.915717 24.738634
0 2 44.573037 46.518813
1 9 32.181473 34.669872
1 4 47.596954 50.566788
2 11 29.745699 20.808652
2 10 28.656221 64.070274
2 3 32.410905 44.147480
4 12 34.566833 16.000000
4 5 28.780138 19.209373
5 6 39.138775 75.643903
7 12 25.514107 28.301943
7 11 38.294074 54.817880
7 9 43.665109 15.811388
8 12 35.530895 53.150729
8 10 47.052912 50.487622
10 12 38.941187 4.472136
