10 10 5857 1460 20
13 81 35.819886 43.367408 33.390766
80 78 25.176008 46.182835 42.624120
22 73 42.642704 26.002452 49.732268
85 16 37.046278 34.843287 30.472485
50 19 32.359091 47.664533 27.627152
8 50 49.273608 37.895811 47.507119
73 85 30.251460 45.319446 28.425816
71 58 48.538185 29.553950 35.756682
79 14 26.605392 37.091125 34.620660
79 82 28.321183 32.891489 45.085529
0 2 27.159206 12.041595
1 9 39.268400 4.123106
1 6 27.780890 9.899495
2 8 32.877308 82.036577
2 7 35.699531 51.244512
3 8 43.693682 6.324555
4 9 45.901888 69.354164
5 8 48.252304 79.605276
6 9 43.956552 6.708204
7 9 27.817171 25.298221
