9 11 7346 987 20
34 60 2.849273 12.483108 18.434906
68 1 9.277132 24.797798 19.352331
84 62 11.609625 2.358224 17.483328
43 75 6.102779 23.434515 12.907065
39 61 10.283510 3.621364 14.979354
35 58 18.587438 1.515082 19.881097
36 66 6.918376 19.559375 19.837159
66 28 24.690246 22.150625 12.907241
48 43 24.570804 13.672692 21.324475
0 5 15.186745 2.236068
0 4 15.991267 5.099020
1 4 8.208038 66.640828
1 2 8.744400 63.063460
2 8 15.526805 40.706265
2 4 22.705593 45.011110
3 8 8.648292 32.388269
3 5 20.441756 18.788294
4 7 1.281539 42.638011
5 7 10.928813 43.139309
5 6 17.143512 8.062258
