9 11 8090 728 20
34 60 12.875589 21.719374 17.980918
68 1 23.832111 11.610548 3.431367
84 62 7.576621 19.563889 5.665969
43 75 3.010791 17.372923 23.564135
39 61 17.429792 11.195050 9.191811
35 58 6.332033 3.472813 8.806501
36 66 0.649814 6.767424 12.570331
66 28 13.721515 11.415857 9.120827
48 43 4.269779 11.416527 13.742722
0 5 16.520007 2.236068
0 4 18.836833 5.099020
1 4 7.038206 66.640828
1 2 13.453766 63.063460
2 8 0.735545 40.706265
2 4 22.603780 45.011110
3 8 24.824062 32.388269
3 5 13.777342 18.788294
4 7 21.265042 42.638011
5 7 14.073214 43.139309
5 6 19.559777 8.062258
