9 11 9547 1678 20
34 60 20.820449 1.088602 14.879105
68 1 14.115135 6.358583 18.753520
84 62 3.945706 4.240537 7.690620
43 75 2.964525 19.781623 9.794712
39 61 24.730409 23.232880 13.853231
35 58 8.280132 8.762504 17.317836
36 66 1.609652 15.619606 13.907786
66 28 12.329449 11.215079 21.786151
48 43 6.343846 24.328423 4.035252
0 5 24.734282 2.236068
0 4 6.675133 5.099020
1 4 2.931289 66.640828
1 2 18.807426 63.063460
2 8 4.696907 40.706265
2 4 8.701498 45.011110
3 8 9.063304 32.388269
3 5 9.875189 18.788294
4 7 5.574428 42.638011
5 7 20.904994 43.139309
5 6 24.526552 8.062258
