13 17 7666 1840 20
93 57 44.814699 33.507083 48.952207
41 71 43.427445 27.792194 34.566137
57 70 41.809813 30.351044 33.166060
91 58 27.705266 32.814811 47.093635
54 58 29.461184 37.753805 35.926434
38 57 39.706561 29.584040 39.387317
91 9 36.496680 49.142945 25.439381
79 51 36.771446 49.009865 42.493405
5 54 43.442563 36.653029 35.805541
16 79 41.206189 27.874855 41.188303
49 93 35.225143 29.512842 43.717562
37 14 38.485254 28.852317 33.101991
82 11 25.013190 33.793738 31.767355
0 12 28.952866 47.296934
0 5 28.479051 55.000000
0 3 33.174169 2.236068
0 2 34.860687 38.275318
0 1 29.542664 53.851648
1 10 42.269237 23.409400
1 3 36.055844 51.662365
3 7 34.720983 13.892444
3 6 44.624289 49.000000
4 9 30.133911 43.416587
4 7 33.693553 25.961510
5 7 48.164570 41.436699
6 12 30.145091 9.219544
7 10 43.111450 51.613952
8 9 41.052530 27.313001
9 10 33.840357 35.846897
11 12 45.266565 45.099889
