12 13 7777 1152 20
63 85 37.700424 27.724576 47.242204
89 66 28.448803 36.615204 38.081025
57 26 48.919349 34.537117 48.297275
63 41 48.886932 35.724059 26.167265
42 11 30.007978 27.724875 31.100917
72 60 34.134527 27.686966 33.950445
19 21 38.516548 34.484668 38.977605
67 52 37.088943 42.627007 48.927724
21 55 49.498605 43.219723 25.745275
12 47 40.871219 42.552266 36.348203
8 53 46.694213 31.437832 40.341608
52 75 37.211997 42.823863 41.356157
0 11 39.697475 14.866069
0 10 28.214720 63.631753
0 8 34.145325 51.613952
1 11 25.649572 38.078866
1 8 40.572427 68.883960
1 5 33.561775 18.027756
1 4 49.335058 72.346389
1 3 43.791336 36.069378
2 4 47.652705 21.213203
3 7 45.883499 11.704700
6 10 46.209305 33.837849
7 9 44.969954 55.226805
9 10 40.716941 7.211103
