9 11 8590 1034 20
34 60 21.409761 15.797613 23.418469
68 1 15.750159 7.421239 1.861399
84 62 10.157797 0.007330 5.780555
43 75 12.404779 0.981139 12.003722
39 61 23.355424 10.092374 7.719663
35 58 14.478431 13.285289 1.087238
36 66 3.172443 7.350576 17.945506
66 28 24.773975 12.380818 16.263402
48 43 0.897880 14.752103 16.747607
0 5 12.723581 2.236068
0 4 19.217749 5.099020
1 4 23.906376 66.640828
1 2 16.578345 63.063460
2 8 19.853418 40.706265
2 4 19.784493 45.011110
3 8 7.837384 32.388269
3 5 0.837711 18.788294
4 7 15.939408 42.638011
5 7 2.096697 43.139309
5 6 1.120566 8.062258
