9 11 8402 275 20
34 60 15.683497 20.540246 11.165593
68 1 12.330860 14.020128 13.843378
84 62 11.152713 7.264649 5.719943
43 75 22.058683 8.715130 9.419566
39 61 3.034182 15.369250 0.586463
35 58 9.580256 17.244895 24.051563
36 66 10.623006 23.607864 2.051528
66 28 20.996959 1.170182 24.178833
48 43 6.727416 14.294995 9.708718
0 5 12.201769 2.236068
0 4 15.951411 5.099020
1 4 18.681424 66.640828
1 2 16.558083 63.063460
2 8 11.675651 40.706265
2 4 4.244521 45.011110
3 8 22.185322 32.388269
3 5 24.765432 18.788294
4 7 0.214929 42.638011
5 7 23.697349 43.139309
5 6 18.394084 8.062258
