10 10 777 6867 20
13 81 48.283070 41.724101 32.897832
80 78 25.297195 39.541590 27.571177
22 73 45.153404 34.956534 30.846739
85 16 28.305888 33.146137 45.020335
50 19 34.991076 30.470829 27.354552
8 50 37.158482 47.238244 41.125436
73 85 49.374314 39.071838 33.523389
71 58 25.252001 41.168128 45.564054
79 14 49.439152 38.909846 26.058312
79 82 37.148514 25.350437 37.027826
0 2 37.284425 12.041595
1 9 37.347408 4.123106
1 6 48.142053 9.899495
2 8 35.259521 82.036577
2 7 49.839930 51.244512
3 8 35.634950 6.324555
4 9 34.946217 69.354164
5 8 43.079991 79.605276
6 9 37.112667 6.708204
7 9 37.276709 25.298221
