11 10 8000 852 20
86 55 30.383278 27.844812 46.595093
78 84 28.602250 28.550305 38.052049
26 30 48.972134 49.984811 37.997580
88 39 30.622694 31.763878 31.744144
6 66 43.482300 47.650437 37.568047
58 57 28.712942 41.824043 42.251656
63 87 41.565159 47.614411 47.327794
78 66 32.270407 44.391081 38.070699
48 98 44.101698 41.956205 31.132862
95 45 39.181330 42.406794 45.114618
56 85 36.836591 36.626436 43.993712
0 9 33.889378 13.453624
0 5 36.158345 28.071338
1 8 47.105776 33.105891
2 9 49.290101 70.611614
2 4 46.181063 41.182521
2 3 41.365050 62.649820
4 8 36.445533 52.801515
6 9 44.912358 52.801515
6 7 34.089739 25.806976
8 10 40.928794 15.264338
