14 16 7333 2823 20
12 12 38.516678 46.808695 35.526332
25 65 33.619254 30.383238 35.894766
32 54 41.402774 47.478848 40.906365
42 97 25.898731 29.257209 43.350951
71 86 36.088444 34.707214 31.513382
83 71 39.560796 40.268910 28.080693
52 2 47.058051 28.327503 42.422206
63 71 42.753781 37.551683 39.888589
35 97 42.871046 48.972072 48.654135
54 84 25.814035 41.203225 47.902577
85 90 46.396249 39.656855 41.001728
20 37 47.558364 47.033410 26.753191
87 86 30.215555 36.328253 37.780627
18 36 31.645634 25.921792 29.176213
0 13 25.248105 24.738634
0 2 46.466191 46.518813
1 9 40.789241 34.669872
1 4 25.927654 50.566788
2 11 32.647055 20.808652
2 10 39.978021 64.070274
2 3 29.073073 44.147480
4 12 42.790298 16.000000
4 5 38.154995 19.209373
5 6 29.223521 75.643903
7 12 45.340963 28.301943
7 11 37.151366 54.817880
7 9 29.595073 15.811388
8 12 31.313592 53.150729
8 10 48.438308 50.487622
10 12 25.360172 4.472136
