15 19 7444 1910 20
74 69 33.132740 34.031917 32.054257
82 86 31.052862 30.835747 43.838063
93 43 32.509571 48.888277 32.255097
26 23 34.604265 30.927451 30.708859
90 50 40.379727 43.731114 38.107120
20 19 45.315897 37.162874 49.929446
91 26 26.491450 28.126553 38.274984
26 11 45.227597 38.679215 35.849024
37 22 29.057454 43.416590 49.694967
94 31 37.792078 32.306225 48.755563
51 13 42.343369 49.890048 37.070908
85 77 25.320471 49.517865 40.461249
72 56 49.903162 40.095855 41.876444
33 8 41.696771 40.198816 42.355236
9 9 33.352327 39.719190 25.846947
0 11 46.783041 13.601471
0 4 47.196430 24.839485
0 2 42.499104 32.202484
1 9 37.517816 56.293872
1 2 41.082392 44.384682
2 12 36.754822 24.698178
2 6 39.969503 17.117243
2 4 28.783196 7.615773
3 8 47.217314 11.045361
4 11 49.234143 27.459060
4 5 35.751916 76.557168
5 7 42.988950 10.000000
6 9 47.246693 5.830952
7 13 26.813564 7.615773
7 10 46.879786 25.079872
8 10 37.011198 16.643317
10 13 48.227605 18.681542
11 12 27.778693 24.698178
13 14 30.628931 24.020824
