9 11 8462 1250 20
34 60 20.163725 20.449034 14.983541
68 1 16.003490 14.301638 21.367133
84 62 21.828156 13.015633 14.426917
43 75 16.754562 7.526261 18.882064
39 61 10.716450 12.172812 7.666133
35 58 23.308655 1.890787 3.505792
36 66 23.238902 9.870029 23.843807
66 28 19.669962 10.005166 23.668415
48 43 10.080854 6.899108 6.402969
0 5 8.426722 2.236068
0 4 22.311638 5.099020
1 4 20.620979 66.640828
1 2 8.293517 63.063460
2 8 1.412021 40.706265
2 4 11.627344 45.011110
3 8 12.144060 32.388269
3 5 15.496322 18.788294
4 7 10.448238 42.638011
5 7 14.484463 43.139309
5 6 2.128340 8.062258
