10 10 8200 1133 20
13 81 27.670434 39.757231 28.666419
80 78 40.874391 44.677541 46.164693
22 73 38.391893 45.775142 44.582519
85 16 36.736673 49.949796 46.565514
50 19 47.048355 37.463025 27.510266
8 50 38.870282 43.523588 29.112943
73 85 30.203054 48.768005 41.703873
71 58 27.032728 49.941304 32.191345
79 14 37.923087 47.490139 28.336553
79 82 39.804310 44.006918 37.078963
0 2 32.088989 12.041595
1 9 42.089727 4.123106
1 6 38.715993 9.899495
2 8 34.034569 82.036577
2 7 30.829737 51.244512
3 8 48.268237 6.324555
4 9 45.895556 69.354164
5 8 38.971262 79.605276
6 9 44.703220 6.708204
7 9 29.708477 25.298221
