9 11 7938 296 20
34 60 3.456119 1.111434 13.344282
68 1 0.934743 23.988593 6.465022
84 62 9.603541 6.687339 18.062525
43 75 4.577764 24.900807 23.040342
39 61 15.515250 5.177500 20.821005
35 58 15.186705 11.467543 19.273014
36 66 22.240496 1.293405 21.440948
66 28 14.691098 16.743273 6.900825
48 43 1.321604 5.484662 12.638038
0 5 8.216867 2.236068
0 4 17.457608 5.099020
1 4 10.807694 66.640828
1 2 21.521961 63.063460
2 8 9.802757 40.706265
2 4 4.516404 45.011110
3 8 17.009851 32.388269
3 5 5.510185 18.788294
4 7 24.406854 42.638011
5 7 23.752650 43.139309
5 6 1.134921 8.062258
