11 10 8400 2830 20
86 55 47.847867 30.083546 38.284991
78 84 43.118432 43.113685 28.179783
26 30 30.638492 43.768650 39.996716
88 39 29.227836 48.724581 36.163639
6 66 48.965317 46.428231 28.501405
58 57 44.269751 32.514515 26.205566
63 87 33.847658 31.871491 35.434052
78 66 36.123297 30.456426 27.232783
48 98 25.347303 42.415583 39.417510
95 45 48.985938 34.718197 41.686367
56 85 37.453283 46.907977 25.024408
0 9 46.817497 13.453624
0 5 42.580016 28.071338
1 8 30.895928 33.105891
2 9 33.051698 70.611614
2 4 26.051932 41.182521
2 3 43.396413 62.649820
4 8 36.119688 52.801515
6 9 33.441563 52.801515
6 7 39.383693 25.806976
8 10 29.263581 15.264338
