12 13 7555 639 20
63 85 42.792647 35.902212 47.325255
89 66 41.750964 33.232356 40.107081
57 26 39.426020 34.287519 44.345184
63 41 45.946806 40.249406 40.531614
42 11 35.754984 26.110835 30.181962
72 60 41.051753 48.614817 41.147292
19 21 40.779894 42.350184 30.994940
67 52 40.876406 30.287804 35.107547
21 55 25.652989 43.559523 44.116261
12 47 38.611586 38.264404 31.195810
8 53 37.867237 39.330747 27.813564
52 75 35.936555 25.766926 33.801010
0 11 46.893567 14.866069
0 10 48.138385 63.631753
0 8 47.053968 51.613952
1 11 32.886059 38.078866
1 8 40.148633 68.883960
1 5 32.225439 18.027756
1 4 35.871809 72.346389
1 3 35.298743 36.069378
2 4 29.249147 21.213203
3 7 32.916364 11.704700
6 10 47.149043 33.837849
7 9 48.295873 55.226805
9 10 38.648940 7.211103
