9 11 8007 465 20
34 60 3.733515 14.620136 19.372539
68 1 0.360200 15.245585 14.689919
84 62 20.568780 0.533564 7.903899
43 75 6.772853 20.373882 6.940663
39 61 13.577839 10.190551 13.275065
35 58 6.093835 0.352583 15.500237
36 66 16.129234 10.153032 12.334894
66 28 21.807582 5.519822 10.149252
48 43 1.800897 8.396151 2.302208
0 5 9.982773 2.236068
0 4 22.217586 5.099020
1 4 24.063175 66.640828
1 2 21.108906 63.063460
2 8 4.060276 40.706265
2 4 16.082586 45.011110
3 8 24.318572 32.388269
3 5 6.325417 18.788294
4 7 15.197504 42.638011
5 7 9.433438 43.139309
5 6 18.734942 8.062258
