11 10 8300 3118 20
86 55 25.899308 30.631494 27.495357
78 84 48.809571 37.002477 47.593439
26 30 40.176172 47.067623 26.664608
88 39 48.075842 41.220586 40.403877
6 66 28.091795 29.332237 30.272352
58 57 47.920068 25.477217 48.283551
63 87 36.193034 47.251363 42.405677
78 66 37.445171 49.861683 32.115373
48 98 49.469335 28.312621 35.271945
95 45 38.708699 34.847292 32.096494
56 85 38.035426 45.327636 30.227542
0 9 29.867686 13.453624
0 5 44.983211 28.071338
1 8 48.502821 33.105891
2 9 31.832105 70.611614
2 4 37.389468 41.182521
2 3 38.107529 62.649820
4 8 40.216712 52.801515
6 9 35.771266 52.801515
6 7 37.624666 25.806976
8 10 39.143389 15.264338
