9 11 8473 511 20
34 60 8.747361 17.164240 22.943505
68 1 5.180290 0.653661 5.437814
84 62 15.820206 11.997936 12.230877
43 75 14.820163 2.959509 7.121906
39 61 12.506693 22.282074 24.513906
35 58 1.389559 0.658071 3.150117
36 66 2.653371 6.509572 21.763451
66 28 2.339060 9.535530 8.082629
48 43 14.727970 4.792190 19.905712
0 5 20.999894 2.236068
0 4 17.027207 5.099020
1 4 18.055665 66.640828
1 2 24.457080 63.063460
2 8 24.709221 40.706265
2 4 13.988692 45.011110
3 8 10.718913 32.388269
3 5 20.127853 18.788294
4 7 18.029615 42.638011
5 7 10.193350 43.139309
5 6 1.024259 8.062258
