14 16 7888 1464 20
12 12 34.195829 44.472937 26.651410
25 65 41.063246 33.544297 38.613848
32 54 40.670532 29.160194 41.334373
42 97 30.304101 48.624224 46.922874
71 86 34.452703 43.189562 40.835038
83 71 46.426296 36.270860 35.835765
52 2 47.093702 45.522062 32.028861
63 71 32.576222 25.797745 25.424177
35 97 31.622177 34.397951 31.298113
54 84 35.231470 28.122902 35.112576
85 90 32.882037 48.291819 39.092577
20 37 45.914736 45.945184 38.655105
87 86 35.658337 32.232639 44.134005
18 36 38.138970 25.011559 29.690504
0 13 33.188807 24.738634
0 2 46.235653 46.518813
1 9 26.551594 34.669872
1 4 27.062497 50.566788
2 11 41.552165 20.808652
2 10 45.366198 64.070274
2 3 37.463075 44.147480
4 12 33.427069 16.000000
4 5 29.863110 19.209373
5 6 28.054053 75.643903
7 12 42.232090 28.301943
7 11 47.129780 54.817880
7 9 28.929060 15.811388
8 12 47.429456 53.150729
8 10 48.479935 50.487622
10 12 28.507410 4.472136
