9 11 10040 556 20
34 60 14.904974 18.275598 5.751351
68 1 18.335479 22.414629 1.314949
84 62 0.854827 24.645200 23.753136
43 75 23.007067 10.009712 15.900817
39 61 4.855910 18.733873 21.169551
35 58 3.253461 14.257921 18.685577
36 66 5.183864 21.275405 21.473282
66 28 9.860985 10.637461 12.599286
48 43 5.791196 9.319102 9.969047
0 5 20.156723 2.236068
0 4 2.222836 5.099020
1 4 9.278387 66.640828
1 2 12.340459 63.063460
2 8 8.290930 40.706265
2 4 15.306680 45.011110
3 8 17.115325 32.388269
3 5 22.006250 18.788294
4 7 20.882178 42.638011
5 7 5.986796 43.139309
5 6 21.132132 8.062258
