9 11 9356 2014 20
34 60 15.602391 23.985844 14.230624
68 1 23.781860 19.445869 6.865073
84 62 19.916418 2.642680 18.747109
43 75 20.787926 15.387862 9.672267
39 61 21.340625 3.438025 22.574934
35 58 8.378975 19.625776 3.413262
36 66 3.117052 17.043042 15.345139
66 28 7.296511 24.894255 0.501634
48 43 3.592595 0.182943 24.913500
0 5 10.079206 2.236068
0 4 11.300903 5.099020
1 4 20.590662 66.640828
1 2 13.701091 63.063460
2 8 3.058249 40.706265
2 4 12.682924 45.011110
3 8 3.617052 32.388269
3 5 7.992661 18.788294
4 7 6.677527 42.638011
5 7 21.395407 43.139309
5 6 20.351503 8.062258
