12 13 9000 890 20
63 85 36.902825 37.534269 29.325059
89 66 39.507129 41.521110 42.968206
57 26 45.048227 27.622542 48.147484
63 41 31.055549 31.240984 27.931641
42 11 33.393532 36.294685 32.036639
72 60 47.939472 39.759997 27.071255
19 21 30.925129 28.262057 48.070365
67 52 37.350554 36.276715 27.823649
21 55 48.456802 49.075760 46.833866
12 47 39.864854 29.881211 33.997161
8 53 28.340810 35.574802 48.494521
52 75 29.315636 26.005194 39.186281
0 11 39.621587 14.866069
0 10 28.506007 63.631753
0 8 49.444975 51.613952
1 11 37.757421 38.078866
1 8 49.971295 68.883960
1 5 47.973479 18.027756
1 4 28.366884 72.346389
1 3 46.900825 36.069378
2 4 28.369576 21.213203
3 7 28.048061 11.704700
6 10 29.786397 33.837849
7 9 31.687467 55.226805
9 10 40.125079 7.211103
