15 19 9555 771 20
74 69 26.253058 32.343867 35.836845
82 86 45.620569 41.032135 33.766154
93 43 43.392188 41.621335 31.997311
26 23 28.895250 34.655735 25.292134
90 50 37.897572 40.526640 34.107762
20 19 40.170215 33.168335 41.753771
91 26 38.359216 29.915197 32.865976
26 11 34.079780 36.930681 32.346527
37 22 30.749006 28.091919 35.846011
94 31 42.972221 27.854460 40.952311
51 13 48.659328 46.094400 37.969411
85 77 41.961883 32.634892 30.980102
72 56 32.678658 31.656957 28.770513
33 8 36.821162 36.321022 37.570857
9 9 36.282635 44.485634 41.239629
0 11 47.237867 13.601471
0 4 44.835859 24.839485
0 2 49.724466 32.202484
1 9 38.466066 56.293872
1 2 39.584245 44.384682
2 12 39.227091 24.698178
2 6 30.354343 17.117243
2 4 36.835037 7.615773
3 8 29.465229 11.045361
4 11 42.575933 27.459060
4 5 34.335682 76.557168
5 7 36.570888 10.000000
6 9 30.056115 5.830952
7 13 42.796974 7.615773
7 10 39.550870 25.079872
8 10 42.276426 16.643317
10 13 29.205239 18.681542
11 12 41.009819 24.698178
13 14 37.705296 24.020824
