15 19 8500 1335 20
74 69 26.848136 32.859432 40.142295
82 86 28.769901 39.876161 35.540497
93 43 39.710648 40.832057 30.921296
26 23 36.350482 36.752159 25.766815
90 50 43.421727 37.128755 46.730847
20 19 37.302998 41.405321 44.770392
91 26 35.682600 34.309345 26.182011
26 11 46.966912 35.976969 47.132877
37 22 34.913077 29.078164 27.463616
94 31 47.935101 37.776343 26.736621
51 13 27.794765 39.842341 42.215042
85 77 30.873678 32.242191 32.528762
72 56 41.891852 26.045968 49.148383
33 8 31.741157 28.605559 35.056965
9 9 40.051541 42.373597 26.538178
0 11 27.801803 13.601471
0 4 43.531715 24.839485
0 2 40.950726 32.202484
1 9 46.977683 56.293872
1 2 36.644364 44.384682
2 12 30.654664 24.698178
2 6 41.701795 17.117243
2 4 25.508619 7.615773
3 8 32.139409 11.045361
4 11 32.082697 27.459060
4 5 27.907026 76.557168
5 7 34.317233 10.000000
6 9 43.663848 5.830952
7 13 47.642104 7.615773
7 10 39.862975 25.079872
8 10 34.088071 16.643317
10 13 29.660227 18.681542
11 12 44.176114 24.698178
13 14 43.210823 24.020824
