9 11 9301 1534 20
34 60 13.916240 0.667709 13.123338
68 1 3.716950 2.135385 5.379000
84 62 5.733632 15.665078 23.307025
43 75 4.261199 16.332005 22.800685
39 61 20.834142 18.293908 2.821749
35 58 22.894040 0.810130 21.653849
36 66 21.937977 7.974358 15.051734
66 28 0.653571 15.747138 16.849642
48 43 14.167183 22.543344 3.826712
0 5 18.801465 2.236068
0 4 4.279107 5.099020
1 4 5.575379 66.640828
1 2 6.635125 63.063460
2 8 3.847316 40.706265
2 4 1.187061 45.011110
3 8 17.794177 32.388269
3 5 11.513467 18.788294
4 7 6.812840 42.638011
5 7 16.719492 43.139309
5 6 13.448771 8.062258
