12 13 9222 2970 20
63 85 48.634382 45.433188 39.598822
89 66 37.334491 26.555317 25.415191
57 26 32.440537 39.264930 45.336783
63 41 27.761347 45.015369 27.933019
42 11 42.293925 49.366017 42.969689
72 60 46.750385 45.207397 36.463832
19 21 32.075202 40.851191 39.020285
67 52 36.450571 26.483322 25.528423
21 55 46.593187 36.590269 32.713646
12 47 34.679328 35.685800 29.315807
8 53 33.882671 37.751088 34.640221
52 75 25.149539 28.133786 35.853005
0 11 35.704684 14.866069
0 10 29.954587 63.631753
0 8 40.110446 51.613952
1 11 28.212039 38.078866
1 8 33.116890 68.883960
1 5 33.820542 18.027756
1 4 47.954516 72.346389
1 3 45.366557 36.069378
2 4 27.379370 21.213203
3 7 37.545641 11.704700
6 10 41.968246 33.837849
7 9 34.840396 55.226805
9 10 42.070775 7.211103
