9 11 9342 629 20
34 60 5.731192 0.630604 11.725285
68 1 18.682072 13.190154 13.805345
84 62 2.585885 17.087762 1.377894
43 75 15.130757 7.325986 24.505057
39 61 1.930975 13.076127 9.388317
35 58 0.620636 14.336774 22.551844
36 66 3.695273 14.695504 11.325741
66 28 9.534232 2.406628 9.404009
48 43 22.546743 9.593869 22.246252
0 5 24.847507 2.236068
0 4 7.947052 5.099020
1 4 5.310591 66.640828
1 2 8.800984 63.063460
2 8 24.883269 40.706265
2 4 22.505483 45.011110
3 8 9.528095 32.388269
3 5 14.943695 18.788294
4 7 1.704257 42.638011
5 7 17.674903 43.139309
5 6 5.110323 8.062258
