13 17 8600 2401 20
93 57 39.272106 48.877122 34.740663
41 71 47.962643 37.929642 42.171206
57 70 26.408179 43.847074 29.311959
91 58 31.818967 41.779505 28.314604
54 58 33.324512 49.745859 41.234109
38 57 31.456647 46.858661 28.726292
91 9 25.747346 39.834959 28.035691
79 51 26.432091 25.998702 49.953905
5 54 34.001710 25.241511 31.239430
16 79 46.749057 47.057560 44.162490
49 93 31.154328 31.689999 49.465342
37 14 49.809638 29.737710 48.830906
82 11 47.635326 41.598802 40.354606
0 12 30.664161 47.296934
0 5 41.611155 55.000000
0 3 38.299248 2.236068
0 2 29.214385 38.275318
0 1 27.836929 53.851648
1 10 33.567093 23.409400
1 3 26.341262 51.662365
3 7 33.629918 13.892444
3 6 34.258287 49.000000
4 9 26.682889 43.416587
4 7 32.528095 25.961510
5 7 35.160762 41.436699
6 12 36.907674 9.219544
7 10 38.243412 51.613952
8 9 36.597939 27.313001
9 10 43.748771 35.846897
11 12 41.859206 45.099889
