12 13 8900 841 20
63 85 48.628305 31.575733 48.926581
89 66 34.876863 47.659012 26.102831
57 26 39.643064 39.743731 30.109158
63 41 43.984824 29.485734 26.747332
42 11 48.169582 25.213231 46.973138
72 60 30.333565 28.200876 49.558568
19 21 49.484858 37.944658 46.318271
67 52 29.060419 38.041349 28.146066
21 55 45.608671 48.937712 47.564809
12 47 31.443221 44.313510 30.404865
8 53 30.792160 38.877547 30.306178
52 75 29.132537 29.070283 44.229880
0 11 48.067057 14.866069
0 10 47.554433 63.631753
0 8 25.077255 51.613952
1 11 39.419621 38.078866
1 8 26.268421 68.883960
1 5 31.045966 18.027756
1 4 41.604977 72.346389
1 3 49.367186 36.069378
2 4 43.019171 21.213203
3 7 37.687926 11.704700
6 10 32.103519 33.837849
7 9 39.299787 55.226805
9 10 40.176413 7.211103
