15 19 888 548 20
74 69 44.513391 40.222443 46.372339
82 86 39.739155 36.400590 31.647355
93 43 48.398955 34.297328 45.720005
26 23 47.784177 26.860063 38.929074
90 50 45.530017 26.063230 46.210834
20 19 40.467155 46.832584 28.715295
91 26 48.482332 37.045767 40.948711
26 11 26.538626 48.156626 46.671364
37 22 45.083529 49.019356 34.906433
94 31 37.079023 27.723703 28.525411
51 13 35.529915 33.236937 47.659907
85 77 43.117434 43.990699 38.931689
72 56 39.337603 43.388853 27.309337
33 8 48.225554 30.060539 29.788381
9 9 44.387287 41.743712 46.382263
0 11 45.550516 13.601471
0 4 37.808504 24.839485
0 2 38.944810 32.202484
1 9 46.821997 56.293872
1 2 36.531637 44.384682
2 12 44.525305 24.698178
2 6 40.669808 17.117243
2 4 48.262476 7.615773
3 8 31.539303 11.045361
4 11 38.781849 27.459060
4 5 35.699254 76.557168
5 7 33.966675 10.000000
6 9 44.389841 5.830952
7 13 29.594795 7.615773
7 10 42.305821 25.079872
8 10 38.668664 16.643317
10 13 31.847697 18.681542
11 12 27.562088 24.698178
13 14 39.691777 24.020824
