16 22 8700 1070 20
21 24 38.241339 49.409624 27.309060
48 36 32.858002 36.937612 42.961223
61 43 32.259923 35.109939 33.519893
20 65 36.211888 31.906372 30.868836
45 8 48.057759 28.790889 42.620318
62 16 45.411202 46.262248 44.988206
79 31 48.828565 38.379269 32.571893
37 37 33.099665 33.611564 26.854592
57 51 45.511033 43.900683 39.331322
28 71 36.118496 49.096040 27.595694
4 34 28.901578 30.863687 43.412167
12 12 49.085205 35.025451 37.752038
60 41 47.605315 34.219503 40.915557
98 82 46.385040 28.176399 44.804978
44 26 37.049505 49.752098 36.118226
75 47 28.311443 49.340316 46.226053
0 11 37.428267 15.000000
0 3 47.073047 41.012193
1 12 25.588972 13.000000
1 9 29.230950 40.311289
1 3 28.647512 40.311289
1 2 40.038470 14.764823
2 15 31.590830 14.560220
2 12 36.476183 2.236068
2 8 42.904059 8.944272
2 5 30.585580 27.018512
2 4 37.678884 38.483763
3 14 47.502291 45.793013
3 11 26.937779 53.600373
5 14 48.144573 20.591260
6 14 47.807371 35.355339
7 14 38.915335 13.038405
8 14 39.891061 28.178006
8 13 49.806587 51.400389
9 10 29.354112 44.102154
10 15 43.713548 72.180330
10 11 34.680267 23.409400
12 15 46.046874 16.155494
