13 17 9444 1394 20
93 57 31.133044 49.776190 29.743325
41 71 37.715911 31.027564 42.017620
57 70 38.352097 26.273362 45.391933
91 58 46.103764 34.360400 27.830037
54 58 44.026875 46.617844 49.558690
38 57 44.950763 38.853460 32.074791
91 9 33.500049 32.988114 29.695844
79 51 38.879801 35.937987 45.341982
5 54 49.562580 49.747624 45.878248
16 79 27.657030 28.748275 44.323095
49 93 45.939008 33.914030 29.910836
37 14 38.331024 49.279730 45.954151
82 11 38.597902 26.570981 26.078117
0 12 41.630834 47.296934
0 5 41.860893 55.000000
0 3 38.539994 2.236068
0 2 39.729447 38.275318
0 1 43.103383 53.851648
1 10 34.943186 23.409400
1 3 32.465911 51.662365
3 7 35.960212 13.892444
3 6 44.550448 49.000000
4 9 40.691887 43.416587
4 7 31.511990 25.961510
5 7 32.258931 41.436699
6 12 38.409458 9.219544
7 10 44.503500 51.613952
8 9 27.389043 27.313001
9 10 37.246202 35.846897
11 12 37.028904 45.099889
