12 13 9333 2529 20
63 85 30.870192 49.869295 30.694184
89 66 26.553527 30.539534 48.417247
57 26 36.404833 33.536282 37.785460
63 41 46.908373 29.312568 36.530815
42 11 34.000488 41.678651 34.626045
72 60 25.743688 26.694046 44.304228
19 21 40.954725 44.410519 44.419606
67 52 32.063687 40.792384 44.876673
21 55 25.842027 41.031778 33.704223
12 47 34.646992 27.514501 42.167708
8 53 40.461785 32.424583 40.445774
52 75 35.846142 26.975320 49.395390
0 11 36.205827 14.866069
0 10 44.541113 63.631753
0 8 33.292341 51.613952
1 11 49.371622 38.078866
1 8 45.381464 68.883960
1 5 32.695384 18.027756
1 4 46.896151 72.346389
1 3 26.096820 36.069378
2 4 30.345899 21.213203
3 7 27.901927 11.704700
6 10 46.071221 33.837849
7 9 32.537295 55.226805
9 10 28.727625 7.211103
