14 16 8800 852 20
12 12 31.719623 47.181042 26.290346
25 65 42.349467 47.963089 41.052127
32 54 35.267501 47.443673 45.294387
42 97 44.966953 32.399825 30.835991
71 86 28.084919 45.561969 48.045665
83 71 27.939571 49.011546 40.925861
52 2 40.636802 39.233847 25.659096
63 71 43.061433 47.103725 33.313942
35 97 44.611817 28.825078 31.349573
54 84 26.945537 29.334382 25.357966
85 90 26.626596 42.208574 46.568771
20 37 39.575150 35.062110 43.815548
87 86 40.508062 28.458182 25.626049
18 36 49.813821 44.111244 47.177070
0 13 44.342499 24.738634
0 2 42.958992 46.518813
1 9 48.770698 34.669872
1 4 35.311257 50.566788
2 11 48.737812 20.808652
2 10 49.525192 64.070274
2 3 33.992175 44.147480
4 12 41.425765 16.000000
4 5 25.793446 19.209373
5 6 41.495064 75.643903
7 12 30.069908 28.301943
7 11 35.738927 54.817880
7 9 38.458714 15.811388
8 12 29.418947 53.150729
8 10 45.772854 50.487622
10 12 32.373667 4.472136
