9 11 9982 2343 20
34 60 18.238323 21.709695 3.969848
68 1 17.429888 19.724308 23.413602
84 62 17.765260 17.413407 15.013049
43 75 0.011798 2.548375 22.181521
39 61 7.878772 5.283482 0.811904
35 58 6.235741 18.127819 13.777483
36 66 21.776664 19.816837 13.273305
66 28 4.063960 22.716346 20.933369
48 43 8.298160 14.259098 17.322219
0 5 22.425177 2.236068
0 4 18.546663 5.099020
1 4 0.991531 66.640828
1 2 19.799058 63.063460
2 8 4.228571 40.706265
2 4 24.196930 45.011110
3 8 1.390827 32.388269
3 5 7.099419 18.788294
4 7 19.650354 42.638011
5 7 11.936352 43.139309
5 6 1.176615 8.062258
