14 16 10777 2617 20
12 12 28.764280 32.149308 33.072114
25 65 43.103280 33.496687 49.732177
32 54 34.551102 31.567223 37.084709
42 97 47.443102 37.198720 35.605451
71 86 35.163866 34.864610 25.827635
83 71 47.633935 43.143795 38.336062
52 2 26.481804 28.985687 39.856428
63 71 26.434034 43.867084 44.259323
35 97 34.203237 29.957248 48.193846
54 84 27.524083 36.367801 27.098039
85 90 46.308122 46.686680 49.850001
20 37 45.780160 45.079230 29.811765
87 86 36.908487 26.490640 37.914450
18 36 44.164909 46.844100 30.446381
0 13 25.643922 24.738634
0 2 28.413801 46.518813
1 9 39.461337 34.669872
1 4 47.275435 50.566788
2 11 25.719984 20.808652
2 10 42.077947 64.070274
2 3 49.260907 44.147480
4 12 49.855943 16.000000
4 5 25.066565 19.209373
5 6 39.407724 75.643903
7 12 42.658881 28.301943
7 11 46.126783 54.817880
7 9 26.737789 15.811388
8 12 49.098428 53.150729
8 10 45.563131 50.487622
10 12 41.568230 4.472136
