9 11 11772 284 20
34 60 17.651474 19.587246 3.291781
68 1 2.699025 24.070970 8.389436
84 62 6.038191 20.729189 17.500130
43 75 21.796794 1.319001 19.165052
39 61 12.978908 22.488554 3.661776
35 58 6.016843 18.972838 10.830803
36 66 15.309731 14.594806 24.261596
66 28 0.580151 3.118690 22.931758
48 43 24.874567 16.791757 9.165686
0 5 17.572249 2.236068
0 4 23.575348 5.099020
1 4 24.776003 66.640828
1 2 18.679777 63.063460
2 8 24.982551 40.706265
2 4 16.288313 45.011110
3 8 17.897229 32.388269
3 5 13.090913 18.788294
4 7 19.544948 42.638011
5 7 19.887838 43.139309
5 6 6.186292 8.062258
