18 22 9888 8090 20
12 78 32.074346 29.420308 30.495035
14 27 35.407336 32.622898 39.444434
68 56 43.536960 36.056757 45.853296
56 30 36.014160 35.894515 47.835640
38 4 49.911640 49.525298 45.743245
72 74 25.677959 26.210150 32.381883
49 59 31.670362 49.457786 36.218010
45 62 30.349123 49.648238 37.703711
60 6 40.689147 33.756542 34.836384
71 18 28.870560 47.063117 34.011356
40 43 35.514790 33.585601 35.045495
75 69 43.261176 32.490227 45.657187
85 85 49.011405 40.383622 34.744858
99 51 46.112175 47.269958 48.306016
8 61 31.853798 45.338052 42.453604
70 85 48.946344 28.165204 37.230672
98 27 42.102454 47.801151 48.070542
41 40 29.809623 25.432954 41.376145
0 14 33.345735 17.464249
1 15 29.079298 80.622577
1 10 27.242020 30.528675
1 3 35.057598 42.107007
2 17 34.954632 31.384710
2 7 42.569040 23.769729
3 17 34.216458 18.027756
3 15 38.297175 56.753854
3 8 39.125583 24.331050
3 6 38.092033 29.832868
3 4 48.530451 31.622777
5 15 25.790164 11.180340
5 14 44.769378 65.306967
6 14 43.727713 41.048752
6 12 31.470293 44.407207
7 14 29.291655 37.013511
7 9 43.991186 51.107729
8 17 32.087271 38.948684
8 9 38.068839 16.278821
9 13 32.876473 43.278170
10 11 34.699740 43.600459
14 16 38.353810 96.208108
