10 10 10333 3600 20
13 81 49.032890 43.448782 46.975144
80 78 31.790052 28.417718 40.070405
22 73 41.371496 39.851990 29.982560
85 16 32.158637 39.004487 40.677674
50 19 28.387135 34.064974 36.335463
8 50 38.566854 35.532471 37.409912
73 85 49.617635 36.165293 26.191093
71 58 26.340669 47.852375 49.882902
79 14 29.129786 40.709311 26.934594
79 82 49.917852 40.489196 36.960630
0 2 40.855532 12.041595
1 9 46.835201 4.123106
1 6 39.905193 9.899495
2 8 49.305308 82.036577
2 7 42.149496 51.244512
3 8 36.385047 6.324555
4 9 25.689282 69.354164
5 8 32.519183 79.605276
6 9 38.434494 6.708204
7 9 37.527981 25.298221
