10 10 10666 578 20
13 81 41.338251 44.761200 34.697212
80 78 26.100895 43.532363 46.048362
22 73 40.125073 44.610292 38.741103
85 16 39.313413 36.956186 46.915360
50 19 27.778350 47.541871 34.467997
8 50 46.180508 26.021495 38.132544
73 85 36.519293 48.025496 28.760689
71 58 41.321706 27.267902 41.417165
79 14 49.043720 39.331891 33.824229
79 82 37.313594 42.725811 46.265429
0 2 26.128463 12.041595
1 9 40.765368 4.123106
1 6 33.845427 9.899495
2 8 33.330353 82.036577
2 7 34.554726 51.244512
3 8 48.634486 6.324555
4 9 32.384146 69.354164
5 8 30.298628 79.605276
6 9 32.189844 6.708204
7 9 44.462407 25.298221
