12 13 10000 1925 20
63 85 28.043832 25.333732 26.321475
89 66 32.524364 25.039709 32.535000
57 26 43.043133 46.131805 42.883353
63 41 31.478222 49.085854 42.531980
42 11 26.772299 39.867400 48.640996
72 60 33.299973 41.356326 26.587855
19 21 28.953417 42.310054 40.499266
67 52 31.053143 36.411551 48.569271
21 55 47.285190 45.206337 41.023611
12 47 33.193964 47.040432 36.817952
8 53 46.511797 36.367648 31.288269
52 75 27.829227 27.592981 33.951164
0 11 49.512322 14.866069
0 10 37.320299 63.631753
0 8 47.248277 51.613952
1 11 44.442791 38.078866
1 8 46.900583 68.883960
1 5 40.047326 18.027756
1 4 47.941896 72.346389
1 3 35.905427 36.069378
2 4 44.814789 21.213203
3 7 28.255138 11.704700
6 10 41.699919 33.837849
7 9 39.725328 55.226805
9 10 46.431522 7.211103
