20 27 10555 685 20
35 45 41.764646 43.910333 40.852101
13 42 38.993157 35.168092 47.619224
33 74 47.660636 45.744840 49.115192
17 73 41.805096 27.183268 35.384833
10 63 34.624190 33.439368 36.737003
81 52 49.543240 33.221362 27.761621
89 62 29.599748 36.528584 28.209135
16 24 31.689775 35.719539 36.765580
49 71 46.116071 38.349973 36.586885
6 25 45.295381 35.861661 42.031034
8 62 27.366900 35.787972 41.554477
25 26 27.968182 47.196050 41.914923
79 71 48.317611 47.364978 44.372110
66 47 40.299636 48.209488 38.130913
34 52 33.126570 36.846587 36.415417
37 23 43.257118 32.413506 37.250507
13 9 36.707667 39.351679 25.068803
61 7 34.084558 38.689750 30.182396
8 64 43.637974 41.427281 47.143456
15 3 33.598767 38.209932 41.897922
0 15 42.130340 22.090722
0 10 33.412543 31.906112
1 16 38.067485 33.000000
1 15 48.502093 30.610456
1 10 27.159607 20.615528
1 9 48.288277 18.384776
1 7 29.341567 18.248288
1 5 45.006408 68.731361
2 13 34.197341 42.638011
2 12 25.580438 46.097722
2 11 40.258851 48.662100
2 3 32.400102 16.031220
4 10 26.651135 2.236068
6 13 26.198721 27.459060
6 12 38.774307 13.453624
7 17 36.371748 48.104054
7 11 30.367446 9.219544
7 10 49.301676 38.832976
8 14 36.868648 24.207437
8 12 33.201257 30.000000
9 18 43.536486 39.051248
9 16 38.842574 17.464249
10 18 35.678729 2.000000
10 13 31.020779 59.908263
12 13 48.544765 27.294688
15 19 34.145542 29.732137
16 19 43.260218 6.324555
