17 23 10444 547 20
67 59 35.457340 41.880911 44.352555
88 63 40.288176 33.714246 25.418209
30 29 38.729327 32.573150 29.597831
35 20 27.477763 26.586613 40.478150
48 64 27.897959 44.877133 39.995892
68 37 47.966118 49.683366 28.520937
95 50 37.220108 41.190385 49.455198
4 22 48.511194 34.653072 27.429905
17 8 38.694690 40.568034 43.025894
80 87 27.090681 44.875466 38.242771
99 85 35.351250 46.998983 44.312790
73 64 41.815267 34.467960 36.341223
5 9 25.083749 49.685070 44.998026
95 92 30.981163 44.345132 34.490485
12 12 41.530649 43.496571 48.067850
25 65 43.718874 27.931306 49.252304
32 54 47.914957 27.628543 26.354765
0 16 42.847105 35.355339
0 1 43.868930 21.377558
1 15 30.897874 63.031738
1 9 36.151463 25.298221
1 6 35.519562 14.764823
2 14 39.899221 24.758837
2 9 30.120029 76.576759
2 3 33.436611 10.295630
3 14 25.066541 24.351591
3 8 34.235985 21.633308
3 6 45.798925 67.082039
4 16 49.555111 18.867962
4 15 25.900018 23.021729
5 13 44.713590 61.269895
5 11 26.038338 27.459060
7 16 38.264746 42.520583
7 12 44.256052 13.038405
9 16 49.905906 58.249464
9 11 45.861732 24.041631
9 10 40.160614 19.104973
10 13 39.983720 8.062258
12 14 29.777734 7.615773
14 16 31.488131 46.518813
