9 11 9968 512 20
34 60 6.614756 8.803238 9.725439
68 1 6.418561 22.053496 19.406545
84 62 12.270369 3.997389 14.894910
43 75 8.581047 14.410558 9.166458
39 61 5.891899 22.900838 19.729977
35 58 22.826636 15.428731 23.822589
36 66 1.121946 16.267045 13.395690
66 28 10.178569 1.007085 9.968244
48 43 13.927818 14.770218 22.612990
0 5 24.315904 2.236068
0 4 3.858724 5.099020
1 4 18.186529 66.640828
1 2 21.318690 63.063460
2 8 15.400382 40.706265
2 4 0.596648 45.011110
3 8 23.919246 32.388269
3 5 3.630039 18.788294
4 7 23.975666 42.638011
5 7 4.685417 43.139309
5 6 0.593265 8.062258
