10 10 9666 757 20
13 81 42.496990 29.619779 26.283671
80 78 36.414579 25.953088 44.567862
22 73 45.217973 36.320165 26.110772
85 16 35.547256 40.149692 39.825700
50 19 39.718789 27.657728 36.921036
8 50 35.862559 39.952500 45.436147
73 85 40.285312 25.718351 41.345215
71 58 34.071278 42.490166 35.962783
79 14 44.790066 46.599387 33.599241
79 82 25.348261 48.822595 45.527447
0 2 44.849180 12.041595
1 9 44.727826 4.123106
1 6 36.484390 9.899495
2 8 32.703144 82.036577
2 7 36.918832 51.244512
3 8 37.711253 6.324555
4 9 26.667586 69.354164
5 8 39.674476 79.605276
6 9 30.260886 6.708204
7 9 40.834045 25.298221
