12 13 1000 878 20
63 85 42.236898 28.282233 45.723098
89 66 32.696609 29.888743 30.725790
57 26 34.514117 43.779450 39.009048
63 41 49.701203 30.666927 49.361904
42 11 40.195636 26.925589 33.079108
72 60 43.177121 34.428633 49.754559
19 21 27.312025 42.614802 42.437516
67 52 38.703059 46.104674 31.077809
21 55 33.004420 28.146328 37.474099
12 47 32.331113 26.178801 30.089635
8 53 30.543837 25.979106 46.613699
52 75 43.861615 30.568130 42.055087
0 11 36.315792 14.866069
0 10 26.644644 63.631753
0 8 35.705771 51.613952
1 11 43.824065 38.078866
1 8 46.692925 68.883960
1 5 47.960147 18.027756
1 4 33.506656 72.346389
1 3 48.870301 36.069378
2 4 37.764257 21.213203
3 7 48.751418 11.704700
6 10 38.074338 33.837849
7 9 30.943137 55.226805
9 10 49.151973 7.211103
