13 17 10222 3876 20
93 57 43.335794 45.770534 35.644949
41 71 25.236885 31.247965 31.459913
57 70 41.137545 30.913994 36.561498
91 58 32.038787 47.553561 46.596355
54 58 41.350309 38.491597 32.697983
38 57 39.376073 37.285238 41.258530
91 9 33.911224 25.523196 48.289462
79 51 43.726050 34.703949 48.016330
5 54 33.654811 48.846637 49.894781
16 79 35.436858 37.832834 27.932529
49 93 48.136022 41.178062 40.922715
37 14 45.295597 38.649642 35.297022
82 11 31.892716 34.955297 43.326979
0 12 37.098984 47.296934
0 5 34.040114 55.000000
0 3 33.972113 2.236068
0 2 25.505049 38.275318
0 1 31.863817 53.851648
1 10 48.264021 23.409400
1 3 38.326356 51.662365
3 7 25.928330 13.892444
3 6 42.666968 49.000000
4 9 31.713329 43.416587
4 7 25.130428 25.961510
5 7 40.461424 41.436699
6 12 47.475239 9.219544
7 10 27.617356 51.613952
8 9 49.842079 27.313001
9 10 32.243007 35.846897
11 12 49.051517 45.099889
