15 19 9777 1029 20
74 69 28.052142 28.827889 35.160284
82 86 31.985141 37.427458 38.499715
93 43 49.988114 41.172208 35.988768
26 23 37.048470 42.239439 26.882877
90 50 25.631004 30.106644 45.973751
20 19 39.373238 39.854558 49.232872
91 26 46.007533 33.458545 27.499102
26 11 36.735276 46.603159 46.433276
37 22 27.599825 30.578729 26.149824
94 31 25.357454 41.959337 47.697477
51 13 27.881650 26.246381 25.912103
85 77 46.549320 33.174681 31.809087
72 56 41.958530 31.615368 33.212291
33 8 44.520757 47.644966 48.640649
9 9 39.764642 43.727202 38.180182
0 11 49.779321 13.601471
0 4 44.745309 24.839485
0 2 34.345291 32.202484
1 9 45.522075 56.293872
1 2 47.667559 44.384682
2 12 43.779501 24.698178
2 6 43.392596 17.117243
2 4 29.214985 7.615773
3 8 26.649000 11.045361
4 11 42.773954 27.459060
4 5 35.673896 76.557168
5 7 31.530732 10.000000
6 9 25.120241 5.830952
7 13 47.740262 7.615773
7 10 34.370324 25.079872
8 10 28.641034 16.643317
10 13 36.068800 18.681542
11 12 38.687333 24.698178
13 14 37.154837 24.020824
