13 17 11400 2462 20
93 57 45.434185 33.718713 32.032765
41 71 45.113727 26.725931 35.756047
57 70 43.310143 27.407766 49.497259
91 58 26.754947 27.884510 38.976614
54 58 48.892297 29.008119 47.936939
38 57 34.453387 39.337326 37.045172
91 9 37.276900 45.267258 27.480457
79 51 37.508766 49.784970 49.879800
5 54 27.621923 33.594671 26.260413
16 79 31.210402 37.343906 39.895768
49 93 28.598165 38.272018 28.342980
37 14 47.587420 43.604230 30.126120
82 11 48.858464 43.569893 34.242999
0 12 33.942753 47.296934
0 5 30.771530 55.000000
0 3 27.148139 2.236068
0 2 26.474361 38.275318
0 1 45.999421 53.851648
1 10 25.769533 23.409400
1 3 40.013751 51.662365
3 7 33.083046 13.892444
3 6 29.947792 49.000000
4 9 39.333823 43.416587
4 7 31.905405 25.961510
5 7 48.059359 41.436699
6 12 37.695029 9.219544
7 10 28.989315 51.613952
8 9 42.699667 27.313001
9 10 29.516726 35.846897
11 12 39.466915 45.099889
