9 11 12384 456 20
34 60 9.257083 23.036644 23.719086
68 1 20.159681 11.168572 22.121594
84 62 20.445506 5.888369 20.694318
43 75 15.524011 10.002176 6.030220
39 61 22.356891 18.484511 7.888680
35 58 2.623431 8.760425 9.284353
36 66 16.338532 20.955588 14.006388
66 28 23.127835 12.710940 17.586924
48 43 2.812733 17.848838 10.037594
0 5 1.902582 2.236068
0 4 21.084586 5.099020
1 4 24.357274 66.640828
1 2 14.141990 63.063460
2 8 7.926286 40.706265
2 4 20.657264 45.011110
3 8 16.050716 32.388269
3 5 20.646429 18.788294
4 7 16.370248 42.638011
5 7 11.661256 43.139309
5 6 2.923572 8.062258
