14 16 11300 1027 20
12 12 39.251424 43.014765 42.724179
25 65 41.731683 49.281493 30.204887
32 54 36.169786 30.492112 26.293167
42 97 49.168829 30.839347 42.538330
71 86 28.141919 25.313961 34.918618
83 71 44.179691 27.185132 26.871379
52 2 25.660060 36.232937 40.228020
63 71 32.049168 36.307843 39.542935
35 97 27.182044 46.234567 43.542697
54 84 37.712278 40.376251 44.723140
85 90 45.535913 36.395132 41.601410
20 37 48.870148 41.350187 48.895127
87 86 31.928968 26.756318 36.905315
18 36 31.113811 30.422166 26.183141
0 13 33.275884 24.738634
0 2 34.359934 46.518813
1 9 47.027587 34.669872
1 4 39.887913 50.566788
2 11 38.430660 20.808652
2 10 42.574338 64.070274
2 3 48.473570 44.147480
4 12 42.069052 16.000000
4 5 46.262414 19.209373
5 6 30.880484 75.643903
7 12 37.909613 28.301943
7 11 35.740600 54.817880
7 9 34.824348 15.811388
8 12 45.091274 53.150729
8 10 25.215481 50.487622
10 12 30.116700 4.472136
