14 16 11500 2104 20
12 12 41.567522 41.935256 44.218356
25 65 38.934624 47.037723 28.550786
32 54 49.445402 26.221501 31.338686
42 97 46.177375 30.503872 26.448317
71 86 47.838418 40.707986 36.506431
83 71 25.354397 34.097174 27.431137
52 2 41.554674 33.691474 39.920519
63 71 27.656151 49.777319 43.678794
35 97 25.955768 35.634572 34.014133
54 84 38.374075 28.118019 49.594166
85 90 31.245319 33.340852 28.032705
20 37 33.706984 30.122257 36.158376
87 86 25.085022 34.412014 37.796122
18 36 43.207419 32.925712 39.520200
0 13 42.231124 24.738634
0 2 31.885411 46.518813
1 9 49.388936 34.669872
1 4 42.792284 50.566788
2 11 31.914683 20.808652
2 10 47.647916 64.070274
2 3 37.437887 44.147480
4 12 42.253646 16.000000
4 5 27.587064 19.209373
5 6 30.542599 75.643903
7 12 36.781214 28.301943
7 11 36.976932 54.817880
7 9 49.193654 15.811388
8 12 28.152392 53.150729
8 10 35.926549 50.487622
10 12 26.768884 4.472136
