9 11 12024 373 20
34 60 11.563971 10.615601 24.824772
68 1 22.483068 6.871245 13.852162
84 62 22.522697 22.140961 7.957078
43 75 22.041497 8.386296 15.112103
39 61 24.180543 20.979437 21.625985
35 58 12.133177 9.461821 0.129739
36 66 6.387528 22.198177 13.813111
66 28 24.129531 7.031789 8.955825
48 43 8.235632 9.365626 10.227034
0 5 17.137798 2.236068
0 4 4.141429 5.099020
1 4 14.383369 66.640828
1 2 20.302845 63.063460
2 8 18.450733 40.706265
2 4 9.763532 45.011110
3 8 2.754042 32.388269
3 5 12.945275 18.788294
4 7 23.773321 42.638011
5 7 14.717463 43.139309
5 6 19.891180 8.062258
