14 16 11900 614 20
12 12 39.328572 34.687374 33.304705
25 65 31.765301 25.451160 27.691461
32 54 28.805916 39.777604 39.335097
42 97 35.345703 47.483747 47.955604
71 86 44.313349 35.257879 38.940576
83 71 29.803228 31.611377 46.020021
52 2 27.538725 35.561703 40.813226
63 71 33.088737 25.784569 30.474782
35 97 32.479319 48.081290 27.190914
54 84 47.494436 31.925489 49.168135
85 90 25.274511 41.185572 47.543040
20 37 44.417132 35.533316 42.925518
87 86 28.771746 48.358828 45.779440
18 36 29.882029 48.116059 42.914125
0 13 44.917644 24.738634
0 2 25.522611 46.518813
1 9 49.257289 34.669872
1 4 47.377652 50.566788
2 11 39.920040 20.808652
2 10 48.176472 64.070274
2 3 40.652616 44.147480
4 12 25.222213 16.000000
4 5 27.693842 19.209373
5 6 37.089790 75.643903
7 12 31.434151 28.301943
7 11 35.420731 54.817880
7 9 37.977971 15.811388
8 12 29.821653 53.150729
8 10 32.477116 50.487622
10 12 32.219555 4.472136
