9 11 12436 664 20
34 60 11.087966 0.477777 4.869859
68 1 4.957116 8.744300 4.891180
84 62 22.908047 18.627258 7.554618
43 75 14.908991 7.070624 4.754074
39 61 16.940928 11.237014 5.396149
35 58 14.101053 1.700636 6.563673
36 66 3.625513 6.319255 24.160489
66 28 5.020687 0.772910 21.392640
48 43 10.079535 10.631174 9.964322
0 5 7.188196 2.236068
0 4 16.842936 5.099020
1 4 3.046771 66.640828
1 2 18.710747 63.063460
2 8 23.034809 40.706265
2 4 13.016218 45.011110
3 8 20.130369 32.388269
3 5 6.665442 18.788294
4 7 23.554477 42.638011
5 7 13.062163 43.139309
5 6 7.640249 8.062258
