9 11 13183 1017 20
34 60 23.723057 22.479983 7.505778
68 1 7.929724 8.360831 3.520015
84 62 20.789020 16.946850 4.811388
43 75 11.398518 0.291974 5.051380
39 61 11.454735 11.704820 15.840642
35 58 14.761847 18.810315 6.593008
36 66 3.958144 19.126477 19.959536
66 28 0.644476 13.915323 8.603268
48 43 16.667190 9.146053 17.180393
0 5 15.385307 2.236068
0 4 11.101641 5.099020
1 4 4.450311 66.640828
1 2 13.605916 63.063460
2 8 14.618104 40.706265
2 4 22.213312 45.011110
3 8 0.757973 32.388269
3 5 8.899189 18.788294
4 7 20.326951 42.638011
5 7 7.079873 43.139309
5 6 8.562706 8.062258
