9 11 11879 425 20
34 60 8.255181 1.197380 2.249025
68 1 13.034770 12.051429 17.109516
84 62 4.283422 10.631428 15.696797
43 75 7.867210 19.792002 20.269129
39 61 11.842975 12.699882 9.845514
35 58 12.390097 24.326989 8.662987
36 66 17.793168 4.765134 14.570178
66 28 16.226185 10.693559 13.215271
48 43 5.360321 14.308066 17.722104
0 5 0.883285 2.236068
0 4 0.716662 5.099020
1 4 6.777785 66.640828
1 2 13.034934 63.063460
2 8 18.646571 40.706265
2 4 19.516071 45.011110
3 8 18.793077 32.388269
3 5 10.928148 18.788294
4 7 8.216016 42.638011
5 7 16.845693 43.139309
5 6 21.307607 8.062258
