14 16 1250 530 20
12 12 47.633594 35.076519 48.074556
25 65 39.598339 32.491779 47.912888
32 54 28.700782 41.814016 44.944187
42 97 41.994787 44.333527 32.708106
71 86 41.476352 33.966993 49.085173
83 71 48.880990 43.293306 27.749419
52 2 48.868262 46.954483 28.721823
63 71 29.033986 41.874526 47.060460
35 97 29.235016 45.692471 37.162337
54 84 47.103631 36.577907 44.444897
85 90 36.984378 36.095124 37.866806
20 37 38.209105 47.528119 44.031306
87 86 27.960104 36.907323 30.758689
18 36 34.559682 39.968550 39.288526
0 13 46.285756 24.738634
0 2 48.624355 46.518813
1 9 44.764811 34.669872
1 4 39.022911 50.566788
2 11 43.584251 20.808652
2 10 37.718703 64.070274
2 3 30.743158 44.147480
4 12 47.166694 16.000000
4 5 47.827390 19.209373
5 6 42.645538 75.643903
7 12 48.970954 28.301943
7 11 48.780469 54.817880
7 9 34.424266 15.811388
8 12 45.814328 53.150729
8 10 25.395022 50.487622
10 12 32.041339 4.472136
