16 22 10888 3512 20
21 24 40.255374 38.188859 27.261838
48 36 46.188966 33.199199 39.911406
61 43 26.187887 32.442166 37.601301
20 65 42.053487 46.605777 42.437094
45 8 47.949421 41.484532 25.066985
62 16 40.326223 27.302538 39.560208
79 31 47.534750 46.528032 43.817472
37 37 35.266469 36.463042 49.886727
57 51 32.357514 38.476974 40.340453
28 71 39.172238 28.004013 47.139142
4 34 37.451927 45.717086 34.920494
12 12 29.212284 32.822493 35.229015
60 41 35.736092 39.302117 25.301873
98 82 35.209107 35.705050 37.238461
44 26 29.364691 32.084585 42.435512
75 47 32.478335 40.642958 42.582462
0 11 31.182958 15.000000
0 3 38.288109 41.012193
1 12 39.468046 13.000000
1 9 48.577408 40.311289
1 3 45.098228 40.311289
1 2 41.542214 14.764823
2 15 35.800718 14.560220
2 12 46.595496 2.236068
2 8 38.633427 8.944272
2 5 26.209654 27.018512
2 4 35.106723 38.483763
3 14 30.165993 45.793013
3 11 38.210987 53.600373
5 14 25.144520 20.591260
6 14 25.505318 35.355339
7 14 43.731121 13.038405
8 14 46.808069 28.178006
8 13 32.015817 51.400389
9 10 27.880390 44.102154
10 15 42.979238 72.180330
10 11 31.657175 23.409400
12 15 35.950498 16.155494
