17 23 11700 1524 20
67 59 25.887411 30.312801 45.670938
88 63 25.150393 48.405150 30.700926
30 29 45.748273 49.432774 38.943864
35 20 37.711537 43.858619 38.308557
48 64 37.620759 42.339203 37.524802
68 37 49.226136 42.230448 34.377619
95 50 47.099253 27.817624 41.050299
4 22 37.287864 45.724721 39.049682
17 8 44.641487 47.173170 36.262589
80 87 38.442303 32.490002 28.118462
99 85 33.645217 36.045749 33.420437
73 64 42.527748 26.872497 41.435744
5 9 36.774513 36.499711 36.792201
95 92 34.641270 48.706693 42.307076
12 12 45.426281 34.529611 43.857872
25 65 34.731970 26.492922 26.773127
32 54 25.485480 31.252145 41.321050
0 16 43.609939 35.355339
0 1 25.600915 21.377558
1 15 45.926430 63.031738
1 9 48.458496 25.298221
1 6 25.493002 14.764823
2 14 36.780284 24.758837
2 9 34.179698 76.576759
2 3 43.851836 10.295630
3 14 44.141257 24.351591
3 8 29.567161 21.633308
3 6 38.017054 67.082039
4 16 30.683490 18.867962
4 15 44.333923 23.021729
5 13 44.625537 61.269895
5 11 32.254538 27.459060
7 16 38.402707 42.520583
7 12 35.659813 13.038405
9 16 31.868714 58.249464
9 11 33.518806 24.041631
9 10 44.354535 19.104973
10 13 44.561611 8.062258
12 14 45.311775 7.615773
14 16 36.031627 46.518813
