11 10 11600 698 20
86 55 31.773646 29.109545 33.266310
78 84 32.787166 49.212689 36.258683
26 30 43.829402 31.385993 41.214708
88 39 44.584840 39.187713 41.096131
6 66 28.489767 49.703214 32.210889
58 57 48.937777 41.011420 29.583236
63 87 45.148884 26.984944 41.028553
78 66 28.735872 34.342722 45.941150
48 98 47.031440 40.004193 42.087403
95 45 27.068436 38.660693 47.011600
56 85 45.076719 26.919251 36.720866
0 9 47.729098 13.453624
0 5 31.727400 28.071338
1 8 45.873763 33.105891
2 9 42.642195 70.611614
2 4 37.922043 41.182521
2 3 46.283002 62.649820
4 8 43.664764 52.801515
6 9 49.735034 52.801515
6 7 34.879807 25.806976
8 10 41.817927 15.264338
