13 17 11200 2061 20
93 57 47.320274 29.586771 31.132209
41 71 38.389857 47.996809 28.984679
57 70 40.142699 41.522680 26.827066
91 58 47.106511 46.998438 36.608120
54 58 36.524471 31.874360 27.473909
38 57 26.173129 44.077878 33.759851
91 9 26.730628 31.975914 43.544845
79 51 46.740167 36.601558 26.636619
5 54 39.610118 29.587095 32.821068
16 79 47.526065 35.066306 36.725232
49 93 31.758687 34.510466 44.106190
37 14 43.222654 49.619528 29.396298
82 11 44.741930 42.206453 27.252253
0 12 29.674880 47.296934
0 5 39.019077 55.000000
0 3 29.721748 2.236068
0 2 29.963631 38.275318
0 1 34.993229 53.851648
1 10 45.705375 23.409400
1 3 37.209889 51.662365
3 7 34.763291 13.892444
3 6 33.027770 49.000000
4 9 46.583624 43.416587
4 7 27.620925 25.961510
5 7 33.859623 41.436699
6 12 27.319072 9.219544
7 10 32.167068 51.613952
8 9 32.170479 27.313001
9 10 46.124795 35.846897
11 12 30.636949 45.099889
