9 11 13697 1419 20
34 60 9.239745 11.168129 6.194009
68 1 12.474398 24.060096 16.793977
84 62 2.025070 20.798012 5.588848
43 75 19.190617 19.057277 0.941278
39 61 10.908784 5.192456 22.040943
35 58 21.403551 21.430159 12.318778
36 66 10.823353 21.006878 5.936828
66 28 4.115313 12.058749 4.148748
48 43 21.056814 16.503291 10.854708
0 5 20.614990 2.236068
0 4 0.037153 5.099020
1 4 2.709185 66.640828
1 2 20.623868 63.063460
2 8 18.597371 40.706265
2 4 21.347748 45.011110
3 8 19.433659 32.388269
3 5 21.246326 18.788294
4 7 10.611931 42.638011
5 7 21.877880 43.139309
5 6 20.358566 8.062258
