9 11 13563 1189 20
34 60 8.183049 1.247824 4.685714
68 1 20.773020 0.394487 3.612540
84 62 9.915102 0.433435 20.488349
43 75 9.465746 2.674268 3.129490
39 61 10.164297 22.847533 6.099461
35 58 14.745173 21.903309 3.110044
36 66 22.326165 3.492554 20.386819
66 28 0.970966 13.066923 6.878541
48 43 21.243553 13.512774 17.077086
0 5 8.634121 2.236068
0 4 7.074522 5.099020
1 4 9.588766 66.640828
1 2 5.691063 63.063460
2 8 0.964893 40.706265
2 4 18.423853 45.011110
3 8 12.058632 32.388269
3 5 7.947029 18.788294
4 7 13.610903 42.638011
5 7 10.978964 43.139309
5 6 18.066167 8.062258
