18 22 11800 611 20
12 78 27.650318 39.264937 48.923287
14 27 33.537916 44.219745 30.366467
68 56 25.669063 39.936347 48.550456
56 30 33.919969 43.762484 43.524743
38 4 33.449163 44.493228 46.010005
72 74 31.508158 44.827306 48.425783
49 59 42.287545 28.095378 37.603100
45 62 33.556997 25.268717 37.687420
60 6 49.079337 33.488832 44.955766
71 18 45.075813 40.301866 45.219351
40 43 36.163254 48.817770 39.777506
75 69 29.755851 29.112547 29.471583
85 85 26.556363 26.362258 40.523268
99 51 31.035219 48.419699 25.443846
8 61 37.130835 48.082091 46.397504
70 85 39.860807 44.874855 38.153854
98 27 49.963374 34.173806 38.417327
41 40 33.217634 33.869647 34.100137
0 14 44.669861 17.464249
1 15 33.421862 80.622577
1 10 49.957003 30.528675
1 3 40.886706 42.107007
2 17 27.545695 31.384710
2 7 47.332533 23.769729
3 17 25.730795 18.027756
3 15 42.163857 56.753854
3 8 27.561509 24.331050
3 6 31.345713 29.832868
3 4 48.088748 31.622777
5 15 47.883189 11.180340
5 14 48.970885 65.306967
6 14 41.173378 41.048752
6 12 29.246927 44.407207
7 14 47.013099 37.013511
7 9 29.190234 51.107729
8 17 31.347902 38.948684
8 9 40.998003 16.278821
9 13 33.588195 43.278170
10 11 44.305151 43.600459
14 16 45.854572 96.208108
