9 11 11505 1810 20
34 60 23.633850 3.564584 9.264037
68 1 4.949303 9.621723 23.361438
84 62 23.407669 3.048664 8.230926
43 75 21.639230 3.354779 8.110818
39 61 13.282989 7.394284 24.105088
35 58 2.717610 12.849088 3.648162
36 66 15.439665 7.214602 22.688644
66 28 5.954562 16.427639 24.586264
48 43 15.898730 24.386138 9.067360
0 5 6.308733 2.236068
0 4 22.716265 5.099020
1 4 3.239876 66.640828
1 2 4.971421 63.063460
2 8 6.731900 40.706265
2 4 11.334751 45.011110
3 8 2.431065 32.388269
3 5 20.801388 18.788294
4 7 3.289672 42.638011
5 7 15.957217 43.139309
5 6 13.804965 8.062258
