15 19 12000 1306 20
74 69 33.417376 42.450484 31.362863
82 86 39.366020 26.065020 34.648318
93 43 36.519793 27.361638 40.402195
26 23 32.447318 25.639234 37.336098
90 50 30.366807 34.528438 32.212758
20 19 46.256335 46.102879 27.259408
91 26 32.764452 35.283140 39.666794
26 11 28.467285 34.339514 42.317099
37 22 37.918125 42.725723 29.935291
94 31 25.355803 39.716717 25.699178
51 13 32.121579 25.578534 34.634157
85 77 45.295163 31.378762 37.072388
72 56 36.817665 42.733564 42.209649
33 8 48.086416 39.516559 43.511344
9 9 35.277185 28.551909 49.554142
0 11 35.285103 13.601471
0 4 48.429659 24.839485
0 2 38.476586 32.202484
1 9 27.986497 56.293872
1 2 26.151476 44.384682
2 12 30.160692 24.698178
2 6 34.853775 17.117243
2 4 35.098305 7.615773
3 8 42.082183 11.045361
4 11 46.579844 27.459060
4 5 41.797983 76.557168
5 7 30.252717 10.000000
6 9 36.389794 5.830952
7 13 40.727428 7.615773
7 10 35.541048 25.079872
8 10 39.829899 16.643317
10 13 33.441881 18.681542
11 12 46.761335 24.698178
13 14 35.644271 24.020824
