11 10 12555 774 20
86 55 42.060802 42.421565 40.676552
78 84 36.521134 31.330958 41.604995
26 30 34.977585 41.354311 27.042680
88 39 44.271070 42.441138 32.598246
6 66 29.124822 31.976706 25.465831
58 57 32.432688 29.840928 37.384581
63 87 25.848333 37.168580 43.863406
78 66 33.519887 33.946565 41.779484
48 98 26.471099 39.215463 31.861222
95 45 40.620176 27.049371 42.749581
56 85 39.247578 39.872964 49.760309
0 9 37.924859 13.453624
0 5 37.511534 28.071338
1 8 43.463361 33.105891
2 9 39.831632 70.611614
2 4 39.112151 41.182521
2 3 35.497907 62.649820
4 8 41.113479 52.801515
6 9 36.452188 52.801515
6 7 40.799930 25.806976
8 10 26.866897 15.264338
