18 22 13153 555 20
12 78 46.857489 32.846626 40.187646
14 27 48.168694 26.377494 46.427978
68 56 33.076985 29.395298 28.265140
56 30 46.218753 43.987577 48.234916
38 4 37.748672 29.218784 46.097393
72 74 48.422061 28.992196 39.679902
49 59 34.344049 49.163173 33.845346
45 62 31.937213 46.734339 25.580535
60 6 45.933823 40.907613 29.583345
71 18 35.163962 45.401093 30.092497
40 43 27.160222 40.200261 27.140002
75 69 39.506117 31.988257 40.038058
85 85 46.470585 36.697054 40.126780
99 51 42.508067 48.975145 26.197326
8 61 27.812918 35.475852 41.799568
70 85 43.963573 27.681073 36.904005
98 27 27.363941 42.654925 41.868408
41 40 26.120696 43.740676 34.421850
0 14 30.611429 17.464249
1 15 32.175160 80.622577
1 10 29.171174 30.528675
1 3 49.726681 42.107007
2 17 32.593701 31.384710
2 7 44.059834 23.769729
3 17 46.963034 18.027756
3 15 27.819505 56.753854
3 8 41.356669 24.331050
3 6 37.354441 29.832868
3 4 44.322609 31.622777
5 15 25.186654 11.180340
5 14 25.806038 65.306967
6 14 38.481169 41.048752
6 12 25.352118 44.407207
7 14 31.868140 37.013511
7 9 30.841110 51.107729
8 17 35.308145 38.948684
8 9 28.343805 16.278821
9 13 45.208465 43.278170
10 11 26.345324 43.600459
14 16 44.470121 96.208108
