14 16 12888 788 20
12 12 25.876713 35.463644 32.620802
25 65 46.746592 41.606123 47.990205
32 54 30.022707 34.894856 31.002515
42 97 36.465200 49.076742 25.439897
71 86 26.517441 37.978364 44.723506
83 71 43.311241 37.164205 26.455122
52 2 48.731310 29.284081 35.818767
63 71 45.362051 36.933869 40.557665
35 97 38.748586 26.653528 34.013682
54 84 39.428417 38.828650 36.999950
85 90 44.676794 39.674355 48.157989
20 37 34.462724 43.010803 29.554898
87 86 44.460820 29.351257 37.216215
18 36 49.609018 45.339603 42.326603
0 13 25.857259 24.738634
0 2 26.786476 46.518813
1 9 45.764886 34.669872
1 4 28.326372 50.566788
2 11 25.527382 20.808652
2 10 44.492796 64.070274
2 3 41.768528 44.147480
4 12 34.065016 16.000000
4 5 37.000824 19.209373
5 6 43.027833 75.643903
7 12 31.949279 28.301943
7 11 40.343393 54.817880
7 9 30.110229 15.811388
8 12 41.267660 53.150729
8 10 40.854058 50.487622
10 12 41.012107 4.472136
