16 22 12222 1902 20
21 24 44.702334 28.207040 32.401878
48 36 25.791549 30.741631 46.023187
61 43 26.933947 47.059676 40.041457
20 65 41.850105 39.473082 29.579626
45 8 40.689133 40.971153 28.778128
62 16 40.301116 34.038021 25.855692
79 31 41.380588 31.194927 37.743522
37 37 46.398434 44.418575 30.582286
57 51 49.221952 34.906871 45.368718
28 71 43.226361 35.553803 41.746007
4 34 32.424038 43.760250 25.600033
12 12 40.029094 44.322372 31.403170
60 41 28.847322 36.827977 34.614631
98 82 35.114983 33.983437 41.572913
44 26 34.700571 44.273540 25.599591
75 47 47.429511 40.149547 43.557818
0 11 35.332703 15.000000
0 3 45.956418 41.012193
1 12 28.519663 13.000000
1 9 39.056973 40.311289
1 3 46.116138 40.311289
1 2 38.463304 14.764823
2 15 43.480006 14.560220
2 12 33.830168 2.236068
2 8 34.241514 8.944272
2 5 41.738286 27.018512
2 4 32.395146 38.483763
3 14 40.328016 45.793013
3 11 39.781192 53.600373
5 14 44.230354 20.591260
6 14 34.420911 35.355339
7 14 35.519446 13.038405
8 14 39.659320 28.178006
8 13 49.656352 51.400389
9 10 40.134144 44.102154
10 15 25.598637 72.180330
10 11 37.306691 23.409400
12 15 46.584470 16.155494
