10 10 12666 653 20
13 81 32.597584 26.901139 46.264668
80 78 48.460056 43.298477 39.178426
22 73 25.745998 32.689222 46.956898
85 16 35.021193 44.950191 30.585489
50 19 48.044059 36.690899 40.353589
8 50 45.668213 45.097096 44.685854
73 85 40.386797 28.647516 46.699326
71 58 35.587355 49.773388 46.713715
79 14 45.574993 41.293788 40.963357
79 82 37.607943 29.056161 32.441029
0 2 42.401172 12.041595
1 9 40.327921 4.123106
1 6 27.759075 9.899495
2 8 49.824321 82.036577
2 7 25.154241 51.244512
3 8 34.306221 6.324555
4 9 49.810412 69.354164
5 8 30.814559 79.605276
6 9 42.236267 6.708204
7 9 36.141750 25.298221
