17 23 13000 1690 20
67 59 49.375378 48.012908 43.801407
88 63 41.833715 27.082886 37.380762
30 29 41.707285 30.780084 39.129834
35 20 31.782458 43.714891 36.449747
48 64 33.296231 39.027869 49.213111
68 37 42.778705 31.210034 30.074956
95 50 27.854047 45.494051 38.984489
4 22 49.868219 30.735114 34.292116
17 8 28.941816 39.353779 37.689739
80 87 39.626425 49.083083 36.726589
99 85 33.242137 43.755563 39.969219
73 64 39.206061 38.423191 31.475646
5 9 27.046891 32.281369 44.910647
95 92 32.092704 44.138114 39.497880
12 12 42.798043 30.227657 30.326138
25 65 46.808548 41.513791 39.467192
32 54 27.181125 31.366365 30.411383
0 16 30.169010 35.355339
0 1 43.859647 21.377558
1 15 48.073054 63.031738
1 9 41.038131 25.298221
1 6 32.409111 14.764823
2 14 25.066466 24.758837
2 9 31.459038 76.576759
2 3 35.566836 10.295630
3 14 34.473073 24.351591
3 8 31.466199 21.633308
3 6 38.325692 67.082039
4 16 49.628006 18.867962
4 15 30.036253 23.021729
5 13 40.919049 61.269895
5 11 29.894206 27.459060
7 16 39.847063 42.520583
7 12 32.395736 13.038405
9 16 36.353985 58.249464
9 11 48.367759 24.041631
9 10 34.549772 19.104973
10 13 41.000185 8.062258
12 14 31.840794 7.615773
14 16 27.188580 46.518813
