9 11 12562 1154 20
34 60 2.432910 7.262668 9.313356
68 1 24.037171 20.848549 15.466376
84 62 12.041763 12.572857 7.078040
43 75 24.869294 24.977229 5.416190
39 61 8.502751 3.987163 21.537821
35 58 3.789785 18.973393 8.833654
36 66 8.695199 3.031195 16.364776
66 28 17.033842 6.840670 7.300598
48 43 5.503445 24.365629 15.577283
0 5 17.857410 2.236068
0 4 2.255609 5.099020
1 4 0.523505 66.640828
1 2 23.005148 63.063460
2 8 11.877655 40.706265
2 4 11.214299 45.011110
3 8 1.640953 32.388269
3 5 12.014154 18.788294
4 7 15.451850 42.638011
5 7 12.881583 43.139309
5 6 20.748265 8.062258
