9 11 13338 284 20
34 60 15.934459 16.213698 9.210823
68 1 4.253637 6.620707 4.144892
84 62 16.955851 0.414098 8.798056
43 75 8.165491 0.326780 14.549859
39 61 17.043543 22.207161 1.055658
35 58 23.386812 18.632555 13.662158
36 66 3.388627 22.150161 16.566371
66 28 14.762973 11.396159 22.291759
48 43 15.948764 6.283909 8.709836
0 5 13.189378 2.236068
0 4 11.235810 5.099020
1 4 17.520960 66.640828
1 2 4.321689 63.063460
2 8 5.931144 40.706265
2 4 22.370398 45.011110
3 8 15.798830 32.388269
3 5 9.701451 18.788294
4 7 14.042833 42.638011
5 7 20.899703 43.139309
5 6 11.299312 8.062258
