18 22 12777 1471 20
12 78 39.059054 28.898153 29.896901
14 27 38.563359 39.572545 25.620222
68 56 45.411150 40.468749 25.269869
56 30 45.796070 39.101404 35.723284
38 4 27.357490 49.082013 41.774575
72 74 42.732735 39.299680 40.124377
49 59 29.913084 27.175275 39.022354
45 62 37.035527 36.257305 49.816228
60 6 38.095558 27.486369 30.183137
71 18 47.655022 28.133681 41.641878
40 43 43.826567 38.152017 29.362921
75 69 33.085147 45.052078 30.543795
85 85 46.018422 32.583823 32.951890
99 51 43.382159 46.524235 37.533334
8 61 43.355073 33.470311 25.904334
70 85 26.656044 43.807598 37.268071
98 27 27.617796 39.010326 43.038482
41 40 45.776028 31.970476 31.759154
0 14 37.516927 17.464249
1 15 32.482952 80.622577
1 10 40.466979 30.528675
1 3 37.080816 42.107007
2 17 39.080992 31.384710
2 7 35.270165 23.769729
3 17 38.427844 18.027756
3 15 29.089003 56.753854
3 8 46.379653 24.331050
3 6 37.078867 29.832868
3 4 29.694784 31.622777
5 15 37.184866 11.180340
5 14 46.775046 65.306967
6 14 34.228235 41.048752
6 12 41.990681 44.407207
7 14 38.502263 37.013511
7 9 43.171505 51.107729
8 17 46.923875 38.948684
8 9 42.036764 16.278821
9 13 26.678728 43.278170
10 11 37.862672 43.600459
14 16 41.406862 96.208108
