13 17 12444 590 20
93 57 40.792059 37.406427 30.540813
41 71 30.687517 33.587192 31.622927
57 70 25.266091 38.187857 39.917391
91 58 35.947330 38.649480 37.208354
54 58 32.548387 26.176511 42.486272
38 57 26.706862 34.025187 38.137827
91 9 48.224347 48.704303 34.860605
79 51 44.099629 27.423156 39.044720
5 54 46.938069 35.022192 36.716653
16 79 48.475957 39.786980 46.883551
49 93 30.498547 29.691249 48.320834
37 14 46.637348 35.149744 46.840255
82 11 35.661326 30.709445 42.402018
0 12 37.241492 47.296934
0 5 37.607712 55.000000
0 3 27.800096 2.236068
0 2 47.880976 38.275318
0 1 49.294747 53.851648
1 10 29.889381 23.409400
1 3 49.544044 51.662365
3 7 27.086850 13.892444
3 6 30.096814 49.000000
4 9 26.560303 43.416587
4 7 46.900461 25.961510
5 7 32.796544 41.436699
6 12 40.669251 9.219544
7 10 39.499008 51.613952
8 9 37.094011 27.313001
9 10 43.744021 35.846897
11 12 33.744925 45.099889
