14 16 1375 644 20
12 12 27.868200 47.292119 35.781833
25 65 34.327125 27.927117 31.724412
32 54 38.584917 31.233006 45.708247
42 97 25.574458 35.439507 32.421873
71 86 36.789186 25.072976 27.175575
83 71 41.625441 39.183731 40.152157
52 2 48.672975 34.695919 36.321510
63 71 46.242744 33.954019 31.332436
35 97 45.379926 48.819421 47.241665
54 84 31.532661 40.318793 31.030299
85 90 33.195869 49.475032 46.720033
20 37 26.732685 28.145071 42.318047
87 86 26.269171 43.227351 49.656456
18 36 40.294266 29.473331 45.716293
0 13 25.551876 24.738634
0 2 47.674849 46.518813
1 9 25.803156 34.669872
1 4 39.093332 50.566788
2 11 36.430126 20.808652
2 10 45.808039 64.070274
2 3 49.026881 44.147480
4 12 48.212624 16.000000
4 5 33.208294 19.209373
5 6 44.902957 75.643903
7 12 47.213383 28.301943
7 11 30.711872 54.817880
7 9 39.793998 15.811388
8 12 31.685377 53.150729
8 10 25.514978 50.487622
10 12 38.452683 4.472136
