9 11 14352 1948 20
34 60 24.933742 10.569733 20.199776
68 1 11.363073 14.519747 7.236847
84 62 14.321641 22.183260 7.154481
43 75 24.530089 8.043818 23.625142
39 61 18.976094 1.445488 4.415696
35 58 2.566695 19.736136 7.358415
36 66 21.404810 9.841696 0.554284
66 28 20.655721 14.353602 11.770761
48 43 20.965993 9.009507 23.414096
0 5 9.214847 2.236068
0 4 24.198046 5.099020
1 4 20.908281 66.640828
1 2 8.677426 63.063460
2 8 1.654252 40.706265
2 4 20.165700 45.011110
3 8 11.651765 32.388269
3 5 2.125782 18.788294
4 7 19.391033 42.638011
5 7 10.392057 43.139309
5 6 3.180381 8.062258
