9 11 13363 1431 20
34 60 1.269831 5.229045 21.450100
68 1 23.218554 13.026043 1.757252
84 62 3.120044 21.216795 20.078167
43 75 13.226887 2.256324 22.436158
39 61 7.575412 6.735609 20.141883
35 58 13.557364 2.292654 11.902755
36 66 0.058555 16.672675 21.903569
66 28 4.636150 17.539611 13.170208
48 43 13.051675 6.703865 3.449656
0 5 11.234318 2.236068
0 4 4.355992 5.099020
1 4 5.218513 66.640828
1 2 20.691876 63.063460
2 8 16.852717 40.706265
2 4 15.277350 45.011110
3 8 22.228852 32.388269
3 5 7.434138 18.788294
4 7 3.587018 42.638011
5 7 17.435925 43.139309
5 6 15.137350 8.062258
