11 10 12333 1450 20
86 55 27.658586 30.660852 38.031935
78 84 44.275031 33.338620 25.340790
26 30 47.708929 25.402602 32.472354
88 39 26.925473 28.334102 32.643953
6 66 45.040397 44.820133 39.684371
58 57 28.359024 42.567965 29.535243
63 87 46.673643 41.739456 34.209116
78 66 43.300885 32.972622 31.176871
48 98 28.471929 43.610108 42.241798
95 45 36.721108 32.984203 25.559734
56 85 28.791847 41.195882 34.356611
0 9 38.033208 13.453624
0 5 31.311703 28.071338
1 8 30.551403 33.105891
2 9 39.181271 70.611614
2 4 42.444704 41.182521
2 3 37.119025 62.649820
4 8 41.047185 52.801515
6 9 47.217678 52.801515
6 7 27.638458 25.806976
8 10 31.264492 15.264338
