100 570
33 42 71.297355 96.507348 50.346688
99 19 85.287479 76.952040 69.931592
12 84 50.854460 82.607191 66.181504
68 84 73.477138 76.857902 97.205152
72 31 60.100649 99.698436 89.291491
49 76 90.694891 52.233821 99.729813
64 36 70.437627 54.804897 50.738482
80 33 67.490968 67.220484 90.398861
60 77 87.826886 50.380565 68.568224
93 65 63.541252 85.430666 97.154007
59 99 67.247404 99.996686 66.827317
89 51 86.262261 65.882136 93.706550
53 61 52.799404 80.279888 50.183716
79 31 50.730775 54.909999 71.133039
32 3 55.516920 92.852384 88.127931
69 98 94.926466 59.301986 57.322034
84 73 66.114848 81.421072 71.162485
99 45 65.122511 82.013513 71.162764
58 37 85.247226 82.732122 71.310604
48 47 74.784912 64.964213 78.750926
5 93 65.552834 99.867008 90.006678
94 22 77.043280 56.161482 60.552791
65 59 84.926606 89.059037 73.418717
3 55 86.583578 71.958186 77.626570
55 75 74.297361 61.314097 60.747062
34 60 54.529219 65.584638 92.495990
75 7 61.350697 80.041770 67.097723
59 6 53.375884 71.186880 63.824245
11 85 83.421897 89.103193 84.618833
89 56 96.356848 68.266232 80.289347
99 14 96.082429 90.053591 62.615895
19 78 98.487208 61.948009 96.221866
5 69 54.812199 90.790399 83.065892
43 90 88.132761 66.265689 65.295274
19 16 53.978061 53.612948 55.759525
6 34 95.555811 86.799379 86.607412
33 75 51.458434 85.506172 78.351256
7 30 94.620393 81.832982 71.643952
20 19 85.621705 56.616778 89.457009
56 75 83.129908 52.704209 97.996293
31 62 54.181934 51.233017 86.172645
30 4 80.972407 54.553019 59.240431
85 2 66.747126 63.553540 55.261755
13 42 72.855807 74.847519 81.211654
74 28 96.095071 59.812624 83.118111
81 22 78.920832 84.395340 66.905510
17 64 83.438527 69.024013 95.137578
75 74 82.658579 52.843298 59.699139
44 66 73.244285 93.114404 62.074891
58 77 80.626884 75.650215 65.518824
79 70 84.268407 70.977709 57.397865
95 26 69.256185 79.000317 57.559827
30 17 72.654357 75.799669 69.827992
1 76 53.917015 81.595562 58.216533
66 60 67.165976 78.316874 79.556337
72 35 77.499399 73.646978 76.126455
33 30 66.030637 60.850148 93.649355
8 61 89.585142 62.178443 74.418379
71 12 81.663589 53.471015 52.908631
47 68 98.096963 94.602942 79.763407
30 66 66.221240 53.389750 68.721235
67 16 98.764951 88.616934 76.974619
71 9 61.903708 75.452905 64.783183
17 10 94.213652 60.342071 69.256473
52 91 92.116304 84.516404 87.095361
20 57 60.914956 76.868527 93.613212
55 47 99.156369 54.395587 82.527423
82 24 58.110173 54.372507 82.736954
52 7 68.740653 98.054633 58.035589
48 38 72.185320 80.759429 78.174956
43 7 54.570457 83.945200 88.916357
31 37 56.506057 57.644976 67.542376
39 25 94.110005 66.028585 82.699692
23 51 69.839014 52.370214 84.496722
93 45 95.557450 80.784608 70.636134
17 23 59.202309 94.109763 74.270654
23 16 74.807141 72.643161 70.888493
58 11 85.705685 97.262606 53.197692
12 9 89.907459 90.838623 91.684441
41 55 60.340124 92.042058 90.690030
58 71 95.498766 52.770385 79.461394
56 47 87.507110 72.784118 83.616450
5 21 94.659595 60.803807 86.620047
10 48 60.844012 68.261367 56.190479
74 7 64.321079 92.587763 88.802601
63 40 89.630208 55.670774 60.572168
29 3 63.691087 66.549011 99.283150
64 21 59.012523 72.745650 79.580490
49 53 63.467204 76.101649 87.744850
36 90 87.590249 72.635221 96.480527
63 68 68.439410 94.401791 79.570047
17 47 95.802213 67.960876 63.704345
90 78 93.717596 95.495810 79.402811
69 4 62.449154 66.365463 73.307271
55 51 59.097695 75.992890 93.568628
73 33 72.929427 95.786126 70.784953
56 49 77.903233 60.501083 51.035532
46 31 87.831518 69.599143 54.935863
83 44 62.153597 50.212811 57.063718
4 57 84.560223 56.387388 54.865037
0 96 81.822325 24.041631
0 90 94.385957 39.698866
0 82 97.068512 35.000000
0 71 73.334429 5.385165
0 70 86.602219 36.400549
0 69 88.139772 15.524175
0 61 76.708201 42.801869
0 59 61.021574 29.529646
0 49 53.646518 43.011626
0 37 82.130718 28.635642
0 22 51.845104 36.235342
1 84 58.092286 27.730849
1 77 66.868218 41.773197
1 74 58.702920 26.683328
1 72 76.211155 60.299254
1 56 82.523477 66.910388
1 51 86.849235 8.062258
1 42 95.639810 22.022716
1 21 78.297012 5.830952
1 11 52.019167 33.526109
2 96 64.384418 56.222771
2 73 86.349429 34.785054
2 66 61.787654 56.727418
2 65 88.821696 28.160256
2 58 91.163431 93.085982
2 20 56.390794 11.401754
3 96 70.185940 37.000000
3 94 72.271771 35.468296
3 90 88.829496 16.763055
3 89 54.777255 32.557641
3 73 74.736114 55.803226
3 66 96.731510 39.217343
3 59 90.724843 26.400758
3 50 80.001878 17.804494
3 25 81.113362 41.617304
3 16 64.593795 19.416488
3 6 85.497320 48.166378
4 88 85.221023 31.827661
4 87 61.407228 12.806248
4 85 74.197867 12.727922
4 77 95.157622 24.413111
4 66 95.611001 23.345235
4 65 60.264622 58.137767
4 62 64.222447 22.022716
4 50 59.592361 39.623226
4 26 50.394656 24.186773
4 22 71.934713 28.861739
4 7 88.319304 8.246211
4 6 77.710158 9.433981
5 93 78.661834 74.726167
5 79 52.189510 22.472205
5 39 66.274111 7.071068
5 35 53.911330 60.108236
5 31 67.959079 30.066593
5 24 83.761819 6.082763
5 16 95.219861 35.128336
5 12 92.001674 15.524175
5 8 71.776911 11.045361
5 7 58.392737 53.009433
6 98 86.860537 20.615528
6 85 84.495297 4.123106
6 73 71.332705 43.657760
6 72 96.615518 27.313001
6 69 52.779352 16.124515
6 61 92.472219 20.223748
6 58 68.749321 25.000000
6 56 92.115792 31.575307
6 55 55.733416 8.062258
6 54 51.368475 24.083189
6 50 73.295299 37.161808
6 45 80.318478 22.022716
6 42 64.920546 39.962482
6 36 98.419794 49.819675
6 22 99.873269 23.021729
6 7 81.759154 16.278821
7 95 51.560164 7.000000
7 93 98.088433 31.016125
7 77 90.197691 31.112698
7 74 94.483244 17.691806
7 55 95.388233 8.246211
7 54 73.239606 30.413813
7 44 64.067450 7.810250
7 37 72.562892 73.061618
7 27 50.277830 34.205263
7 25 60.674607 53.338541
7 24 56.012525 48.877398
7 10 66.288991 69.260378
8 98 96.981014 40.224371
8 90 56.873351 9.486833
8 88 73.808005 26.400758
8 80 83.441527 6.324555
8 60 56.201207 31.953091
8 59 77.275465 15.811388
8 55 87.498313 43.680659
8 39 63.660052 4.472136
8 36 84.155806 27.073973
9 85 62.650490 39.051248
9 79 82.668795 52.952809
9 60 65.595092 63.007936
9 55 74.805140 36.619667
9 28 55.350863 84.403791
9 12 69.680976 40.199502
9 11 75.733392 14.560220
9 10 65.789804 48.083261
10 83 77.923865 70.724819
10 80 99.760020 28.017851
10 65 82.789055 57.314920
10 64 65.884658 10.630146
10 59 61.839259 33.241540
10 49 56.844675 22.022716
10 28 78.341014 50.000000
10 22 67.116589 40.447497
10 16 64.674103 36.069378
11 92 51.794672 27.018512
11 81 70.894103 33.241540
11 61 58.502258 41.340053
11 53 72.423040 91.482239
11 50 80.524449 21.470911
11 49 73.349341 40.459857
11 48 50.069521 47.434165
11 29 81.172737 5.000000
11 26 96.168639 46.173586
11 24 81.183023 41.617304
11 19 52.078484 41.194660
11 17 68.114036 11.661904
12 80 78.929645 11.180340
12 59 59.030768 9.219544
12 32 90.640307 48.662100
12 28 74.458274 48.373546
12 22 92.370658 12.165525
13 96 80.498171 29.206164
13 95 92.353873 6.324555
13 90 85.402814 40.311289
13 87 86.515043 18.027756
13 74 59.778941 19.798990
13 70 90.405161 43.266615
13 67 82.886315 7.615773
13 62 89.383049 23.409400
13 59 76.266986 48.918299
13 55 71.039194 8.062258
13 51 65.716710 16.763055
13 48 60.123034 49.497475
13 45 78.843081 9.219544
13 26 71.956066 24.331050
14 82 54.003228 32.449961
14 70 64.419401 11.704700
14 68 54.282888 20.396078
14 65 60.326920 55.317267
14 63 55.214692 16.552945
14 61 51.294566 37.336309
14 44 52.627813 48.877398
14 18 52.584937 42.801869
15 86 54.814695 103.077641
15 79 72.426983 51.312766
15 50 96.604268 29.732137
15 49 96.766453 23.706539
15 48 58.066042 40.607881
15 40 80.232355 52.345009
15 36 62.135655 42.720019
16 90 60.956555 21.587033
16 80 63.272900 26.076810
16 74 88.345405 29.410882
16 60 54.784465 54.451814
16 59 85.988751 37.336309
16 54 74.922712 22.203603
16 50 69.889746 5.830952
16 40 72.748403 54.129474
16 39 70.232262 28.071338
16 29 77.057633 17.720045
17 96 55.743595 43.185646
17 92 91.820254 34.205263
17 85 85.488835 36.345564
17 74 74.664423 6.000000
17 45 91.916277 29.206164
17 30 96.004741 31.000000
18 97 90.389241 13.416408
18 96 51.219048 12.165525
18 94 68.464860 14.317821
18 92 68.644933 52.009614
18 81 71.258199 10.198039
18 79 60.715417 24.758837
18 77 60.597764 26.000000
18 59 62.007420 32.893768
18 56 58.493052 25.961510
18 55 97.521565 14.142136
18 41 81.349753 43.278170
18 40 95.879516 36.796739
18 36 51.408380 45.486262
18 28 53.409332 67.178866
18 20 60.505034 77.103826
19 98 85.146877 35.128336
19 97 74.357702 16.124515
19 95 91.261259 28.653098
19 94 77.650338 8.062258
19 88 50.289510 6.082763
19 40 96.231372 22.671568
19 37 51.586913 44.384682
19 36 62.288627 31.764760
19 35 65.619819 43.965896
19 27 94.023842 42.449971
19 24 77.060034 28.861739
19 22 55.166870 20.808652
20 73 99.313148 45.694639
20 58 91.426324 104.484449
20 53 69.026703 17.464249
20 40 53.808250 40.459857
20 32 94.127671 24.000000
20 25 51.579912 43.931765
20 22 95.201481 68.963759
21 98 63.353023 24.596748
21 95 73.305002 23.706539
21 74 89.887809 23.021729
21 61 55.851026 27.658633
21 58 55.778115 25.079872
21 45 86.108895 13.000000
21 44 80.739482 20.880613
21 42 75.647758 21.931712
21 38 90.543936 74.060786
21 30 88.474008 9.433981
21 29 67.508667 34.365681
22 91 72.093625 49.477268
22 90 84.907997 9.219544
22 80 87.269203 13.892444
22 79 55.170385 24.331050
22 74 58.836823 31.304952
22 73 61.064869 42.755117
22 70 50.081849 56.462377
23 99 61.271955 2.236068
23 96 77.185672 53.338541
23 94 76.262814 52.153619
23 89 56.337505 48.104054
23 78 84.616928 46.872167
23 75 88.046160 34.928498
23 71 73.975164 33.286634
23 70 50.924281 62.481997
23 56 68.876307 39.051248
23 38 96.833527 39.812058
23 34 58.086125 42.154478
23 31 77.343766 28.017851
23 25 54.511717 31.400637
24 82 85.121757 73.593478
24 65 52.881964 39.357337
24 58 94.572501 65.000000
24 56 78.882856 50.089919
24 48 77.870076 14.212670
24 47 64.164832 20.024984
24 39 52.783285 1.000000
24 36 52.395041 22.000000
24 33 96.317733 19.209373
24 31 97.230437 36.124784
25 85 64.646743 35.227830
25 81 94.043039 25.553865
25 66 58.078250 24.698178
25 60 85.282720 7.211103
25 49 99.377249 29.410882
25 33 67.184178 31.320920
25 32 95.962675 30.364453
25 28 92.575802 33.970576
26 96 68.748157 46.097722
26 93 72.177682 6.708204
26 88 97.593931 52.839379
26 86 67.138154 46.173586
26 85 86.929002 35.114100
26 75 55.550583 60.166436
26 68 69.726255 23.000000
26 56 69.226578 47.885280
26 42 93.392219 11.180340
26 38 63.858311 56.293872
26 29 59.932911 50.960769
26 27 95.442322 16.031220
27 93 56.342123 10.198039
27 84 95.490919 15.033296
27 77 90.258002 5.099020
27 75 93.544792 45.310043
27 72 71.220602 27.586228
27 68 55.504042 7.071068
28 99 53.518660 28.861739
28 97 60.765350 64.350602
28 81 63.674658 58.898217
28 53 67.017755 13.453624
28 46 84.644745 21.840330
28 34 77.271105 69.462220
28 31 62.647598 10.630146
29 99 75.293734 85.005882
29 98 96.156604 13.416408
29 97 94.015879 49.739320
29 96 98.414699 33.734256
29 95 74.725422 28.017851
29 94 96.480172 34.365681
29 84 51.978954 51.244512
29 77 58.592360 54.644304
29 72 58.936277 58.830264
29 65 53.336594 69.007246
29 39 61.290478 38.078866
29 38 54.803229 78.294317
30 98 64.592757 34.000000
30 94 69.287265 57.489129
30 77 68.351553 41.109610
30 70 61.370647 56.435804
30 61 97.984340 32.062439
31 96 80.169207 47.010637
31 77 66.766665 77.524190
31 65 84.344460 21.023796
31 60 68.748192 16.278821
31 58 74.859929 84.023806
31 36 59.553205 14.317821
31 35 51.329506 45.880279
32 89 91.489706 37.443290
32 74 91.849833 91.214034
32 73 89.918536 25.455844
32 65 87.068747 19.209373
32 57 58.701141 8.544004
33 79 87.195866 35.057096
33 65 61.133472 40.224371
33 48 91.382607 24.020824
33 39 80.329813 19.849433
34 75 58.474907 7.280110
34 72 56.805884 21.931712
34 67 67.984040 63.505905
34 63 63.089941 6.324555
34 49 76.674445 72.401657
34 46 73.597572 48.041649
34 40 64.660572 47.539457
34 38 71.460967 3.162278
34 35 64.750712 22.203603
35 83 86.835087 14.560220
35 79 55.028814 40.816663
35 75 96.921525 15.556349
35 73 60.345465 24.041631
35 60 80.004040 40.000000
35 57 89.884381 27.073973
35 55 71.694516 66.007575
35 51 98.131602 89.358827
36 90 99.404779 30.805844
36 64 69.194703 24.839485
36 59 81.540126 15.652476
36 57 56.736595 28.653098
36 48 90.961633 14.212670
36 39 73.152835 23.000000
37 88 87.211358 47.885280
37 79 83.130660 42.201896
37 73 50.434185 26.400758
37 70 89.995635 42.720019
37 68 79.177284 50.537115
37 67 55.646589 75.239617
37 63 85.207016 22.360680
37 56 74.634163 26.000000
37 54 71.336752 66.189123
38 90 75.698294 65.192024
38 83 99.511749 30.675723
38 82 91.574133 15.132746
38 78 66.005748 12.806248
38 75 82.140556 5.000000
38 72 68.575646 19.924859
38 68 82.548899 34.176015
38 63 89.450362 9.486833
38 49 83.233037 69.339743
38 41 53.924469 18.027756
39 97 90.724050 45.122057
39 90 79.848629 9.899495
39 89 72.076997 25.000000
39 81 77.889361 28.000000
39 80 71.931726 4.472136
39 56 62.685870 50.537115
39 55 65.370616 43.081318
39 48 69.307407 15.000000
39 47 86.829830 19.026298
40 73 54.813307 13.601471
40 65 76.036537 12.083046
40 60 69.281230 4.123106
40 58 79.270358 64.031242
40 57 99.025868 23.021729
41 91 63.984509 44.922155
41 88 54.578585 52.554733
41 86 98.290848 1.414214
41 83 58.043269 48.332184
41 78 76.767268 18.681542
41 61 55.161341 38.897301
41 55 61.796388 52.201533
42 84 64.811131 12.083046
42 80 85.843158 74.094534
42 64 70.093514 94.921020
42 58 93.155855 17.204651
43 91 68.146601 6.403124
43 87 54.430685 55.154329
43 82 90.538958 22.472205
43 75 73.077003 19.416488
43 66 75.583880 42.296572
43 65 65.468653 16.552945
44 95 74.396376 5.099020
44 80 77.156189 45.880279
44 79 90.094255 42.638011
44 77 80.856869 23.345235
44 76 77.704386 52.392748
44 68 55.786682 30.413813
44 67 89.022733 8.944272
44 61 77.087704 13.892444
44 58 75.982471 16.278821
44 55 76.405339 7.280110
45 92 74.201539 56.718604
45 84 77.005431 16.552945
45 77 75.614311 25.495098
45 70 74.322020 40.853396
45 67 68.320489 2.236068
45 51 66.525366 14.560220
46 79 84.566227 25.632011
46 59 86.543734 30.265492
46 53 98.844835 20.000000
47 61 61.219213 58.549125
47 56 97.845496 60.827625
47 55 97.278064 39.115214
47 54 70.914941 16.643317
47 50 67.419544 5.656854
48 91 54.300717 33.015148
48 77 78.487660 56.753854
48 72 76.073816 41.303753
48 57 60.563415 36.345564
48 55 61.636635 41.773197
49 89 86.625208 25.553865
49 80 74.947022 6.000000
49 70 92.597893 71.589105
49 64 87.083692 15.231546
50 92 94.515590 13.601471
50 73 54.726477 59.135438
50 54 83.131523 16.401219
50 51 97.610151 46.818800
51 88 98.302315 53.338541
51 75 52.662103 78.057671
51 59 72.161246 63.780875
51 55 58.838949 24.698178
52 85 79.208469 40.224371
52 78 64.907521 19.697716
52 76 82.751085 7.071068
52 72 74.409898 12.041595
52 66 65.745093 39.051248
52 58 87.932759 41.303753
52 57 89.978523 49.193496
53 98 69.167229 88.022724
53 85 96.226700 71.693793
53 65 98.128128 26.870058
53 57 78.057723 16.552945
54 96 91.889712 14.866069
54 80 96.501720 13.601471
54 69 62.523427 28.425341
54 59 61.693470 20.615528
54 58 73.547981 48.259714
54 57 99.908481 58.008620
55 98 51.593966 14.212670
55 93 95.003874 31.144823
55 74 59.793659 23.259407
55 69 79.298140 24.186773
56 85 54.429977 31.622777
56 84 81.024327 47.010637
56 80 74.545551 48.020829
56 75 57.380532 17.464249
56 66 74.735344 27.802878
57 69 71.882567 46.141088
57 65 60.557027 12.649111
57 64 83.407814 53.254108
58 97 65.763094 31.400637
58 83 88.591590 70.830784
58 62 59.822490 3.000000
59 97 67.610817 37.013511
59 95 61.267631 43.600459
59 88 85.749709 15.132746
59 74 76.119791 51.429563
59 69 85.040106 30.016662
59 67 67.962081 56.222771
59 66 68.985211 22.472205
59 62 75.299052 63.694584
60 95 58.813274 54.203321
60 91 72.276852 23.021729
60 90 97.426345 33.060551
60 89 99.362138 24.738634
60 82 76.580004 51.478151
60 80 51.081129 28.442925
60 76 87.059586 50.487622
61 87 97.516940 5.830952
61 77 92.217241 10.295630
61 69 55.861837 29.068884
62 82 75.544008 67.082039
63 78 71.650670 5.099020
63 71 74.612571 30.413813
64 81 75.361861 44.181444
65 83 94.139685 13.453624
65 79 75.542489 21.095023
65 78 53.016981 48.662100
65 73 64.836610 6.708204
66 90 79.417987 22.472205
66 87 80.353102 27.513633
66 85 91.034660 10.630146
66 81 99.124943 1.000000
66 67 84.400302 35.468296
67 97 95.807511 36.674242
67 95 96.492330 12.727922
67 86 72.681044 57.008771
67 80 64.319325 52.773099
67 72 91.829176 43.011626
68 87 76.986264 18.439089
68 86 90.034086 23.345235
68 85 71.518562 34.785054
68 75 76.514095 38.483763
69 97 52.393545 7.280110
69 96 53.619405 13.601471
69 95 97.599316 25.495098
69 94 85.825991 14.764823
69 83 61.968620 39.293765
69 76 57.404207 33.301652
69 73 76.366650 28.178006
69 72 67.271733 15.811388
70 93 97.660576 26.172505
70 85 93.308305 38.587563
70 84 73.174011 31.000000
70 82 84.166527 40.496913
70 77 85.248262 15.524175
71 97 86.619069 16.155494
71 94 57.207749 27.784888
71 87 81.319966 36.674242
71 86 65.627807 34.058773
72 85 55.737579 28.301943
72 81 77.469178 27.802878
73 93 53.630957 65.764732
73 92 88.949322 72.235725
73 83 79.864383 13.341664
73 81 80.763304 33.241540
74 98 53.625289 10.049876
74 96 96.541700 37.215588
74 94 87.006630 38.470768
74 84 75.006556 42.485292
75 92 92.848162 91.400219
75 91 68.676771 24.000000
75 82 98.038632 12.165525
76 94 79.900686 47.423623
76 83 95.791060 34.539832
76 82 65.722249 18.681542
76 77 75.863823 35.355339
77 80 93.009372 60.000000
78 83 71.211847 39.051248
79 97 65.168994 24.515301
79 96 72.677870 16.155494
79 91 81.292962 25.298221
79 88 97.209571 8.246211
79 85 87.125015 26.627054
80 96 54.172529 22.090722
80 95 81.792735 40.853396
80 87 67.630216 50.358713
81 97 56.665586 18.867962
81 96 67.825912 2.000000
81 94 71.811048 4.123106
82 85 92.424368 61.032778
83 96 72.032760 46.010868
83 91 73.601019 7.071068
84 95 86.679465 26.019224
85 98 71.568433 20.396078
85 97 67.353456 19.235384
85 95 67.623947 12.206556
85 92 63.210948 46.615448
86 99 68.445798 59.506302
86 94 54.061892 54.589376
87 93 88.456116 17.720045
88 96 87.686414 8.062258
90 98 74.898141 31.240999
90 97 78.652627 40.718546
90 96 92.525475 20.248457
91 94 75.512300 38.209946
92 98 51.475748 34.713110
92 95 52.688435 48.104054
93 98 53.199609 42.379240
94 96 79.760205 2.236068
94 95 77.390121 25.455844
